%No., CH1, CH2, CH3, CH4, Accel X, Accel Y, Accel Z, 2017-05-31_10-59-49
0, 7.14, 0.00, 3.03, 4.47, 0.000, 0.000, 0.000, 10:59:54.572
1, 9.32, 0.00, 9.86, 12.82, 0.000, 0.000, 0.000, 10:59:54.663
2, 18.94, 0.00, 24.35, 26.90, 0.000, 0.000, 0.000, 10:59:54.665
3, 11.22, 0.00, 20.67, 19.07, 0.000, 0.000, 0.000, 10:59:54.669
4, 4.83, 0.00, 4.50, 9.72, 0.000, 0.000, 0.000, 10:59:54.670
5, 5.18, 0.00, 8.59, 11.06, 0.000, 0.000, 0.000, 10:59:54.673
6, 20.71, 0.00, 20.60, 29.49, 0.000, 0.000, 0.000, 10:59:54.675
7, 13.11, 0.00, 17.58, 20.29, 0.000, 0.000, 0.000, 10:59:54.676
8, 6.89, 0.00, 12.55, 8.98, 0.000, 0.000, 0.000, 10:59:54.676
9, 6.03, 0.00, 11.41, 12.53, 0.000, 0.000, 0.000, 10:59:54.677
10, 20.92, 0.00, 24.92, 25.61, 0.000, 0.000, 0.000, 10:59:54.678
11, 19.83, 0.00, 18.91, 23.79, 0.000, 0.000, 0.000, 10:59:54.679
12, 6.38, 0.00, 9.62, 8.18, 0.000, 0.000, 0.000, 10:59:54.679
13, 7.68, 0.00, 11.22, 14.82, 0.000, 0.000, 0.000, 10:59:54.680
14, 17.25, 0.00, 27.81, 25.46, 0.000, 0.000, 0.000, 10:59:54.681
15, 20.13, 0.00, 19.80, 24.63, 0.000, 0.000, 0.000, 10:59:54.681
16, 4.58, 0.00, 5.46, 10.13, 0.000, 0.000, 0.000, 10:59:54.682
17, 7.74, 0.00, 6.56, 12.56, 0.000, 0.000, 0.000, 10:59:54.682
18, 19.00, 0.00, 28.05, 27.50, 0.000, 0.000, 0.000, 10:59:54.683
19, 18.49, 0.00, 17.67, 26.21, 0.000, 0.000, 0.000, 10:59:54.684
20, 7.50, 0.00, 8.59, 10.99, 0.000, 0.000, 0.000, 10:59:54.685
21, 8.64, 0.00, 6.65, 9.76, 0.000, 0.000, 0.000, 10:59:54.689
22, 20.50, 0.00, 23.88, 25.65, 0.000, 0.000, 0.000, 10:59:54.690
23, 13.12, 0.00, 19.38, 22.15, 0.000, 0.000, 0.000, 10:59:54.690
24, 0.33, 0.00, -5.37, 8.11, 0.000, 0.000, 0.000, 10:59:54.691
25, 6.05, 0.00, 8.52, 9.67, 0.000, 0.000, 0.000, 10:59:54.709
26, 19.98, 0.00, 33.63, 27.61, 0.000, 0.000, 0.000, 10:59:54.709
27, 15.18, 0.00, 28.12, 19.91, 0.000, 0.000, 0.000, 10:59:54.721
28, 2.17, 0.00, 3.77, 9.02, 0.000, 0.000, 0.000, 10:59:54.722
29, 8.62, 0.00, 13.04, 15.31, 0.000, 0.000, 0.000, 10:59:54.728
30, 21.23, 0.00, 33.39, 26.27, 0.000, 0.000, 0.000, 10:59:54.729
31, 18.26, 0.00, 17.45, 23.97, 0.000, 0.000, 0.000, 10:59:54.734
32, 7.24, 0.00, -0.84, 8.49, 0.000, 0.000, 0.000, 10:59:54.737
33, 8.07, 0.00, 6.70, 8.71, 0.000, 0.000, 0.000, 10:59:54.750
34, 19.09, 0.00, 25.05, 26.88, 0.000, 0.000, 0.000, 10:59:54.751
35, 19.80, 0.00, 21.13, 22.71, 0.000, 0.000, 0.000, 10:59:54.752
36, 5.82, 0.00, 8.31, 4.30, 0.000, 0.000, 0.000, 10:59:54.752
37, 6.50, 0.00, 8.04, 10.51, 0.000, 0.000, 0.000, 10:59:54.765
38, 16.20, 0.00, 26.23, 22.12, 0.000, 0.000, 0.000, 10:59:54.765
39, 16.60, 0.00, 20.07, 25.35, 0.000, 0.000, 0.000, 10:59:54.779
40, 4.14, 0.00, 2.61, 5.86, 0.000, 0.000, 0.000, 10:59:54.780
41, 8.34, 0.00, 9.86, 9.67, 0.000, 0.000, 0.000, 10:59:54.780
42, 15.86, 0.00, 22.24, 25.77, 0.000, 0.000, 0.000, 10:59:54.781
43, 13.54, 0.00, 26.41, 26.18, 0.000, 0.000, 0.000, 10:59:54.796
44, 4.58, 0.00, 4.30, 10.72, 0.000, 0.000, 0.000, 10:59:54.797
45, 4.01, 0.00, 7.65, 11.57, 0.000, 0.000, 0.000, 10:59:54.810
46, 17.18, 0.00, 35.07, 25.71, 0.000, 0.000, 0.000, 10:59:54.810
47, 13.18, 0.00, 26.06, 23.03, 0.000, 0.000, 0.000, 10:59:54.810
48, 2.79, 0.00, 3.20, 5.22, 0.000, 0.000, 0.000, 10:59:54.811
49, 6.89, 0.00, 14.61, 7.70, 0.000, 0.000, 0.000, 10:59:54.827
50, 19.63, 0.00, 24.40, 26.32, 0.000, 0.000, 0.000, 10:59:54.827
51, 14.13, 0.00, 10.36, 22.08, 0.000, 0.000, 0.000, 10:59:54.840
52, 9.85, 0.00, 1.81, 7.93, 0.000, 0.000, 0.000, 10:59:54.840
53, 6.43, 0.00, 11.66, 12.95, 0.000, 0.000, 0.000, 10:59:54.841
54, 20.47, 0.00, 35.05, 27.73, 0.000, 0.000, 0.000, 10:59:54.841
55, 20.78, 0.00, 24.50, 24.21, 0.000, 0.000, 0.000, 10:59:54.856
56, 6.40, 0.00, 2.31, 12.28, 0.000, 0.000, 0.000, 10:59:54.859
57, 7.24, 0.00, 14.41, 8.65, 0.000, 0.000, 0.000, 10:59:54.871
58, 18.49, 0.00, 26.53, 25.65, 0.000, 0.000, 0.000, 10:59:54.872
59, 20.77, 0.00, 13.42, 22.02, 0.000, 0.000, 0.000, 10:59:54.872
60, 8.81, 0.00, 6.34, 10.05, 0.000, 0.000, 0.000, 10:59:54.873
61, 8.24, 0.00, 6.37, 14.63, 0.000, 0.000, 0.000, 10:59:54.885
62, 18.81, 0.00, 30.44, 24.62, 0.000, 0.000, 0.000, 10:59:54.887
63, 15.29, 0.00, 28.67, 22.13, 0.000, 0.000, 0.000, 10:59:54.900
64, 5.29, 0.00, 0.88, 9.32, 0.000, 0.000, 0.000, 10:59:54.901
65, 6.54, 0.00, 7.73, 11.24, 0.000, 0.000, 0.000, 10:59:54.901
66, 18.89, 0.00, 22.49, 25.90, 0.000, 0.000, 0.000, 10:59:54.902
67, 15.17, 0.00, 17.72, 20.46, 0.000, 0.000, 0.000, 10:59:54.915
68, 1.53, 0.00, 4.26, 7.71, 0.000, 0.000, 0.000, 10:59:54.915
69, 9.74, 0.00, 3.03, 13.07, 0.000, 0.000, 0.000, 10:59:54.930
70, 20.11, 0.00, 23.66, 23.10, 0.000, 0.000, 0.000, 10:59:54.931
71, 12.98, 0.00, 19.46, 23.18, 0.000, 0.000, 0.000, 10:59:54.931
72, 3.04, 0.00, 6.16, 6.80, 0.000, 0.000, 0.000, 10:59:54.931
73, 10.30, 0.00, 7.05, 13.18, 0.000, 0.000, 0.000, 10:59:54.951
74, 18.82, 0.00, 26.12, 24.85, 0.000, 0.000, 0.000, 10:59:54.954
75, 17.48, 0.00, 22.03, 21.75, 0.000, 0.000, 0.000, 10:59:54.961
76, 3.58, 0.00, 5.33, 8.83, 0.000, 0.000, 0.000, 10:59:54.962
77, 7.26, 0.00, 5.85, 12.16, 0.000, 0.000, 0.000, 10:59:54.962
78, 20.42, 0.00, 21.27, 23.69, 0.000, 0.000, 0.000, 10:59:54.962
79, 16.17, 0.00, 22.86, 25.27, 0.000, 0.000, 0.000, 10:59:54.976
80, 4.55, 0.00, 7.09, 8.62, 0.000, 0.000, 0.000, 10:59:54.977
81, 10.02, 0.00, 7.31, 15.31, 0.000, 0.000, 0.000, 10:59:54.990
82, 23.00, 0.00, 24.53, 23.06, 0.000, 0.000, 0.000, 10:59:54.990
83, 18.75, 0.00, 15.83, 22.85, 0.000, 0.000, 0.000, 10:59:54.995
84, 8.97, 0.00, 8.82, 9.38, 0.000, 0.000, 0.000, 10:59:54.995
85, 1.77, 0.00, 10.75, 12.20, 0.000, 0.000, 0.000, 10:59:55.006
86, 14.46, 0.00, 24.14, 30.13, 0.000, 0.000, 0.000, 10:59:55.006
87, 14.70, 0.00, 21.90, 17.05, 0.000, 0.000, 0.000, 10:59:55.020
88, 6.41, 0.00, 14.28, 11.75, 0.000, 0.000, 0.000, 10:59:55.021
89, 5.45, 0.00, 5.52, 10.19, 0.000, 0.000, 0.000, 10:59:55.027
90, 23.04, 0.00, 22.34, 27.59, 0.000, 0.000, 0.000, 10:59:55.028
91, 20.73, 0.00, 22.79, 23.85, 0.000, 0.000, 0.000, 10:59:55.036
92, 6.27, 0.00, 3.06, 5.68, 0.000, 0.000, 0.000, 10:59:55.036
93, 9.89, 0.00, 9.58, 11.69, 0.000, 0.000, 0.000, 10:59:55.050
94, 18.13, 0.00, 17.21, 23.62, 0.000, 0.000, 0.000, 10:59:55.051
95, 16.46, 0.00, 17.10, 21.74, 0.000, 0.000, 0.000, 10:59:55.051
96, 9.08, 0.00, 8.80, 9.95, 0.000, 0.000, 0.000, 10:59:55.051
97, 7.52, 0.00, 9.98, 16.09, 0.000, 0.000, 0.000, 10:59:55.065
98, 14.15, 0.00, 27.59, 27.32, 0.000, 0.000, 0.000, 10:59:55.065
99, 13.47, 0.00, 21.51, 20.75, 0.000, 0.000, 0.000, 10:59:55.080
100, 4.00, 0.00, 8.55, 5.62, 0.000, 0.000, 0.000, 10:59:55.080
101, 9.16, 0.00, 9.54, 10.89, 0.000, 0.000, 0.000, 10:59:55.081
102, 17.31, 0.00, 26.47, 23.53, 0.000, 0.000, 0.000, 10:59:55.081
103, 15.40, 0.00, 18.93, 24.16, 0.000, 0.000, 0.000, 10:59:55.095
104, 2.98, 0.00, 0.52, 5.31, 0.000, 0.000, 0.000, 10:59:55.096
105, 8.47, 0.00, 7.41, 15.85, 0.000, 0.000, 0.000, 10:59:55.111
106, 17.11, 0.00, 24.55, 24.85, 0.000, 0.000, 0.000, 10:59:55.111
107, 16.78, 0.00, 19.68, 22.26, 0.000, 0.000, 0.000, 10:59:55.112
108, 4.04, 0.00, 6.31, 12.37, 0.000, 0.000, 0.000, 10:59:55.112
109, 9.79, 0.00, 10.05, 15.74, 0.000, 0.000, 0.000, 10:59:55.127
110, 18.49, 0.00, 24.69, 26.36, 0.000, 0.000, 0.000, 10:59:55.127
111, 18.20, 0.00, 22.78, 20.61, 0.000, 0.000, 0.000, 10:59:55.222
112, 3.55, 0.00, 2.76, 7.88, 0.000, 0.000, 0.000, 10:59:55.226
113, 11.79, 0.00, 9.09, 9.21, 0.000, 0.000, 0.000, 10:59:55.226
114, 18.05, 0.00, 26.35, 25.76, 0.000, 0.000, 0.000, 10:59:55.227
115, 16.95, 0.00, 17.61, 25.68, 0.000, 0.000, 0.000, 10:59:55.228
116, 6.23, 0.00, 1.92, 13.71, 0.000, 0.000, 0.000, 10:59:55.229
117, 10.03, 0.00, 17.01, 8.87, 0.000, 0.000, 0.000, 10:59:55.229
118, 21.03, 0.00, 24.80, 23.05, 0.000, 0.000, 0.000, 10:59:55.229
119, 19.35, 0.00, 20.94, 25.48, 0.000, 0.000, 0.000, 10:59:55.230
120, 5.48, 0.00, 7.29, 10.14, 0.000, 0.000, 0.000, 10:59:55.230
121, 9.37, 0.00, 7.99, 12.43, 0.000, 0.000, 0.000, 10:59:55.231
122, 14.78, 0.00, 22.13, 22.24, 0.000, 0.000, 0.000, 10:59:55.232
123, 15.66, 0.00, 16.11, 21.08, 0.000, 0.000, 0.000, 10:59:55.232
124, 6.72, 0.00, 14.66, 9.23, 0.000, 0.000, 0.000, 10:59:55.240
125, 5.11, 0.00, 9.45, 13.72, 0.000, 0.000, 0.000, 10:59:55.244
126, 17.24, 0.00, 23.27, 25.94, 0.000, 0.000, 0.000, 10:59:55.244
127, 18.71, 0.00, 20.75, 24.77, 0.000, 0.000, 0.000, 10:59:55.248
128, 8.01, 0.00, 8.78, 8.75, 0.000, 0.000, 0.000, 10:59:55.249
129, 7.61, 0.00, 10.07, 12.94, 0.000, 0.000, 0.000, 10:59:55.249
130, 17.94, 0.00, 23.10, 26.51, 0.000, 0.000, 0.000, 10:59:55.249
131, 17.68, 0.00, 22.96, 24.76, 0.000, 0.000, 0.000, 10:59:55.251
132, 7.65, 0.00, 4.80, 10.14, 0.000, 0.000, 0.000, 10:59:55.253
133, 8.16, 0.00, 12.94, 12.82, 0.000, 0.000, 0.000, 10:59:55.254
134, 17.68, 0.00, 26.00, 27.65, 0.000, 0.000, 0.000, 10:59:55.254
135, 15.29, 0.00, 17.78, 19.78, 0.000, 0.000, 0.000, 10:59:55.264
136, 2.10, 0.00, 10.07, 6.61, 0.000, 0.000, 0.000, 10:59:55.264
137, 7.88, 0.00, 8.22, 13.17, 0.000, 0.000, 0.000, 10:59:55.265
138, 13.56, 0.00, 23.19, 25.09, 0.000, 0.000, 0.000, 10:59:55.265
139, 14.56, 0.00, 17.21, 22.67, 0.000, 0.000, 0.000, 10:59:55.279
140, 5.20, 0.00, 7.58, 10.88, 0.000, 0.000, 0.000, 10:59:55.280
141, 9.18, 0.00, 12.77, 13.51, 0.000, 0.000, 0.000, 10:59:55.290
142, 19.38, 0.00, 20.15, 26.04, 0.000, 0.000, 0.000, 10:59:55.290
143, 17.52, 0.00, 14.50, 20.09, 0.000, 0.000, 0.000, 10:59:55.291
144, 4.37, 0.00, 4.44, 10.37, 0.000, 0.000, 0.000, 10:59:55.291
145, 10.27, 0.00, 13.60, 10.20, 0.000, 0.000, 0.000, 10:59:55.305
146, 19.86, 0.00, 28.15, 26.21, 0.000, 0.000, 0.000, 10:59:55.305
147, 19.62, 0.00, 22.46, 23.66, 0.000, 0.000, 0.000, 10:59:55.321
148, 3.66, 0.00, 10.34, 6.59, 0.000, 0.000, 0.000, 10:59:55.321
149, 9.72, 0.00, 8.11, 9.08, 0.000, 0.000, 0.000, 10:59:55.330
150, 14.34, 0.00, 19.70, 20.48, 0.000, 0.000, 0.000, 10:59:55.330
151, 13.59, 0.00, 21.76, 27.13, 0.000, 0.000, 0.000, 10:59:55.335
152, 3.13, 0.00, 8.74, 5.49, 0.000, 0.000, 0.000, 10:59:55.336
153, 5.05, 0.00, 10.96, 16.93, 0.000, 0.000, 0.000, 10:59:55.350
154, 16.72, 0.00, 24.33, 27.72, 0.000, 0.000, 0.000, 10:59:55.350
155, 16.71, 0.00, 29.79, 22.84, 0.000, 0.000, 0.000, 10:59:55.354
156, 7.02, 0.00, 11.72, 8.88, 0.000, 0.000, 0.000, 10:59:55.355
157, 12.06, 0.00, 15.42, 12.06, 0.000, 0.000, 0.000, 10:59:55.366
158, 14.59, 0.00, 29.01, 27.73, 0.000, 0.000, 0.000, 10:59:55.366
159, 18.22, 0.00, 21.32, 25.61, 0.000, 0.000, 0.000, 10:59:55.381
160, 4.72, 0.00, 9.03, 5.19, 0.000, 0.000, 0.000, 10:59:55.381
161, 6.80, 0.00, 4.32, 11.35, 0.000, 0.000, 0.000, 10:59:55.381
162, 20.20, 0.00, 22.60, 24.17, 0.000, 0.000, 0.000, 10:59:55.381
163, 14.13, 0.00, 10.13, 23.47, 0.000, 0.000, 0.000, 10:59:55.396
164, 5.60, 0.00, -7.21, 13.10, 0.000, 0.000, 0.000, 10:59:55.398
165, 12.05, 0.00, 7.44, 12.99, 0.000, 0.000, 0.000, 10:59:55.412
166, 20.44, 0.00, 15.07, 22.20, 0.000, 0.000, 0.000, 10:59:55.413
167, 14.91, 0.00, 15.06, 19.28, 0.000, 0.000, 0.000, 10:59:55.413
168, 10.25, 0.00, 0.79, 9.39, 0.000, 0.000, 0.000, 10:59:55.414
169, 10.25, 0.00, 9.64, 14.93, 0.000, 0.000, 0.000, 10:59:55.425
170, 19.48, 0.00, 23.65, 28.18, 0.000, 0.000, 0.000, 10:59:55.425
171, 14.19, 0.00, 24.38, 22.49, 0.000, 0.000, 0.000, 10:59:55.440
172, 4.87, 0.00, 12.70, 9.31, 0.000, 0.000, 0.000, 10:59:55.440
173, 9.15, 0.00, 12.19, 11.28, 0.000, 0.000, 0.000, 10:59:55.440
174, 18.86, 0.00, 34.69, 21.41, 0.000, 0.000, 0.000, 10:59:55.441
175, 14.19, 0.00, 27.87, 26.12, 0.000, 0.000, 0.000, 10:59:55.470
176, 4.31, 0.00, -5.01, 12.81, 0.000, 0.000, 0.000, 10:59:55.471
177, 10.85, 0.00, 22.55, 12.25, 0.000, 0.000, 0.000, 10:59:55.471
178, 19.51, 0.00, 22.92, 24.72, 0.000, 0.000, 0.000, 10:59:55.471
179, 14.03, 0.00, 27.65, 21.77, 0.000, 0.000, 0.000, 10:59:55.471
180, 6.83, 0.00, 16.38, 12.37, 0.000, 0.000, 0.000, 10:59:55.471
181, 10.72, 0.00, 16.59, 10.86, 0.000, 0.000, 0.000, 10:59:55.485
182, 22.83, 0.00, 26.27, 25.33, 0.000, 0.000, 0.000, 10:59:55.485
183, 19.72, 0.00, 24.72, 20.50, 0.000, 0.000, 0.000, 10:59:55.500
184, 9.19, 0.00, 4.89, 10.69, 0.000, 0.000, 0.000, 10:59:55.500
185, 10.71, 0.00, 2.04, 15.40, 0.000, 0.000, 0.000, 10:59:55.500
186, 18.94, 0.00, 28.48, 26.08, 0.000, 0.000, 0.000, 10:59:55.501
187, 14.47, 0.00, 27.86, 21.99, 0.000, 0.000, 0.000, 10:59:55.532
188, 2.68, 0.00, 8.76, 4.31, 0.000, 0.000, 0.000, 10:59:55.532
189, 3.35, 0.00, 11.55, 10.15, 0.000, 0.000, 0.000, 10:59:55.535
190, 17.80, 0.00, 18.65, 22.60, 0.000, 0.000, 0.000, 10:59:55.536
191, 22.42, 0.00, 10.27, 23.96, 0.000, 0.000, 0.000, 10:59:55.536
192, 10.97, 0.00, 6.75, 10.31, 0.000, 0.000, 0.000, 10:59:55.537
193, 2.26, 0.00, 0.46, 10.59, 0.000, 0.000, 0.000, 10:59:55.548
194, 12.97, 0.00, 20.99, 23.87, 0.000, 0.000, 0.000, 10:59:55.549
195, 16.28, 0.00, 16.17, 25.36, 0.000, 0.000, 0.000, 10:59:55.559
196, 9.89, 0.00, -7.65, 10.51, 0.000, 0.000, 0.000, 10:59:55.560
197, 6.65, 0.00, 17.20, 10.55, 0.000, 0.000, 0.000, 10:59:55.561
198, 14.92, 0.00, 20.23, 20.55, 0.000, 0.000, 0.000, 10:59:55.561
199, 14.50, 0.00, 9.44, 21.73, 0.000, 0.000, 0.000, 10:59:55.606
200, 1.54, 0.00, 8.53, 8.59, 0.000, 0.000, 0.000, 10:59:55.606
0, 6.67, 0.00, 6.89, 13.49, 0.000, 0.000, 0.000, 10:59:55.606
1, 15.75, 0.00, 26.69, 19.63, 0.000, 0.000, 0.000, 10:59:55.607
2, 18.56, 0.00, 23.04, 26.13, 0.000, 0.000, 0.000, 10:59:55.607
3, 9.01, 0.00, 8.22, 10.90, 0.000, 0.000, 0.000, 10:59:55.607
4, 6.37, 0.00, 11.60, 10.23, 0.000, 0.000, 0.000, 10:59:55.607
5, 18.45, 0.00, 24.46, 27.33, 0.000, 0.000, 0.000, 10:59:55.607
6, 14.35, 0.00, 10.10, 23.70, 0.000, 0.000, 0.000, 10:59:55.608
7, 9.02, 0.00, 10.33, 5.50, 0.000, 0.000, 0.000, 10:59:55.621
8, 7.03, 0.00, 1.38, 10.19, 0.000, 0.000, 0.000, 10:59:55.621
9, 18.57, 0.00, 16.12, 25.47, 0.000, 0.000, 0.000, 10:59:55.658
10, 18.70, 0.00, 21.87, 24.69, 0.000, 0.000, 0.000, 10:59:55.658
11, 4.45, 0.00, 12.99, 9.27, 0.000, 0.000, 0.000, 10:59:55.659
12, 3.28, 0.00, 11.89, 10.77, 0.000, 0.000, 0.000, 10:59:55.659
13, 17.49, 0.00, 27.81, 24.37, 0.000, 0.000, 0.000, 10:59:55.660
14, 16.54, 0.00, 19.06, 25.70, 0.000, 0.000, 0.000, 10:59:55.660
15, 2.37, 0.00, 8.80, 6.99, 0.000, 0.000, 0.000, 10:59:55.660
16, 9.00, 0.00, 11.86, 13.43, 0.000, 0.000, 0.000, 10:59:55.661
17, 19.23, 0.00, 24.59, 25.03, 0.000, 0.000, 0.000, 10:59:55.665
18, 18.25, 0.00, 24.28, 22.03, 0.000, 0.000, 0.000, 10:59:55.666
19, 5.50, 0.00, 12.02, 14.48, 0.000, 0.000, 0.000, 10:59:55.682
20, 9.79, 0.00, 14.37, 13.75, 0.000, 0.000, 0.000, 10:59:55.682
21, 19.86, 0.00, 25.30, 26.01, 0.000, 0.000, 0.000, 10:59:55.697
22, 14.86, 0.00, 23.50, 20.32, 0.000, 0.000, 0.000, 10:59:55.697
23, 7.32, 0.00, 5.85, 8.27, 0.000, 0.000, 0.000, 10:59:55.697
24, 7.82, 0.00, 8.20, 12.54, 0.000, 0.000, 0.000, 10:59:55.697
25, 20.95, 0.00, 21.78, 24.08, 0.000, 0.000, 0.000, 10:59:55.711
26, 13.65, 0.00, 26.99, 21.79, 0.000, 0.000, 0.000, 10:59:55.712
27, 4.28, 0.00, 9.85, 9.28, 0.000, 0.000, 0.000, 10:59:55.740
28, 8.67, 0.00, 10.88, 11.24, 0.000, 0.000, 0.000, 10:59:55.740
29, 17.20, 0.00, 25.90, 21.55, 0.000, 0.000, 0.000, 10:59:55.741
30, 14.87, 0.00, 27.52, 24.00, 0.000, 0.000, 0.000, 10:59:55.741
31, 7.10, 0.00, 1.67, 9.61, 0.000, 0.000, 0.000, 10:59:55.741
32, 5.72, 0.00, 15.00, 12.89, 0.000, 0.000, 0.000, 10:59:55.742
33, 15.31, 0.00, 27.46, 23.53, 0.000, 0.000, 0.000, 10:59:55.747
34, 15.90, 0.00, 14.15, 19.93, 0.000, 0.000, 0.000, 10:59:55.747
35, 8.03, 0.00, -0.56, 12.56, 0.000, 0.000, 0.000, 10:59:55.756
36, 7.52, 0.00, 11.60, 7.92, 0.000, 0.000, 0.000, 10:59:55.756
37, 14.06, 0.00, 23.05, 26.76, 0.000, 0.000, 0.000, 10:59:55.777
38, 17.40, 0.00, 19.06, 23.64, 0.000, 0.000, 0.000, 10:59:55.778
39, 8.85, 0.00, -3.91, 9.92, 0.000, 0.000, 0.000, 10:59:55.785
40, 11.65, 0.00, 11.48, 12.04, 0.000, 0.000, 0.000, 10:59:55.785
41, 18.28, 0.00, 28.94, 24.76, 0.000, 0.000, 0.000, 10:59:55.786
42, 17.85, 0.00, 24.31, 22.62, 0.000, 0.000, 0.000, 10:59:55.787
43, 7.01, 0.00, 2.07, 9.09, 0.000, 0.000, 0.000, 10:59:55.800
44, 9.23, 0.00, 8.57, 13.56, 0.000, 0.000, 0.000, 10:59:55.800
45, 17.07, 0.00, 29.68, 24.65, 0.000, 0.000, 0.000, 10:59:55.815
46, 16.79, 0.00, 31.20, 18.57, 0.000, 0.000, 0.000, 10:59:55.815
47, 8.21, 0.00, 10.90, 13.04, 0.000, 0.000, 0.000, 10:59:55.815
48, 6.09, 0.00, 12.42, 11.95, 0.000, 0.000, 0.000, 10:59:55.816
49, 13.85, 0.00, 25.14, 20.85, 0.000, 0.000, 0.000, 10:59:55.830
50, 12.45, 0.00, 23.66, 19.85, 0.000, 0.000, 0.000, 10:59:55.831
51, 9.91, 0.00, 4.68, 8.99, 0.000, 0.000, 0.000, 10:59:55.845
52, 6.44, 0.00, 2.56, 10.13, 0.000, 0.000, 0.000, 10:59:55.845
53, 19.95, 0.00, 22.48, 27.91, 0.000, 0.000, 0.000, 10:59:55.846
54, 21.23, 0.00, 18.27, 27.88, 0.000, 0.000, 0.000, 10:59:55.846
55, 9.02, 0.00, 3.55, 10.52, 0.000, 0.000, 0.000, 10:59:55.861
56, 12.05, 0.00, 10.30, 12.70, 0.000, 0.000, 0.000, 10:59:55.861
57, 16.51, 0.00, 25.04, 21.63, 0.000, 0.000, 0.000, 10:59:55.877
58, 12.90, 0.00, 17.56, 25.12, 0.000, 0.000, 0.000, 10:59:55.877
59, 7.64, 0.00, 2.72, 15.09, 0.000, 0.000, 0.000, 10:59:55.878
60, 6.69, 0.00, 6.28, 13.42, 0.000, 0.000, 0.000, 10:59:55.878
61, 21.51, 0.00, 23.82, 26.98, 0.000, 0.000, 0.000, 10:59:55.891
62, 20.00, 0.00, 23.28, 27.26, 0.000, 0.000, 0.000, 10:59:55.893
63, 8.40, 0.00, 14.20, 13.71, 0.000, 0.000, 0.000, 10:59:55.906
64, 5.96, 0.00, 9.13, 9.82, 0.000, 0.000, 0.000, 10:59:55.906
65, 17.30, 0.00, 24.34, 23.28, 0.000, 0.000, 0.000, 10:59:55.909
66, 15.88, 0.00, 20.54, 23.09, 0.000, 0.000, 0.000, 10:59:55.909
67, 4.60, 0.00, 13.02, 8.27, 0.000, 0.000, 0.000, 10:59:55.923
68, 4.55, 0.00, 3.51, 11.19, 0.000, 0.000, 0.000, 10:59:55.924
69, 18.93, 0.00, 18.38, 24.63, 0.000, 0.000, 0.000, 10:59:55.935
70, 17.25, 0.00, 23.39, 23.55, 0.000, 0.000, 0.000, 10:59:55.935
71, 4.23, 0.00, 4.31, 9.43, 0.000, 0.000, 0.000, 10:59:55.936
72, 5.31, 0.00, 6.43, 9.05, 0.000, 0.000, 0.000, 10:59:55.937
73, 19.45, 0.00, 26.96, 22.34, 0.000, 0.000, 0.000, 10:59:55.950
74, 19.15, 0.00, 23.04, 27.80, 0.000, 0.000, 0.000, 10:59:55.950
75, 8.53, 0.00, 9.36, 11.30, 0.000, 0.000, 0.000, 10:59:55.965
76, 5.30, 0.00, 13.17, 9.65, 0.000, 0.000, 0.000, 10:59:55.965
77, 14.45, 0.00, 25.06, 22.83, 0.000, 0.000, 0.000, 10:59:55.965
78, 17.44, 0.00, 21.87, 23.85, 0.000, 0.000, 0.000, 10:59:55.966
79, 6.44, 0.00, 9.39, 9.13, 0.000, 0.000, 0.000, 10:59:55.980
80, 6.39, 0.00, 5.96, 13.70, 0.000, 0.000, 0.000, 10:59:55.980
81, 18.79, 0.00, 21.10, 24.12, 0.000, 0.000, 0.000, 10:59:55.994
82, 17.42, 0.00, 21.20, 20.09, 0.000, 0.000, 0.000, 10:59:55.994
83, 10.46, 0.00, 7.77, 11.49, 0.000, 0.000, 0.000, 10:59:55.995
84, 6.63, 0.00, 10.40, 11.80, 0.000, 0.000, 0.000, 10:59:55.995
85, 14.17, 0.00, 16.79, 21.30, 0.000, 0.000, 0.000, 10:59:56.009
86, 14.08, 0.00, 20.37, 22.83, 0.000, 0.000, 0.000, 10:59:56.010
87, 3.40, 0.00, 11.24, 6.53, 0.000, 0.000, 0.000, 10:59:56.027
88, 6.44, 0.00, 11.43, 9.38, 0.000, 0.000, 0.000, 10:59:56.027
89, 16.11, 0.00, 15.95, 25.02, 0.000, 0.000, 0.000, 10:59:56.028
90, 18.44, 0.00, 23.10, 25.42, 0.000, 0.000, 0.000, 10:59:56.029
91, 5.64, 0.00, 7.45, 6.06, 0.000, 0.000, 0.000, 10:59:56.046
92, 10.80, 0.00, 10.60, 6.20, 0.000, 0.000, 0.000, 10:59:56.047
93, 16.60, 0.00, 25.27, 27.56, 0.000, 0.000, 0.000, 10:59:56.057
94, 14.71, 0.00, 26.34, 21.38, 0.000, 0.000, 0.000, 10:59:56.059
95, 8.07, 0.00, 5.35, 10.02, 0.000, 0.000, 0.000, 10:59:56.061
96, 8.99, 0.00, -6.10, 14.02, 0.000, 0.000, 0.000, 10:59:56.061
97, 15.02, 0.00, 25.75, 22.48, 0.000, 0.000, 0.000, 10:59:56.090
98, 15.07, 0.00, 28.55, 22.78, 0.000, 0.000, 0.000, 10:59:56.090
99, 8.99, 0.00, 1.23, 10.39, 0.000, 0.000, 0.000, 10:59:56.091
100, 9.23, 0.00, 12.40, 14.31, 0.000, 0.000, 0.000, 10:59:56.092
101, 17.22, 0.00, 23.77, 23.74, 0.000, 0.000, 0.000, 10:59:56.094
102, 16.38, 0.00, 28.85, 26.84, 0.000, 0.000, 0.000, 10:59:56.094
103, 8.65, 0.00, 14.66, 15.56, 0.000, 0.000, 0.000, 10:59:56.099
104, 9.58, 0.00, -0.72, 10.20, 0.000, 0.000, 0.000, 10:59:56.099
105, 19.61, 0.00, 17.33, 27.08, 0.000, 0.000, 0.000, 10:59:56.114
106, 16.58, 0.00, 14.63, 25.81, 0.000, 0.000, 0.000, 10:59:56.114
107, 3.55, 0.00, -0.01, 11.68, 0.000, 0.000, 0.000, 10:59:56.122
108, 4.67, 0.00, 11.89, 6.96, 0.000, 0.000, 0.000, 10:59:56.122
109, 19.30, 0.00, 32.42, 24.88, 0.000, 0.000, 0.000, 10:59:56.129
110, 15.54, 0.00, 22.28, 25.52, 0.000, 0.000, 0.000, 10:59:56.129
111, 7.17, 0.00, 9.82, 8.76, 0.000, 0.000, 0.000, 10:59:56.145
112, 7.54, 0.00, 3.70, 5.94, 0.000, 0.000, 0.000, 10:59:56.145
113, 16.88, 0.00, 21.12, 25.21, 0.000, 0.000, 0.000, 10:59:56.146
114, 16.86, 0.00, 24.00, 25.21, 0.000, 0.000, 0.000, 10:59:56.146
115, 9.72, 0.00, 9.39, 8.16, 0.000, 0.000, 0.000, 10:59:56.161
116, 8.44, 0.00, 13.38, 13.54, 0.000, 0.000, 0.000, 10:59:56.161
117, 19.54, 0.00, 23.73, 25.03, 0.000, 0.000, 0.000, 10:59:56.174
118, 19.78, 0.00, 22.36, 23.75, 0.000, 0.000, 0.000, 10:59:56.174
119, 10.13, 0.00, 13.13, 15.21, 0.000, 0.000, 0.000, 10:59:56.176
120, 11.28, 0.00, 10.63, 8.25, 0.000, 0.000, 0.000, 10:59:56.177
121, 18.02, 0.00, 19.33, 23.18, 0.000, 0.000, 0.000, 10:59:56.190
122, 11.67, 0.00, 15.57, 20.75, 0.000, 0.000, 0.000, 10:59:56.190
123, 10.23, 0.00, 10.36, 11.62, 0.000, 0.000, 0.000, 10:59:56.205
124, 7.32, 0.00, 8.70, 12.70, 0.000, 0.000, 0.000, 10:59:56.205
125, 16.54, 0.00, 17.69, 20.20, 0.000, 0.000, 0.000, 10:59:56.206
126, 16.72, 0.00, 25.45, 23.71, 0.000, 0.000, 0.000, 10:59:56.206
127, 5.79, 0.00, 7.52, 11.75, 0.000, 0.000, 0.000, 10:59:56.220
128, 6.43, 0.00, 9.30, 5.84, 0.000, 0.000, 0.000, 10:59:56.221
129, 20.23, 0.00, 20.35, 27.19, 0.000, 0.000, 0.000, 10:59:56.235
130, 18.29, 0.00, 19.89, 24.76, 0.000, 0.000, 0.000, 10:59:56.235
131, 9.91, 0.00, 9.69, 10.31, 0.000, 0.000, 0.000, 10:59:56.235
132, 5.78, 0.00, 5.22, 9.19, 0.000, 0.000, 0.000, 10:59:56.235
133, 17.94, 0.00, 14.44, 23.84, 0.000, 0.000, 0.000, 10:59:56.250
134, 16.34, 0.00, 12.39, 22.72, 0.000, 0.000, 0.000, 10:59:56.250
135, 5.55, 0.00, 7.15, 11.69, 0.000, 0.000, 0.000, 10:59:56.265
136, 6.73, 0.00, 13.63, 10.83, 0.000, 0.000, 0.000, 10:59:56.265
137, 19.26, 0.00, 24.77, 22.81, 0.000, 0.000, 0.000, 10:59:56.265
138, 15.31, 0.00, 23.48, 23.20, 0.000, 0.000, 0.000, 10:59:56.265
139, 3.08, 0.00, 9.06, 9.82, 0.000, 0.000, 0.000, 10:59:56.281
140, 4.85, 0.00, 2.54, 11.41, 0.000, 0.000, 0.000, 10:59:56.281
141, 17.00, 0.00, 17.06, 24.27, 0.000, 0.000, 0.000, 10:59:56.296
142, 16.76, 0.00, 16.42, 20.43, 0.000, 0.000, 0.000, 10:59:56.297
143, 11.41, 0.00, 7.06, 12.44, 0.000, 0.000, 0.000, 10:59:56.297
144, 5.81, 0.00, 17.17, 8.87, 0.000, 0.000, 0.000, 10:59:56.297
145, 15.68, 0.00, 14.33, 22.56, 0.000, 0.000, 0.000, 10:59:56.310
146, 16.50, 0.00, 24.05, 22.06, 0.000, 0.000, 0.000, 10:59:56.313
147, 4.81, 0.00, 6.91, 7.49, 0.000, 0.000, 0.000, 10:59:56.325
148, 2.00, 0.00, 12.03, 9.23, 0.000, 0.000, 0.000, 10:59:56.325
149, 17.37, 0.00, 26.69, 28.42, 0.000, 0.000, 0.000, 10:59:56.326
150, 17.47, 0.00, 23.53, 24.02, 0.000, 0.000, 0.000, 10:59:56.326
151, 9.04, 0.00, 8.22, 11.76, 0.000, 0.000, 0.000, 10:59:56.340
152, 6.37, 0.00, 3.57, 11.39, 0.000, 0.000, 0.000, 10:59:56.340
153, 15.71, 0.00, 20.01, 23.46, 0.000, 0.000, 0.000, 10:59:56.356
154, 17.09, 0.00, 21.33, 20.97, 0.000, 0.000, 0.000, 10:59:56.356
155, 5.03, 0.00, 9.31, 15.20, 0.000, 0.000, 0.000, 10:59:56.356
156, 9.77, 0.00, 5.35, 11.13, 0.000, 0.000, 0.000, 10:59:56.356
157, 16.10, 0.00, 24.92, 20.43, 0.000, 0.000, 0.000, 10:59:56.372
158, 17.27, 0.00, 21.14, 22.04, 0.000, 0.000, 0.000, 10:59:56.372
159, 8.36, 0.00, 10.46, 10.17, 0.000, 0.000, 0.000, 10:59:56.385
160, 9.18, 0.00, 11.57, 11.63, 0.000, 0.000, 0.000, 10:59:56.385
161, 18.66, 0.00, 16.59, 23.02, 0.000, 0.000, 0.000, 10:59:56.385
162, 13.05, 0.00, 26.87, 26.23, 0.000, 0.000, 0.000, 10:59:56.386
163, 4.30, 0.00, 11.58, 13.73, 0.000, 0.000, 0.000, 10:59:56.407
164, 7.85, 0.00, 3.28, 9.52, 0.000, 0.000, 0.000, 10:59:56.407
165, 19.45, 0.00, 21.53, 23.41, 0.000, 0.000, 0.000, 10:59:56.415
166, 15.11, 0.00, 23.07, 26.50, 0.000, 0.000, 0.000, 10:59:56.415
167, 8.94, 0.00, 12.65, 8.29, 0.000, 0.000, 0.000, 10:59:56.415
168, 4.31, 0.00, 8.32, 12.85, 0.000, 0.000, 0.000, 10:59:56.415
169, 17.50, 0.00, 18.95, 24.13, 0.000, 0.000, 0.000, 10:59:56.432
170, 20.26, 0.00, 27.00, 25.42, 0.000, 0.000, 0.000, 10:59:56.433
171, 8.57, 0.00, 7.50, 9.20, 0.000, 0.000, 0.000, 10:59:56.445
172, 6.01, 0.00, 12.13, 11.27, 0.000, 0.000, 0.000, 10:59:56.445
173, 16.38, 0.00, 28.14, 26.26, 0.000, 0.000, 0.000, 10:59:56.447
174, 16.32, 0.00, 27.10, 25.40, 0.000, 0.000, 0.000, 10:59:56.448
175, 6.68, 0.00, 10.94, 9.54, 0.000, 0.000, 0.000, 10:59:56.460
176, 3.63, 0.00, 4.61, 5.44, 0.000, 0.000, 0.000, 10:59:56.460
177, 12.69, 0.00, 29.45, 22.73, 0.000, 0.000, 0.000, 10:59:56.475
178, 20.34, 0.00, 24.22, 24.67, 0.000, 0.000, 0.000, 10:59:56.475
179, 5.64, 0.00, 8.66, 12.23, 0.000, 0.000, 0.000, 10:59:56.475
180, 8.21, 0.00, 6.44, 6.43, 0.000, 0.000, 0.000, 10:59:56.475
181, 17.24, 0.00, 20.47, 22.10, 0.000, 0.000, 0.000, 10:59:56.491
182, 18.00, 0.00, 21.42, 25.42, 0.000, 0.000, 0.000, 10:59:56.492
183, 11.19, 0.00, 6.81, 15.37, 0.000, 0.000, 0.000, 10:59:56.505
184, 3.08, 0.00, 5.33, 8.25, 0.000, 0.000, 0.000, 10:59:56.505
185, 17.64, 0.00, 18.17, 22.09, 0.000, 0.000, 0.000, 10:59:56.508
186, 17.65, 0.00, 22.18, 22.53, 0.000, 0.000, 0.000, 10:59:56.508
187, 7.62, 0.00, 10.26, 11.34, 0.000, 0.000, 0.000, 10:59:56.521
188, 8.59, 0.00, 8.03, 10.24, 0.000, 0.000, 0.000, 10:59:56.521
189, 13.08, 0.00, 20.95, 21.59, 0.000, 0.000, 0.000, 10:59:56.535
190, 15.42, 0.00, 20.10, 26.29, 0.000, 0.000, 0.000, 10:59:56.535
191, 8.92, 0.00, 14.75, 13.18, 0.000, 0.000, 0.000, 10:59:56.536
192, 7.89, 0.00, 6.02, 7.64, 0.000, 0.000, 0.000, 10:59:56.536
193, 16.40, 0.00, 15.74, 21.63, 0.000, 0.000, 0.000, 10:59:56.550
194, 18.92, 0.00, 24.12, 29.13, 0.000, 0.000, 0.000, 10:59:56.550
195, 9.05, 0.00, 8.96, 11.08, 0.000, 0.000, 0.000, 10:59:56.566
196, 8.56, 0.00, 7.53, 9.66, 0.000, 0.000, 0.000, 10:59:56.566
197, 15.40, 0.00, 25.70, 22.37, 0.000, 0.000, 0.000, 10:59:56.566
198, 18.66, 0.00, 21.04, 21.26, 0.000, 0.000, 0.000, 10:59:56.567
199, 11.94, 0.00, 5.11, 13.24, 0.000, 0.000, 0.000, 10:59:56.584
200, 6.71, 0.00, 6.79, 10.15, 0.000, 0.000, 0.000, 10:59:56.584
0, 18.57, 0.00, 17.65, 22.11, 0.000, 0.000, 0.000, 10:59:56.589
1, 15.31, 0.00, 21.77, 24.92, 0.000, 0.000, 0.000, 10:59:56.596
2, 8.27, 0.00, 9.25, 12.74, 0.000, 0.000, 0.000, 10:59:56.597
3, 7.18, 0.00, 7.15, 12.48, 0.000, 0.000, 0.000, 10:59:56.609
4, 15.68, 0.00, 27.51, 24.35, 0.000, 0.000, 0.000, 10:59:56.610
5, 14.88, 0.00, 22.11, 23.18, 0.000, 0.000, 0.000, 10:59:56.610
6, 7.20, 0.00, 7.32, 12.00, 0.000, 0.000, 0.000, 10:59:56.611
7, 3.96, 0.00, 8.55, 7.99, 0.000, 0.000, 0.000, 10:59:56.626
8, 18.26, 0.00, 22.69, 18.48, 0.000, 0.000, 0.000, 10:59:56.626
9, 18.08, 0.00, 26.51, 26.39, 0.000, 0.000, 0.000, 10:59:56.639
10, 8.60, 0.00, 8.99, 12.02, 0.000, 0.000, 0.000, 10:59:56.640
11, 7.19, 0.00, 8.20, 8.10, 0.000, 0.000, 0.000, 10:59:56.641
12, 12.89, 0.00, 14.88, 24.29, 0.000, 0.000, 0.000, 10:59:56.641
13, 12.78, 0.00, 24.64, 26.24, 0.000, 0.000, 0.000, 10:59:56.656
14, 4.64, 0.00, 9.70, 12.49, 0.000, 0.000, 0.000, 10:59:56.656
15, 5.55, 0.00, 13.03, 10.24, 0.000, 0.000, 0.000, 10:59:56.670
16, 17.11, 0.00, 14.91, 22.13, 0.000, 0.000, 0.000, 10:59:56.670
17, 16.03, 0.00, 26.37, 26.38, 0.000, 0.000, 0.000, 10:59:56.671
18, 5.57, 0.00, 8.14, 10.30, 0.000, 0.000, 0.000, 10:59:56.671
19, 9.59, 0.00, 10.08, 12.64, 0.000, 0.000, 0.000, 10:59:56.700
20, 15.65, 0.00, 14.34, 18.16, 0.000, 0.000, 0.000, 10:59:56.700
21, 18.16, 0.00, 24.70, 24.51, 0.000, 0.000, 0.000, 10:59:56.700
22, 10.58, 0.00, 14.32, 16.08, 0.000, 0.000, 0.000, 10:59:56.700
23, 9.53, 0.00, 8.08, 9.70, 0.000, 0.000, 0.000, 10:59:56.701
24, 17.27, 0.00, 22.76, 24.07, 0.000, 0.000, 0.000, 10:59:56.701
25, 16.39, 0.00, 28.53, 25.99, 0.000, 0.000, 0.000, 10:59:56.715
26, 4.55, 0.00, 9.13, 5.22, 0.000, 0.000, 0.000, 10:59:56.715
27, 5.98, 0.00, 10.60, 12.06, 0.000, 0.000, 0.000, 10:59:56.732
28, 17.77, 0.00, 24.46, 20.69, 0.000, 0.000, 0.000, 10:59:56.733
29, 21.24, 0.00, 23.91, 31.21, 0.000, 0.000, 0.000, 10:59:56.733
30, 9.39, 0.00, 10.46, 12.30, 0.000, 0.000, 0.000, 10:59:56.734
31, 7.89, 0.00, 4.11, 10.44, 0.000, 0.000, 0.000, 10:59:56.745
32, 16.72, 0.00, 19.65, 23.51, 0.000, 0.000, 0.000, 10:59:56.745
33, 18.53, 0.00, 24.28, 25.95, 0.000, 0.000, 0.000, 10:59:56.759
34, 7.38, 0.00, 6.86, 15.50, 0.000, 0.000, 0.000, 10:59:56.760
35, 1.78, 0.00, 8.18, 8.26, 0.000, 0.000, 0.000, 10:59:56.760
36, 17.09, 0.00, 15.96, 21.05, 0.000, 0.000, 0.000, 10:59:56.760
37, 16.45, 0.00, 27.68, 26.68, 0.000, 0.000, 0.000, 10:59:56.775
38, 7.17, 0.00, 2.77, 10.02, 0.000, 0.000, 0.000, 10:59:56.775
39, 5.06, 0.00, 11.27, 6.10, 0.000, 0.000, 0.000, 10:59:56.791
40, 13.50, 0.00, 19.53, 18.11, 0.000, 0.000, 0.000, 10:59:56.791
41, 17.53, 0.00, 21.93, 29.46, 0.000, 0.000, 0.000, 10:59:56.792
42, 7.55, 0.00, 7.95, 11.06, 0.000, 0.000, 0.000, 10:59:56.792
43, 6.98, 0.00, -0.12, 9.74, 0.000, 0.000, 0.000, 10:59:56.807
44, 15.74, 0.00, 19.70, 18.80, 0.000, 0.000, 0.000, 10:59:56.807
45, 21.25, 0.00, 25.43, 26.49, 0.000, 0.000, 0.000, 10:59:56.822
46, 9.49, 0.00, 8.81, 11.84, 0.000, 0.000, 0.000, 10:59:56.823
47, 8.33, 0.00, 6.00, 12.96, 0.000, 0.000, 0.000, 10:59:56.824
48, 15.87, 0.00, 26.89, 23.49, 0.000, 0.000, 0.000, 10:59:56.825
49, 15.49, 0.00, 21.93, 18.75, 0.000, 0.000, 0.000, 10:59:56.859
50, 5.67, 0.00, 9.36, 12.36, 0.000, 0.000, 0.000, 10:59:56.859
51, 6.75, 0.00, 7.79, 13.47, 0.000, 0.000, 0.000, 10:59:56.860
52, 15.90, 0.00, 17.68, 22.16, 0.000, 0.000, 0.000, 10:59:56.860
53, 18.14, 0.00, 27.64, 28.22, 0.000, 0.000, 0.000, 10:59:56.862
54, 8.61, 0.00, 8.56, 11.28, 0.000, 0.000, 0.000, 10:59:56.862
55, 5.93, 0.00, 11.64, 10.84, 0.000, 0.000, 0.000, 10:59:56.867
56, 15.21, 0.00, 19.28, 22.47, 0.000, 0.000, 0.000, 10:59:56.867
57, 16.84, 0.00, 27.91, 24.28, 0.000, 0.000, 0.000, 10:59:56.880
58, 3.80, 0.00, 5.05, 9.52, 0.000, 0.000, 0.000, 10:59:56.880
59, 9.63, 0.00, 17.82, 9.56, 0.000, 0.000, 0.000, 10:59:56.880
60, 17.70, 0.00, 26.59, 22.06, 0.000, 0.000, 0.000, 10:59:56.880
61, 19.12, 0.00, 15.53, 26.92, 0.000, 0.000, 0.000, 10:59:56.896
62, 7.63, 0.00, 13.45, 9.73, 0.000, 0.000, 0.000, 10:59:56.897
63, 8.26, 0.00, 6.27, 9.62, 0.000, 0.000, 0.000, 10:59:56.909
64, 15.49, 0.00, 18.52, 22.63, 0.000, 0.000, 0.000, 10:59:56.910
65, 19.90, 0.00, 20.16, 28.16, 0.000, 0.000, 0.000, 10:59:56.910
66, 8.42, 0.00, 4.05, 12.91, 0.000, 0.000, 0.000, 10:59:56.910
67, 9.39, 0.00, 12.02, 8.95, 0.000, 0.000, 0.000, 10:59:56.925
68, 18.12, 0.00, 22.49, 25.44, 0.000, 0.000, 0.000, 10:59:56.925
69, 18.59, 0.00, 19.78, 27.90, 0.000, 0.000, 0.000, 10:59:56.941
70, 7.87, 0.00, 7.79, 12.34, 0.000, 0.000, 0.000, 10:59:56.941
71, 8.79, 0.00, 11.17, 7.39, 0.000, 0.000, 0.000, 10:59:56.942
72, 17.09, 0.00, 18.62, 24.48, 0.000, 0.000, 0.000, 10:59:56.942
73, 18.06, 0.00, 24.90, 22.89, 0.000, 0.000, 0.000, 10:59:56.962
74, 6.73, 0.00, 3.18, 11.40, 0.000, 0.000, 0.000, 10:59:56.963
75, 3.62, 0.00, 4.52, 6.73, 0.000, 0.000, 0.000, 10:59:56.971
76, 14.18, 0.00, 26.32, 25.93, 0.000, 0.000, 0.000, 10:59:56.972
77, 16.82, 0.00, 20.56, 23.71, 0.000, 0.000, 0.000, 10:59:56.972
78, 8.33, 0.00, 14.38, 11.15, 0.000, 0.000, 0.000, 10:59:56.972
79, 5.05, 0.00, 0.22, 6.74, 0.000, 0.000, 0.000, 10:59:56.992
80, 17.93, 0.00, 8.27, 19.52, 0.000, 0.000, 0.000, 10:59:56.993
81, 23.40, 0.00, 27.66, 32.65, 0.000, 0.000, 0.000, 10:59:57.002
82, 6.87, 0.00, 12.02, 9.24, 0.000, 0.000, 0.000, 10:59:57.003
83, 4.45, 0.00, 14.94, 8.46, 0.000, 0.000, 0.000, 10:59:57.003
84, 16.49, 0.00, 20.82, 22.35, 0.000, 0.000, 0.000, 10:59:57.004
85, 17.90, 0.00, 25.04, 26.37, 0.000, 0.000, 0.000, 10:59:57.015
86, 12.02, 0.00, 4.63, 10.94, 0.000, 0.000, 0.000, 10:59:57.015
87, 9.26, 0.00, 3.85, 13.18, 0.000, 0.000, 0.000, 10:59:57.045
88, 15.98, 0.00, 16.72, 22.63, 0.000, 0.000, 0.000, 10:59:57.045
89, 19.12, 0.00, 26.60, 25.17, 0.000, 0.000, 0.000, 10:59:57.046
90, 5.86, 0.00, 19.57, 11.27, 0.000, 0.000, 0.000, 10:59:57.046
91, 6.73, 0.00, 0.44, 6.52, 0.000, 0.000, 0.000, 10:59:57.046
92, 11.59, 0.00, 9.13, 22.00, 0.000, 0.000, 0.000, 10:59:57.047
93, 14.63, 0.00, 27.91, 24.30, 0.000, 0.000, 0.000, 10:59:57.058
94, 10.19, 0.00, 12.73, 11.82, 0.000, 0.000, 0.000, 10:59:57.058
95, 8.56, 0.00, 11.06, 11.03, 0.000, 0.000, 0.000, 10:59:57.061
96, 14.02, 0.00, 25.30, 20.21, 0.000, 0.000, 0.000, 10:59:57.061
97, 13.41, 0.00, 24.05, 24.75, 0.000, 0.000, 0.000, 10:59:57.076
98, 7.17, 0.00, -1.86, 8.13, 0.000, 0.000, 0.000, 10:59:57.077
99, 0.32, 0.00, 11.73, 5.24, 0.000, 0.000, 0.000, 10:59:57.092
100, 14.02, 0.00, 18.58, 26.89, 0.000, 0.000, 0.000, 10:59:57.094
101, 15.34, 0.00, 31.37, 27.45, 0.000, 0.000, 0.000, 10:59:57.110
102, 6.83, 0.00, 13.17, 11.39, 0.000, 0.000, 0.000, 10:59:57.110
103, 5.03, 0.00, 7.49, 9.93, 0.000, 0.000, 0.000, 10:59:57.111
104, 15.93, 0.00, 24.57, 23.40, 0.000, 0.000, 0.000, 10:59:57.111
105, 17.33, 0.00, 19.13, 23.97, 0.000, 0.000, 0.000, 10:59:57.121
106, 7.22, 0.00, 13.43, 13.80, 0.000, 0.000, 0.000, 10:59:57.122
107, 8.17, 0.00, 3.93, 11.09, 0.000, 0.000, 0.000, 10:59:57.124
108, 16.23, 0.00, 17.41, 25.31, 0.000, 0.000, 0.000, 10:59:57.125
109, 17.79, 0.00, 18.88, 29.72, 0.000, 0.000, 0.000, 10:59:57.135
110, 10.94, 0.00, 5.86, 12.92, 0.000, 0.000, 0.000, 10:59:57.136
111, 4.17, 0.00, 1.04, 7.06, 0.000, 0.000, 0.000, 10:59:57.150
112, 18.12, 0.00, 23.24, 21.22, 0.000, 0.000, 0.000, 10:59:57.150
113, 18.26, 0.00, 20.68, 27.42, 0.000, 0.000, 0.000, 10:59:57.151
114, 8.98, 0.00, 7.86, 12.18, 0.000, 0.000, 0.000, 10:59:57.152
115, 6.66, 0.00, 7.43, 6.04, 0.000, 0.000, 0.000, 10:59:57.165
116, 18.00, 0.00, 22.38, 21.47, 0.000, 0.000, 0.000, 10:59:57.165
117, 19.18, 0.00, 22.61, 23.08, 0.000, 0.000, 0.000, 10:59:57.195
118, 11.49, 0.00, 10.27, 14.08, 0.000, 0.000, 0.000, 10:59:57.195
119, 4.23, 0.00, 1.31, 10.28, 0.000, 0.000, 0.000, 10:59:57.196
120, 19.50, 0.00, 19.68, 22.84, 0.000, 0.000, 0.000, 10:59:57.196
121, 21.22, 0.00, 36.67, 26.19, 0.000, 0.000, 0.000, 10:59:57.197
122, 7.87, 0.00, 8.63, 10.48, 0.000, 0.000, 0.000, 10:59:57.198
123, 5.18, 0.00, 5.27, 10.22, 0.000, 0.000, 0.000, 10:59:57.200
124, 16.12, 0.00, 21.34, 24.28, 0.000, 0.000, 0.000, 10:59:57.200
125, 20.92, 0.00, 12.55, 26.33, 0.000, 0.000, 0.000, 10:59:57.211
126, 7.26, 0.00, 6.50, 11.52, 0.000, 0.000, 0.000, 10:59:57.211
127, 5.85, 0.00, 8.11, 8.96, 0.000, 0.000, 0.000, 10:59:57.227
128, 16.18, 0.00, 15.44, 23.73, 0.000, 0.000, 0.000, 10:59:57.227
129, 18.97, 0.00, 29.28, 24.55, 0.000, 0.000, 0.000, 10:59:57.242
130, 12.44, 0.00, 13.09, 12.77, 0.000, 0.000, 0.000, 10:59:57.243
131, 7.08, 0.00, 5.34, 8.17, 0.000, 0.000, 0.000, 10:59:57.244
132, 12.74, 0.00, 21.44, 22.87, 0.000, 0.000, 0.000, 10:59:57.244
133, 16.04, 0.00, 25.50, 19.05, 0.000, 0.000, 0.000, 10:59:57.260
134, 10.88, 0.00, 13.71, 13.54, 0.000, 0.000, 0.000, 10:59:57.261
135, 4.08, 0.00, 5.90, 8.43, 0.000, 0.000, 0.000, 10:59:57.276
136, 12.45, 0.00, 21.27, 23.52, 0.000, 0.000, 0.000, 10:59:57.276
137, 16.85, 0.00, 21.58, 24.31, 0.000, 0.000, 0.000, 10:59:57.277
138, 7.92, 0.00, 14.43, 12.52, 0.000, 0.000, 0.000, 10:59:57.277
139, 3.84, 0.00, 3.63, 8.96, 0.000, 0.000, 0.000, 10:59:57.294
140, 18.44, 0.00, 26.39, 22.31, 0.000, 0.000, 0.000, 10:59:57.294
141, 19.38, 0.00, 26.67, 27.22, 0.000, 0.000, 0.000, 10:59:57.308
142, 9.99, 0.00, 10.50, 11.33, 0.000, 0.000, 0.000, 10:59:57.310
143, 5.32, 0.00, 6.12, 7.36, 0.000, 0.000, 0.000, 10:59:57.311
144, 11.28, 0.00, 20.19, 21.11, 0.000, 0.000, 0.000, 10:59:57.311
145, 20.60, 0.00, 25.38, 24.21, 0.000, 0.000, 0.000, 10:59:57.315
146, 9.10, 0.00, 10.30, 11.89, 0.000, 0.000, 0.000, 10:59:57.315
147, 4.82, 0.00, 2.73, 9.53, 0.000, 0.000, 0.000, 10:59:57.330
148, 14.93, 0.00, 14.60, 20.16, 0.000, 0.000, 0.000, 10:59:57.330
149, 18.75, 0.00, 22.03, 32.42, 0.000, 0.000, 0.000, 10:59:57.330
150, 8.86, 0.00, 13.16, 13.77, 0.000, 0.000, 0.000, 10:59:57.331
151, 4.57, 0.00, 13.63, 9.80, 0.000, 0.000, 0.000, 10:59:57.345
152, 14.76, 0.00, 20.30, 20.70, 0.000, 0.000, 0.000, 10:59:57.345
153, 19.45, 0.00, 23.33, 28.66, 0.000, 0.000, 0.000, 10:59:57.362
154, 8.56, 0.00, 17.26, 12.30, 0.000, 0.000, 0.000, 10:59:57.363
155, 7.98, 0.00, 4.41, 11.25, 0.000, 0.000, 0.000, 10:59:57.364
156, 15.12, 0.00, 18.71, 19.99, 0.000, 0.000, 0.000, 10:59:57.364
157, 18.90, 0.00, 28.54, 28.85, 0.000, 0.000, 0.000, 10:59:57.375
158, 10.13, 0.00, 9.48, 11.51, 0.000, 0.000, 0.000, 10:59:57.376
159, 5.48, 0.00, 10.29, 4.37, 0.000, 0.000, 0.000, 10:59:57.411
160, 16.03, 0.00, 19.09, 19.76, 0.000, 0.000, 0.000, 10:59:57.411
161, 16.67, 0.00, 25.81, 24.59, 0.000, 0.000, 0.000, 10:59:57.412
162, 10.32, 0.00, 13.54, 15.57, 0.000, 0.000, 0.000, 10:59:57.412
163, 6.34, 0.00, 9.75, 7.67, 0.000, 0.000, 0.000, 10:59:57.412
164, 15.34, 0.00, 22.83, 23.38, 0.000, 0.000, 0.000, 10:59:57.412
165, 17.86, 0.00, 30.67, 28.38, 0.000, 0.000, 0.000, 10:59:57.413
166, 7.41, 0.00, 11.75, 10.67, 0.000, 0.000, 0.000, 10:59:57.413
167, 8.99, 0.00, 10.97, 10.64, 0.000, 0.000, 0.000, 10:59:57.421
168, 14.51, 0.00, -1.98, 20.13, 0.000, 0.000, 0.000, 10:59:57.422
169, 19.63, 0.00, 15.63, 25.28, 0.000, 0.000, 0.000, 10:59:57.435
170, 4.92, 0.00, 13.38, 10.80, 0.000, 0.000, 0.000, 10:59:57.436
171, 6.70, 0.00, 8.00, 10.27, 0.000, 0.000, 0.000, 10:59:57.465
172, 14.16, 0.00, 23.20, 24.60, 0.000, 0.000, 0.000, 10:59:57.465
173, 20.34, 0.00, 29.73, 25.79, 0.000, 0.000, 0.000, 10:59:57.466
174, 8.69, 0.00, 18.84, 12.86, 0.000, 0.000, 0.000, 10:59:57.466
175, 7.48, 0.00, 8.90, 9.44, 0.000, 0.000, 0.000, 10:59:57.466
176, 14.70, 0.00, 10.48, 19.61, 0.000, 0.000, 0.000, 10:59:57.467
177, 15.76, 0.00, 29.07, 26.53, 0.000, 0.000, 0.000, 10:59:57.467
178, 6.94, 0.00, 8.86, 15.98, 0.000, 0.000, 0.000, 10:59:57.467
179, 6.75, 0.00, -0.56, 10.42, 0.000, 0.000, 0.000, 10:59:57.480
180, 14.61, 0.00, 19.10, 17.49, 0.000, 0.000, 0.000, 10:59:57.480
181, 18.74, 0.00, 22.57, 25.17, 0.000, 0.000, 0.000, 10:59:57.496
182, 10.71, 0.00, 12.71, 11.90, 0.000, 0.000, 0.000, 10:59:57.496
183, 3.21, 0.00, 11.78, 10.58, 0.000, 0.000, 0.000, 10:59:57.510
184, 12.83, 0.00, 23.53, 17.70, 0.000, 0.000, 0.000, 10:59:57.510
185, 19.55, 0.00, 23.29, 25.37, 0.000, 0.000, 0.000, 10:59:57.510
186, 8.66, 0.00, 10.83, 11.59, 0.000, 0.000, 0.000, 10:59:57.511
187, 4.89, 0.00, 5.72, 9.60, 0.000, 0.000, 0.000, 10:59:57.526
188, 11.22, 0.00, 18.45, 17.37, 0.000, 0.000, 0.000, 10:59:57.526
189, 19.77, 0.00, 25.17, 22.02, 0.000, 0.000, 0.000, 10:59:57.542
190, 15.10, 0.00, 14.32, 13.36, 0.000, 0.000, 0.000, 10:59:57.543
191, 6.61, 0.00, 5.95, 9.75, 0.000, 0.000, 0.000, 10:59:57.543
192, 13.76, 0.00, 18.59, 21.21, 0.000, 0.000, 0.000, 10:59:57.543
193, 17.04, 0.00, 22.10, 22.95, 0.000, 0.000, 0.000, 10:59:57.556
194, 8.83, 0.00, 11.40, 11.26, 0.000, 0.000, 0.000, 10:59:57.556
195, 5.76, 0.00, 7.72, 10.21, 0.000, 0.000, 0.000, 10:59:57.571
196, 13.66, 0.00, 16.42, 21.57, 0.000, 0.000, 0.000, 10:59:57.572
197, 16.91, 0.00, 25.29, 28.26, 0.000, 0.000, 0.000, 10:59:57.574
198, 9.86, 0.00, 11.48, 13.92, 0.000, 0.000, 0.000, 10:59:57.575
199, 5.54, 0.00, 9.10, 12.88, 0.000, 0.000, 0.000, 10:59:57.585
200, 16.20, 0.00, 24.07, 21.99, 0.000, 0.000, 0.000, 10:59:57.585
0, 21.73, 0.00, 12.79, 28.79, 0.000, 0.000, 0.000, 10:59:57.600
1, 9.35, 0.00, 15.03, 12.97, 0.000, 0.000, 0.000, 10:59:57.600
2, 7.06, 0.00, -2.70, 8.06, 0.000, 0.000, 0.000, 10:59:57.601
3, 17.26, 0.00, 17.68, 21.80, 0.000, 0.000, 0.000, 10:59:57.615
4, 19.86, 0.00, 27.11, 29.80, 0.000, 0.000, 0.000, 10:59:57.615
5, 8.04, 0.00, 8.52, 11.26, 0.000, 0.000, 0.000, 10:59:57.615
6, 4.43, 0.00, 6.89, 8.80, 0.000, 0.000, 0.000, 10:59:57.616
7, 13.32, 0.00, 21.27, 20.66, 0.000, 0.000, 0.000, 10:59:57.630
8, 16.42, 0.00, 30.32, 28.37, 0.000, 0.000, 0.000, 10:59:57.630
9, 7.03, 0.00, 9.64, 14.88, 0.000, 0.000, 0.000, 10:59:57.676
10, 6.76, 0.00, 5.89, 7.91, 0.000, 0.000, 0.000, 10:59:57.677
11, 15.92, 0.00, 14.94, 18.94, 0.000, 0.000, 0.000, 10:59:57.677
12, 18.22, 0.00, 18.12, 25.46, 0.000, 0.000, 0.000, 10:59:57.677
13, 10.02, 0.00, 18.77, 11.83, 0.000, 0.000, 0.000, 10:59:57.678
14, 7.29, 0.00, 0.32, 4.42, 0.000, 0.000, 0.000, 10:59:57.678
15, 17.97, 0.00, 15.47, 24.20, 0.000, 0.000, 0.000, 10:59:57.678
16, 19.59, 0.00, 11.84, 31.37, 0.000, 0.000, 0.000, 10:59:57.678
17, 2.12, 0.00, 11.02, 14.39, 0.000, 0.000, 0.000, 10:59:57.678
18, 3.73, 0.00, 9.34, 6.51, 0.000, 0.000, 0.000, 10:59:57.679
19, 11.20, 0.00, 25.34, 19.53, 0.000, 0.000, 0.000, 10:59:57.691
20, 19.92, 0.00, 29.99, 26.81, 0.000, 0.000, 0.000, 10:59:57.692
21, 4.00, 0.00, 4.51, 12.64, 0.000, 0.000, 0.000, 10:59:57.720
22, 7.06, 0.00, 2.87, 5.03, 0.000, 0.000, 0.000, 10:59:57.721
23, 10.94, 0.00, 24.51, 17.66, 0.000, 0.000, 0.000, 10:59:57.722
24, 19.67, 0.00, 27.28, 24.49, 0.000, 0.000, 0.000, 10:59:57.722
25, 8.27, 0.00, 9.78, 15.04, 0.000, 0.000, 0.000, 10:59:57.723
26, 4.98, 0.00, 11.60, 8.56, 0.000, 0.000, 0.000, 10:59:57.723
27, 16.28, 0.00, 16.14, 22.19, 0.000, 0.000, 0.000, 10:59:57.723
28, 21.98, 0.00, 25.53, 29.77, 0.000, 0.000, 0.000, 10:59:57.723
29, 10.52, 0.00, 8.70, 13.39, 0.000, 0.000, 0.000, 10:59:57.750
30, 3.93, 0.00, 7.07, 5.12, 0.000, 0.000, 0.000, 10:59:57.750
31, 13.65, 0.00, 23.10, 19.20, 0.000, 0.000, 0.000, 10:59:57.750
32, 22.30, 0.00, 26.37, 29.65, 0.000, 0.000, 0.000, 10:59:57.751
33, 10.00, 0.00, 7.80, 16.63, 0.000, 0.000, 0.000, 10:59:57.765
34, 1.85, 0.00, 9.54, 10.05, 0.000, 0.000, 0.000, 10:59:57.765
35, 17.90, 0.00, 20.61, 23.86, 0.000, 0.000, 0.000, 10:59:57.766
36, 20.81, 0.00, 7.84, 24.70, 0.000, 0.000, 0.000, 10:59:57.766
37, 8.15, 0.00, 13.19, 15.40, 0.000, 0.000, 0.000, 10:59:57.780
38, 3.59, 0.00, 7.39, 7.55, 0.000, 0.000, 0.000, 10:59:57.780
39, 17.73, 0.00, 21.97, 22.82, 0.000, 0.000, 0.000, 10:59:57.810
40, 17.57, 0.00, 5.17, 26.06, 0.000, 0.000, 0.000, 10:59:57.810
41, 8.26, 0.00, 15.27, 15.70, 0.000, 0.000, 0.000, 10:59:57.811
42, 3.47, 0.00, 11.86, 9.48, 0.000, 0.000, 0.000, 10:59:57.811
43, 14.14, 0.00, 13.70, 21.22, 0.000, 0.000, 0.000, 10:59:57.811
44, 17.22, 0.00, 22.73, 25.94, 0.000, 0.000, 0.000, 10:59:57.811
45, 11.11, 0.00, 14.07, 12.83, 0.000, 0.000, 0.000, 10:59:57.812
46, 8.17, 0.00, 12.16, 4.44, 0.000, 0.000, 0.000, 10:59:57.812
47, 16.46, 0.00, 16.01, 22.38, 0.000, 0.000, 0.000, 10:59:57.832
48, 20.78, 0.00, 22.81, 25.63, 0.000, 0.000, 0.000, 10:59:57.832
49, 6.78, 0.00, 19.23, 14.99, 0.000, 0.000, 0.000, 10:59:57.842
50, 7.07, 0.00, 9.11, 7.60, 0.000, 0.000, 0.000, 10:59:57.843
51, 16.75, 0.00, 20.26, 20.27, 0.000, 0.000, 0.000, 10:59:57.856
52, 24.77, 0.00, 27.28, 27.01, 0.000, 0.000, 0.000, 10:59:57.857
53, 10.61, 0.00, 18.84, 14.38, 0.000, 0.000, 0.000, 10:59:57.859
54, 6.31, 0.00, 12.95, 10.94, 0.000, 0.000, 0.000, 10:59:57.859
55, 13.44, 0.00, 22.93, 20.11, 0.000, 0.000, 0.000, 10:59:57.871
56, 17.57, 0.00, 28.19, 24.79, 0.000, 0.000, 0.000, 10:59:57.871
57, 12.23, 0.00, 6.83, 12.33, 0.000, 0.000, 0.000, 10:59:57.885
58, 6.26, 0.00, -4.58, 9.55, 0.000, 0.000, 0.000, 10:59:57.886
59, 13.27, 0.00, 8.30, 19.47, 0.000, 0.000, 0.000, 10:59:57.889
60, 16.09, 0.00, 25.34, 24.03, 0.000, 0.000, 0.000, 10:59:57.889
61, 10.36, 0.00, 12.67, 13.84, 0.000, 0.000, 0.000, 10:59:57.976
62, 7.02, 0.00, 1.04, 6.40, 0.000, 0.000, 0.000, 10:59:57.976
63, 15.05, 0.00, 17.49, 20.11, 0.000, 0.000, 0.000, 10:59:57.977
64, 14.06, 0.00, 30.96, 24.82, 0.000, 0.000, 0.000, 10:59:57.977
65, 13.17, 0.00, 18.32, 15.32, 0.000, 0.000, 0.000, 10:59:57.978
66, 3.55, 0.00, 14.53, 5.65, 0.000, 0.000, 0.000, 10:59:57.978
67, 14.44, 0.00, 20.69, 21.75, 0.000, 0.000, 0.000, 10:59:57.978
68, 23.92, 0.00, 26.34, 28.80, 0.000, 0.000, 0.000, 10:59:57.978
69, 9.22, 0.00, 6.95, 14.67, 0.000, 0.000, 0.000, 10:59:57.978
70, 5.72, 0.00, 4.24, 8.30, 0.000, 0.000, 0.000, 10:59:57.979
71, 16.61, 0.00, 19.56, 21.44, 0.000, 0.000, 0.000, 10:59:57.979
72, 16.44, 0.00, 33.11, 24.27, 0.000, 0.000, 0.000, 10:59:57.979
73, 10.88, 0.00, 16.84, 17.24, 0.000, 0.000, 0.000, 10:59:57.982
74, 8.73, 0.00, 8.62, 10.41, 0.000, 0.000, 0.000, 10:59:57.982
75, 17.15, 0.00, 18.09, 22.99, 0.000, 0.000, 0.000, 10:59:57.983
76, 18.49, 0.00, 28.25, 28.16, 0.000, 0.000, 0.000, 10:59:57.983
77, 10.29, 0.00, 4.99, 13.80, 0.000, 0.000, 0.000, 10:59:57.983
78, 1.05, 0.00, 3.59, 4.28, 0.000, 0.000, 0.000, 10:59:57.983
79, 15.12, 0.00, 22.57, 17.94, 0.000, 0.000, 0.000, 10:59:57.989
80, 22.14, 0.00, 23.36, 29.70, 0.000, 0.000, 0.000, 10:59:57.990
81, 11.55, 0.00, 11.69, 14.92, 0.000, 0.000, 0.000, 10:59:58.011
82, 3.79, 0.00, 10.81, 8.17, 0.000, 0.000, 0.000, 10:59:58.011
83, 11.71, 0.00, 11.90, 18.61, 0.000, 0.000, 0.000, 10:59:58.022
84, 13.03, 0.00, 23.25, 26.08, 0.000, 0.000, 0.000, 10:59:58.022
85, 7.93, 0.00, 2.38, 11.31, 0.000, 0.000, 0.000, 10:59:58.024
86, 3.14, 0.00, 0.29, 9.81, 0.000, 0.000, 0.000, 10:59:58.025
87, 13.73, 0.00, 14.22, 17.83, 0.000, 0.000, 0.000, 10:59:58.035
88, 21.60, 0.00, 32.40, 25.99, 0.000, 0.000, 0.000, 10:59:58.036
89, 9.37, 0.00, 6.88, 13.53, 0.000, 0.000, 0.000, 10:59:58.037
90, 7.24, 0.00, -0.71, 5.52, 0.000, 0.000, 0.000, 10:59:58.037
91, 11.88, 0.00, 27.97, 12.43, 0.000, 0.000, 0.000, 10:59:58.049
92, 16.84, 0.00, 17.83, 20.66, 0.000, 0.000, 0.000, 10:59:58.050
93, 9.08, 0.00, 5.20, 14.37, 0.000, 0.000, 0.000, 10:59:58.064
94, 9.71, 0.00, 13.00, 9.49, 0.000, 0.000, 0.000, 10:59:58.065
95, 13.09, 0.00, 26.48, 21.18, 0.000, 0.000, 0.000, 10:59:58.065
96, 20.12, 0.00, 29.17, 28.63, 0.000, 0.000, 0.000, 10:59:58.065
97, 10.26, 0.00, -0.04, 17.30, 0.000, 0.000, 0.000, 10:59:58.080
98, 5.01, 0.00, 3.86, 7.89, 0.000, 0.000, 0.000, 10:59:58.080
99, 14.69, 0.00, 18.49, 19.33, 0.000, 0.000, 0.000, 10:59:58.095
100, 17.85, 0.00, 23.29, 30.70, 0.000, 0.000, 0.000, 10:59:58.095
101, 10.86, 0.00, 16.80, 13.44, 0.000, 0.000, 0.000, 10:59:58.095
102, 2.82, 0.00, 7.12, 6.17, 0.000, 0.000, 0.000, 10:59:58.095
103, 14.38, 0.00, 13.57, 13.67, 0.000, 0.000, 0.000, 10:59:58.124
104, 16.60, 0.00, 27.89, 25.73, 0.000, 0.000, 0.000, 10:59:58.125
105, 13.01, 0.00, 11.22, 19.42, 0.000, 0.000, 0.000, 10:59:58.125
106, 3.63, 0.00, 6.06, 6.66, 0.000, 0.000, 0.000, 10:59:58.125
107, 12.65, 0.00, 10.92, 20.48, 0.000, 0.000, 0.000, 10:59:58.126
108, 20.19, 0.00, 23.50, 28.16, 0.000, 0.000, 0.000, 10:59:58.126
109, 10.76, 0.00, 9.55, 12.78, 0.000, 0.000, 0.000, 10:59:58.155
110, 7.74, 0.00, -8.08, 9.71, 0.000, 0.000, 0.000, 10:59:58.156
111, 13.65, 0.00, 29.40, 24.29, 0.000, 0.000, 0.000, 10:59:58.159
112, 21.41, 0.00, 31.64, 31.34, 0.000, 0.000, 0.000, 10:59:58.159
113, 10.58, 0.00, 15.71, 19.00, 0.000, 0.000, 0.000, 10:59:58.159
114, 3.75, 0.00, 8.99, 6.97, 0.000, 0.000, 0.000, 10:59:58.159
115, 9.47, 0.00, 16.22, 20.12, 0.000, 0.000, 0.000, 10:59:58.170
116, 20.32, 0.00, 19.63, 25.46, 0.000, 0.000, 0.000, 10:59:58.171
117, 9.56, 0.00, 11.38, 12.38, 0.000, 0.000, 0.000, 10:59:58.184
118, 3.98, 0.00, 4.53, 7.75, 0.000, 0.000, 0.000, 10:59:58.185
119, 12.03, 0.00, 23.90, 17.97, 0.000, 0.000, 0.000, 10:59:58.185
120, 21.84, 0.00, 16.66, 28.13, 0.000, 0.000, 0.000, 10:59:58.186
121, 11.40, 0.00, 20.62, 14.49, 0.000, 0.000, 0.000, 10:59:58.230
122, 3.45, 0.00, 0.62, 6.14, 0.000, 0.000, 0.000, 10:59:58.230
123, 9.91, 0.00, 18.04, 18.58, 0.000, 0.000, 0.000, 10:59:58.230
124, 19.03, 0.00, 24.49, 24.82, 0.000, 0.000, 0.000, 10:59:58.230
125, 13.76, 0.00, 18.16, 12.66, 0.000, 0.000, 0.000, 10:59:58.236
126, 4.32, 0.00, 8.14, 6.42, 0.000, 0.000, 0.000, 10:59:58.237
127, 15.53, 0.00, 20.94, 20.72, 0.000, 0.000, 0.000, 10:59:58.238
128, 20.57, 0.00, 31.67, 30.58, 0.000, 0.000, 0.000, 10:59:58.239
129, 11.88, 0.00, 7.53, 13.04, 0.000, 0.000, 0.000, 10:59:58.242
130, 2.55, 0.00, 12.14, 4.25, 0.000, 0.000, 0.000, 10:59:58.242
131, 14.55, 0.00, 18.73, 20.81, 0.000, 0.000, 0.000, 10:59:58.244
132, 22.05, 0.00, 29.36, 31.12, 0.000, 0.000, 0.000, 10:59:58.245
133, 9.34, 0.00, 3.99, 15.96, 0.000, 0.000, 0.000, 10:59:58.259
134, 2.80, 0.00, 8.90, 7.37, 0.000, 0.000, 0.000, 10:59:58.260
135, 13.44, 0.00, 15.79, 18.33, 0.000, 0.000, 0.000, 10:59:58.311
136, 17.54, 0.00, 26.70, 26.98, 0.000, 0.000, 0.000, 10:59:58.311
137, 10.92, 0.00, 8.53, 16.75, 0.000, 0.000, 0.000, 10:59:58.311
138, 2.81, 0.00, 0.84, 6.67, 0.000, 0.000, 0.000, 10:59:58.311
139, 12.58, 0.00, 19.47, 20.52, 0.000, 0.000, 0.000, 10:59:58.312
140, 17.92, 0.00, 28.81, 28.06, 0.000, 0.000, 0.000, 10:59:58.312
141, 10.58, 0.00, 5.78, 12.64, 0.000, 0.000, 0.000, 10:59:58.312
142, 6.98, 0.00, -4.37, 7.40, 0.000, 0.000, 0.000, 10:59:58.312
143, 15.99, 0.00, 22.51, 22.69, 0.000, 0.000, 0.000, 10:59:58.313
144, 17.15, 0.00, 19.52, 27.78, 0.000, 0.000, 0.000, 10:59:58.313
145, 10.65, 0.00, 9.41, 18.00, 0.000, 0.000, 0.000, 10:59:58.320
146, 5.35, 0.00, -0.12, 12.61, 0.000, 0.000, 0.000, 10:59:58.320
147, 12.49, 0.00, 20.33, 18.46, 0.000, 0.000, 0.000, 10:59:58.335
148, 19.39, 0.00, 30.58, 27.51, 0.000, 0.000, 0.000, 10:59:58.335
149, 10.06, 0.00, 4.64, 17.40, 0.000, 0.000, 0.000, 10:59:58.337
150, 7.47, 0.00, 9.89, 6.09, 0.000, 0.000, 0.000, 10:59:58.337
151, 11.19, 0.00, 25.00, 18.34, 0.000, 0.000, 0.000, 10:59:58.349
152, 19.69, 0.00, 24.33, 25.94, 0.000, 0.000, 0.000, 10:59:58.350
153, 9.52, 0.00, 10.45, 18.16, 0.000, 0.000, 0.000, 10:59:58.397
154, 4.63, 0.00, 13.84, 5.28, 0.000, 0.000, 0.000, 10:59:58.397
155, 15.17, 0.00, 27.45, 16.59, 0.000, 0.000, 0.000, 10:59:58.398
156, 21.19, 0.00, 24.56, 33.99, 0.000, 0.000, 0.000, 10:59:58.398
157, 10.76, 0.00, 13.61, 16.02, 0.000, 0.000, 0.000, 10:59:58.398
158, 5.71, 0.00, 0.50, 8.12, 0.000, 0.000, 0.000, 10:59:58.399
159, 13.07, 0.00, 20.20, 25.35, 0.000, 0.000, 0.000, 10:59:58.399
160, 17.46, 0.00, 21.13, 28.03, 0.000, 0.000, 0.000, 10:59:58.399
161, 7.33, 0.00, 11.60, 13.23, 0.000, 0.000, 0.000, 10:59:58.399
162, 5.75, 0.00, 7.98, 8.08, 0.000, 0.000, 0.000, 10:59:58.399
163, 13.20, 0.00, 21.53, 19.48, 0.000, 0.000, 0.000, 10:59:58.411
164, 20.79, 0.00, 20.17, 26.89, 0.000, 0.000, 0.000, 10:59:58.412
165, 12.03, 0.00, 12.78, 15.30, 0.000, 0.000, 0.000, 10:59:58.425
166, 7.24, 0.00, 2.89, 8.73, 0.000, 0.000, 0.000, 10:59:58.426
167, 13.00, 0.00, 22.68, 19.59, 0.000, 0.000, 0.000, 10:59:58.426
168, 18.05, 0.00, 25.21, 23.71, 0.000, 0.000, 0.000, 10:59:58.426
169, 11.49, 0.00, 15.86, 13.97, 0.000, 0.000, 0.000, 10:59:58.442
170, 7.00, 0.00, 5.36, 7.68, 0.000, 0.000, 0.000, 10:59:58.443
171, 11.26, 0.00, 13.94, 19.65, 0.000, 0.000, 0.000, 10:59:58.470
172, 20.15, 0.00, 18.22, 27.15, 0.000, 0.000, 0.000, 10:59:58.471
173, 10.32, 0.00, 19.65, 16.46, 0.000, 0.000, 0.000, 10:59:58.474
174, 3.38, 0.00, 6.26, 6.68, 0.000, 0.000, 0.000, 10:59:58.474
175, 13.28, 0.00, 16.90, 19.57, 0.000, 0.000, 0.000, 10:59:58.476
176, 19.13, 0.00, 33.78, 26.99, 0.000, 0.000, 0.000, 10:59:58.476
177, 11.40, 0.00, 20.43, 15.55, 0.000, 0.000, 0.000, 10:59:58.479
178, 3.57, 0.00, 6.32, 8.10, 0.000, 0.000, 0.000, 10:59:58.479
179, 14.89, 0.00, 17.55, 20.11, 0.000, 0.000, 0.000, 10:59:58.488
180, 20.40, 0.00, 31.50, 25.22, 0.000, 0.000, 0.000, 10:59:58.488
181, 10.56, 0.00, 12.47, 12.24, 0.000, 0.000, 0.000, 10:59:58.515
182, 9.48, 0.00, -6.20, 9.19, 0.000, 0.000, 0.000, 10:59:58.515
183, 12.76, 0.00, 14.34, 16.43, 0.000, 0.000, 0.000, 10:59:58.515
184, 19.73, 0.00, 28.17, 25.01, 0.000, 0.000, 0.000, 10:59:58.515
185, 11.00, 0.00, 25.22, 17.36, 0.000, 0.000, 0.000, 10:59:58.516
186, 3.67, 0.00, 7.25, 9.24, 0.000, 0.000, 0.000, 10:59:58.516
187, 12.30, 0.00, 3.73, 18.08, 0.000, 0.000, 0.000, 10:59:58.530
188, 20.58, 0.00, 26.71, 26.21, 0.000, 0.000, 0.000, 10:59:58.530
189, 10.14, 0.00, 17.61, 18.29, 0.000, 0.000, 0.000, 10:59:58.544
190, 4.85, 0.00, 4.56, 5.48, 0.000, 0.000, 0.000, 10:59:58.544
191, 14.62, 0.00, 24.80, 14.77, 0.000, 0.000, 0.000, 10:59:58.560
192, 19.79, 0.00, 14.94, 30.21, 0.000, 0.000, 0.000, 10:59:58.561
193, 10.77, 0.00, 17.00, 18.60, 0.000, 0.000, 0.000, 10:59:58.561
194, 2.77, 0.00, 7.66, 5.62, 0.000, 0.000, 0.000, 10:59:58.561
195, 12.14, 0.00, 27.09, 17.87, 0.000, 0.000, 0.000, 10:59:58.576
196, 24.05, 0.00, 18.61, 30.32, 0.000, 0.000, 0.000, 10:59:58.576
197, 11.55, 0.00, 12.45, 13.61, 0.000, 0.000, 0.000, 10:59:58.576
198, 6.06, 0.00, 10.54, 7.44, 0.000, 0.000, 0.000, 10:59:58.576
199, 11.47, 0.00, 15.98, 25.05, 0.000, 0.000, 0.000, 10:59:58.612
200, 18.37, 0.00, 31.31, 27.42, 0.000, 0.000, 0.000, 10:59:58.612
0, 11.53, 0.00, 5.49, 14.20, 0.000, 0.000, 0.000, 10:59:58.613
1, 4.04, 0.00, 6.34, 8.52, 0.000, 0.000, 0.000, 10:59:58.613
2, 14.07, 0.00, 12.06, 18.07, 0.000, 0.000, 0.000, 10:59:58.613
3, 18.51, 0.00, 34.02, 29.83, 0.000, 0.000, 0.000, 10:59:58.620
4, 13.04, 0.00, 5.96, 20.39, 0.000, 0.000, 0.000, 10:59:58.620
5, 3.02, 0.00, 6.14, 8.84, 0.000, 0.000, 0.000, 10:59:58.645
6, 11.33, 0.00, 4.73, 17.01, 0.000, 0.000, 0.000, 10:59:58.646
7, 20.67, 0.00, 17.32, 28.85, 0.000, 0.000, 0.000, 10:59:58.650
8, 11.29, 0.00, 13.04, 15.26, 0.000, 0.000, 0.000, 10:59:58.650
9, 7.90, 0.00, 12.92, 9.07, 0.000, 0.000, 0.000, 10:59:58.651
10, 12.62, 0.00, 20.90, 16.86, 0.000, 0.000, 0.000, 10:59:58.652
11, 18.02, 0.00, 27.09, 25.33, 0.000, 0.000, 0.000, 10:59:58.655
12, 11.35, 0.00, 21.54, 16.83, 0.000, 0.000, 0.000, 10:59:58.655
13, 5.52, 0.00, -2.60, 10.14, 0.000, 0.000, 0.000, 10:59:58.665
14, 16.25, 0.00, 5.21, 18.56, 0.000, 0.000, 0.000, 10:59:58.665
15, 19.03, 0.00, 29.20, 28.07, 0.000, 0.000, 0.000, 10:59:58.680
16, 9.33, 0.00, 14.46, 15.66, 0.000, 0.000, 0.000, 10:59:58.680
17, 4.27, 0.00, -4.77, 5.69, 0.000, 0.000, 0.000, 10:59:58.680
18, 13.30, 0.00, 14.21, 14.40, 0.000, 0.000, 0.000, 10:59:58.680
19, 22.85, 0.00, 22.36, 26.34, 0.000, 0.000, 0.000, 10:59:58.712
20, 10.14, 0.00, 7.41, 15.83, 0.000, 0.000, 0.000, 10:59:58.713
21, 3.51, 0.00, 13.19, 9.36, 0.000, 0.000, 0.000, 10:59:58.713
22, 11.50, 0.00, 19.45, 19.13, 0.000, 0.000, 0.000, 10:59:58.713
23, 20.20, 0.00, 33.91, 26.31, 0.000, 0.000, 0.000, 10:59:58.713
24, 10.51, 0.00, 3.50, 12.65, 0.000, 0.000, 0.000, 10:59:58.714
25, 6.19, 0.00, 9.97, 7.98, 0.000, 0.000, 0.000, 10:59:58.725
26, 12.93, 0.00, 10.14, 14.84, 0.000, 0.000, 0.000, 10:59:58.725
27, 16.86, 0.00, 31.07, 28.26, 0.000, 0.000, 0.000, 10:59:58.740
28, 11.64, 0.00, 23.29, 15.53, 0.000, 0.000, 0.000, 10:59:58.740
29, 1.12, 0.00, 10.68, 8.73, 0.000, 0.000, 0.000, 10:59:58.740
30, 14.73, 0.00, 14.66, 22.78, 0.000, 0.000, 0.000, 10:59:58.740
31, 18.00, 0.00, 28.34, 23.18, 0.000, 0.000, 0.000, 10:59:58.763
32, 10.92, 0.00, 4.34, 16.46, 0.000, 0.000, 0.000, 10:59:58.763
33, 1.00, 0.00, 7.05, 10.45, 0.000, 0.000, 0.000, 10:59:58.771
34, 11.23, 0.00, 17.59, 18.23, 0.000, 0.000, 0.000, 10:59:58.771
35, 19.03, 0.00, 31.22, 29.62, 0.000, 0.000, 0.000, 10:59:58.772
36, 12.17, 0.00, 17.00, 17.42, 0.000, 0.000, 0.000, 10:59:58.772
37, 3.96, 0.00, 6.28, 5.53, 0.000, 0.000, 0.000, 10:59:58.785
38, 13.80, 0.00, 14.51, 17.46, 0.000, 0.000, 0.000, 10:59:58.785
39, 22.21, 0.00, 18.84, 26.18, 0.000, 0.000, 0.000, 10:59:58.800
40, 12.92, 0.00, 7.00, 16.26, 0.000, 0.000, 0.000, 10:59:58.801
41, -0.54, 0.00, -1.39, 5.00, 0.000, 0.000, 0.000, 10:59:58.801
42, 12.46, 0.00, 26.12, 19.32, 0.000, 0.000, 0.000, 10:59:58.801
43, 21.84, 0.00, 30.77, 28.39, 0.000, 0.000, 0.000, 10:59:58.815
44, 8.52, 0.00, 20.92, 17.39, 0.000, 0.000, 0.000, 10:59:58.815
45, 3.06, 0.00, 10.86, 7.88, 0.000, 0.000, 0.000, 10:59:58.830
46, 13.22, 0.00, 17.23, 20.55, 0.000, 0.000, 0.000, 10:59:58.830
47, 19.22, 0.00, 13.19, 24.71, 0.000, 0.000, 0.000, 10:59:58.830
48, 9.37, 0.00, 7.05, 12.24, 0.000, 0.000, 0.000, 10:59:58.830
49, 7.26, 0.00, 4.86, 5.25, 0.000, 0.000, 0.000, 10:59:58.860
50, 11.41, 0.00, 15.20, 20.86, 0.000, 0.000, 0.000, 10:59:58.862
51, 20.17, 0.00, 18.91, 27.90, 0.000, 0.000, 0.000, 10:59:58.864
52, 10.43, 0.00, 2.98, 18.62, 0.000, 0.000, 0.000, 10:59:58.864
53, 5.97, 0.00, 6.68, 4.90, 0.000, 0.000, 0.000, 10:59:58.864
54, 14.53, 0.00, 20.06, 17.57, 0.000, 0.000, 0.000, 10:59:58.864
55, 24.98, 0.00, 24.92, 31.90, 0.000, 0.000, 0.000, 10:59:58.875
56, 14.24, 0.00, 17.66, 15.15, 0.000, 0.000, 0.000, 10:59:58.875
57, 4.18, 0.00, 10.46, 8.81, 0.000, 0.000, 0.000, 10:59:58.890
58, 11.39, 0.00, 21.29, 16.00, 0.000, 0.000, 0.000, 10:59:58.890
59, 22.20, 0.00, 23.82, 23.95, 0.000, 0.000, 0.000, 10:59:58.890
60, 13.20, 0.00, 17.21, 15.79, 0.000, 0.000, 0.000, 10:59:58.891
61, 3.40, 0.00, 7.26, 7.48, 0.000, 0.000, 0.000, 10:59:58.921
62, 10.93, 0.00, 10.19, 14.47, 0.000, 0.000, 0.000, 10:59:58.921
63, 18.56, 0.00, 26.18, 29.70, 0.000, 0.000, 0.000, 10:59:58.922
64, 10.31, 0.00, 16.87, 17.05, 0.000, 0.000, 0.000, 10:59:58.922
65, 5.88, 0.00, 6.55, 11.51, 0.000, 0.000, 0.000, 10:59:58.935
66, 13.83, 0.00, 17.58, 15.22, 0.000, 0.000, 0.000, 10:59:58.936
67, 19.83, 0.00, 26.03, 27.85, 0.000, 0.000, 0.000, 10:59:58.936
68, 12.24, 0.00, 18.68, 14.04, 0.000, 0.000, 0.000, 10:59:58.937
69, 3.48, 0.00, 5.22, 8.50, 0.000, 0.000, 0.000, 10:59:58.950
70, 11.93, 0.00, 13.22, 19.46, 0.000, 0.000, 0.000, 10:59:58.950
71, 18.44, 0.00, 24.25, 29.91, 0.000, 0.000, 0.000, 10:59:58.950
72, 9.20, 0.00, 16.20, 13.41, 0.000, 0.000, 0.000, 10:59:58.950
73, 8.57, 0.00, 2.58, 8.47, 0.000, 0.000, 0.000, 10:59:58.966
74, 12.83, 0.00, 9.98, 19.40, 0.000, 0.000, 0.000, 10:59:58.966
75, 19.39, 0.00, 28.90, 32.15, 0.000, 0.000, 0.000, 10:59:58.995
76, 15.01, 0.00, 14.32, 18.09, 0.000, 0.000, 0.000, 10:59:58.995
77, 5.68, 0.00, 9.88, 9.22, 0.000, 0.000, 0.000, 10:59:58.995
78, 6.61, 0.00, 15.32, 17.77, 0.000, 0.000, 0.000, 10:59:58.995
79, 14.82, 0.00, 26.44, 30.52, 0.000, 0.000, 0.000, 10:59:58.996
80, 10.79, 0.00, 14.29, 14.96, 0.000, 0.000, 0.000, 10:59:58.996
81, 6.26, 0.00, 10.28, 11.66, 0.000, 0.000, 0.000, 10:59:58.997
82, 13.09, 0.00, 15.80, 15.73, 0.000, 0.000, 0.000, 10:59:58.998
83, 19.32, 0.00, 26.65, 26.91, 0.000, 0.000, 0.000, 10:59:59.025
84, 11.68, 0.00, 10.95, 15.15, 0.000, 0.000, 0.000, 10:59:59.025
85, 4.75, 0.00, 6.02, 4.30, 0.000, 0.000, 0.000, 10:59:59.025
86, 12.83, 0.00, 18.08, 20.26, 0.000, 0.000, 0.000, 10:59:59.025
87, 20.06, 0.00, 28.62, 28.65, 0.000, 0.000, 0.000, 10:59:59.040
88, 13.47, 0.00, 16.65, 15.57, 0.000, 0.000, 0.000, 10:59:59.040
89, 4.75, 0.00, 6.05, 6.02, 0.000, 0.000, 0.000, 10:59:59.040
90, 14.00, 0.00, 17.17, 18.66, 0.000, 0.000, 0.000, 10:59:59.040
91, 22.95, 0.00, 18.25, 29.72, 0.000, 0.000, 0.000, 10:59:59.086
92, 16.47, 0.00, 17.39, 17.21, 0.000, 0.000, 0.000, 10:59:59.086
93, 5.05, 0.00, 9.22, 5.65, 0.000, 0.000, 0.000, 10:59:59.087
94, 12.07, 0.00, 18.54, 16.87, 0.000, 0.000, 0.000, 10:59:59.087
95, 17.51, 0.00, 30.73, 29.87, 0.000, 0.000, 0.000, 10:59:59.088
96, 13.59, 0.00, 15.80, 15.75, 0.000, 0.000, 0.000, 10:59:59.088
97, 6.47, 0.00, 0.27, 8.63, 0.000, 0.000, 0.000, 10:59:59.088
98, 12.72, 0.00, 17.55, 19.41, 0.000, 0.000, 0.000, 10:59:59.088
99, 18.58, 0.00, 25.26, 25.90, 0.000, 0.000, 0.000, 10:59:59.089
100, 16.09, 0.00, 4.72, 14.95, 0.000, 0.000, 0.000, 10:59:59.089
101, 5.91, 0.00, -2.12, 5.61, 0.000, 0.000, 0.000, 10:59:59.107
102, 10.11, 0.00, 26.79, 19.51, 0.000, 0.000, 0.000, 10:59:59.107
103, 18.77, 0.00, 35.80, 25.55, 0.000, 0.000, 0.000, 10:59:59.118
104, 9.91, 0.00, 7.94, 14.81, 0.000, 0.000, 0.000, 10:59:59.118
105, 5.92, 0.00, 6.03, 7.56, 0.000, 0.000, 0.000, 10:59:59.130
106, 13.66, 0.00, 16.44, 16.35, 0.000, 0.000, 0.000, 10:59:59.130
107, 21.07, 0.00, 23.51, 27.08, 0.000, 0.000, 0.000, 10:59:59.132
108, 9.50, 0.00, 13.62, 14.83, 0.000, 0.000, 0.000, 10:59:59.132
109, 5.02, 0.00, 4.60, 13.75, 0.000, 0.000, 0.000, 10:59:59.145
110, 10.28, 0.00, 18.63, 17.88, 0.000, 0.000, 0.000, 10:59:59.145
