%OpenBCI Raw EEG Data
%
%Sample Rate = 200.0 Hz
%First Column = SampleIndex
%Last Column = Timestamp 
%Other Columns = EEG data in microvolts followed by Accel Data (in G) interleaved with Aux Data
0, 9.73, 8.74, 4.52, 7.59, 0.000, 0.000, 0.000, 14:30:23.650
1, 12.71, 11.80, 5.74, 12.89, 0.000, 0.000, 0.000, 14:30:23.665
2, 10.19, 12.69, 15.03, 15.14, 0.000, 0.000, 0.000, 14:30:23.666
3, 9.87, 11.16, 12.28, 12.77, 0.000, 0.000, 0.000, 14:30:23.666
4, 10.32, 10.45, 4.03, 10.11, 0.000, 0.000, 0.000, 14:30:23.667
5, 11.99, 9.60, 11.85, 12.39, 0.000, 0.000, 0.000, 14:30:23.668
6, 11.04, 15.47, 8.02, 15.18, 0.000, 0.000, 0.000, 14:30:23.669
7, 11.01, 9.84, 11.22, 15.35, 0.000, 0.000, 0.000, 14:30:23.669
8, 9.60, 8.58, 2.98, 10.20, 0.000, 0.000, 0.000, 14:30:23.670
9, 8.56, 9.60, 4.76, 14.97, 0.000, 0.000, 0.000, 14:30:23.671
10, 8.30, 13.13, 9.76, 11.93, 0.000, 0.000, 0.000, 14:30:23.671
11, 17.25, 12.67, 7.03, 14.71, 0.000, 0.000, 0.000, 14:30:23.672
12, 12.10, 10.68, 8.29, 13.89, 0.000, 0.000, 0.000, 14:30:23.673
13, 15.70, 12.28, 7.06, 7.85, 0.000, 0.000, 0.000, 14:30:23.673
14, 15.15, 16.86, 9.52, 13.94, 0.000, 0.000, 0.000, 14:30:23.675
15, 10.09, 12.86, 10.91, 11.68, 0.000, 0.000, 0.000, 14:30:23.676
16, 10.32, 11.26, 7.29, 14.92, 0.000, 0.000, 0.000, 14:30:23.677
17, 13.81, 14.03, 11.57, 12.46, 0.000, 0.000, 0.000, 14:30:23.677
18, 10.76, 15.10, 9.04, 15.65, 0.000, 0.000, 0.000, 14:30:23.678
19, 8.64, 10.78, 18.68, 15.58, 0.000, 0.000, 0.000, 14:30:23.679
20, 10.61, 10.88, 11.21, 12.93, 0.000, 0.000, 0.000, 14:30:23.680
21, 9.49, 12.78, 4.52, 13.44, 0.000, 0.000, 0.000, 14:30:23.680
22, 12.48, 12.48, 13.89, 16.19, 0.000, 0.000, 0.000, 14:30:23.681
23, 10.86, 12.24, 5.61, 11.08, 0.000, 0.000, 0.000, 14:30:23.681
24, 7.74, 7.97, 7.87, 14.06, 0.000, 0.000, 0.000, 14:30:23.682
25, 10.31, 9.91, 3.32, 13.46, 0.000, 0.000, 0.000, 14:30:23.683
26, 12.54, 11.88, 9.58, 12.54, 0.000, 0.000, 0.000, 14:30:23.683
27, 13.64, 14.94, 7.73, 16.60, 0.000, 0.000, 0.000, 14:30:23.684
28, 11.41, 9.68, 6.16, 9.93, 0.000, 0.000, 0.000, 14:30:23.684
29, 12.20, 6.10, 8.88, 13.73, 0.000, 0.000, 0.000, 14:30:23.685
30, 14.76, 13.78, 8.28, 18.80, 0.000, 0.000, 0.000, 14:30:23.685
31, 9.57, 14.11, 8.22, 14.51, 0.000, 0.000, 0.000, 14:30:23.686
32, 12.66, 10.16, 9.90, 8.41, 0.000, 0.000, 0.000, 14:30:23.686
33, 11.81, 12.27, 9.45, 15.05, 0.000, 0.000, 0.000, 14:30:23.687
34, 11.72, 17.45, 8.87, 10.48, 0.000, 0.000, 0.000, 14:30:23.687
35, 15.59, 16.60, 9.08, 14.92, 0.000, 0.000, 0.000, 14:30:23.690
36, 15.05, 10.40, 5.33, 14.15, 0.000, 0.000, 0.000, 14:30:23.692
37, 9.88, 10.43, 11.44, 13.38, 0.000, 0.000, 0.000, 14:30:23.694
38, 14.54, 15.62, 7.00, 14.61, 0.000, 0.000, 0.000, 14:30:23.695
39, 13.82, 12.85, 11.78, 16.76, 0.000, 0.000, 0.000, 14:30:23.695
40, 12.54, 5.99, 9.29, 13.39, 0.000, 0.000, 0.000, 14:30:23.696
41, 9.84, 7.88, 4.66, 11.15, 0.000, 0.000, 0.000, 14:30:23.696
42, 11.07, 11.42, 8.50, 13.56, 0.000, 0.000, 0.000, 14:30:23.697
43, 14.57, 12.10, 19.24, 13.31, 0.000, 0.000, 0.000, 14:30:23.697
44, 7.75, 11.16, 9.81, 16.41, 0.000, 0.000, 0.000, 14:30:23.698
45, 12.11, 8.46, 3.95, 12.10, 0.000, 0.000, 0.000, 14:30:23.698
46, 14.85, 13.82, 8.73, 15.64, 0.000, 0.000, 0.000, 14:30:23.699
47, 10.94, 12.06, 11.48, 14.88, 0.000, 0.000, 0.000, 14:30:23.699
48, 8.61, 10.08, 4.68, 13.30, 0.000, 0.000, 0.000, 14:30:23.702
49, 13.91, 11.13, 1.86, 14.86, 0.000, 0.000, 0.000, 14:30:23.702
50, 14.49, 14.39, 11.84, 10.23, 0.000, 0.000, 0.000, 14:30:23.705
51, 13.18, 11.15, 8.99, 10.55, 0.000, 0.000, 0.000, 14:30:23.706
52, 9.77, 12.47, 12.30, 13.30, 0.000, 0.000, 0.000, 14:30:23.706
53, 11.92, 8.82, 10.30, 13.31, 0.000, 0.000, 0.000, 14:30:23.707
54, 12.89, 14.28, 5.71, 18.36, 0.000, 0.000, 0.000, 14:30:23.709
55, 10.12, 11.58, 14.71, 13.53, 0.000, 0.000, 0.000, 14:30:23.710
56, 15.77, 12.79, 10.61, 14.12, 0.000, 0.000, 0.000, 14:30:23.711
57, 12.60, 12.02, 4.70, 13.55, 0.000, 0.000, 0.000, 14:30:23.711
58, 10.20, 12.84, 12.92, 17.56, 0.000, 0.000, 0.000, 14:30:23.712
59, 12.54, 14.75, 6.86, 17.70, 0.000, 0.000, 0.000, 14:30:23.712
60, 10.80, 13.76, 7.51, 15.77, 0.000, 0.000, 0.000, 14:30:23.713
61, 9.99, 15.59, 7.51, 9.28, 0.000, 0.000, 0.000, 14:30:23.716
62, 14.53, 12.76, 10.00, 16.29, 0.000, 0.000, 0.000, 14:30:23.718
63, 13.15, 11.65, 10.31, 9.89, 0.000, 0.000, 0.000, 14:30:23.719
64, 12.18, 12.96, 7.62, 11.10, 0.000, 0.000, 0.000, 14:30:23.719
65, 13.07, 13.36, 8.56, 15.66, 0.000, 0.000, 0.000, 14:30:23.720
66, 16.72, 13.99, 6.46, 12.89, 0.000, 0.000, 0.000, 14:30:23.720
67, 11.04, 12.08, 6.70, 14.39, 0.000, 0.000, 0.000, 14:30:23.736
68, 8.09, 11.75, 7.14, 17.02, 0.000, 0.000, 0.000, 14:30:23.736
69, 14.78, 16.07, 3.64, 11.87, 0.000, 0.000, 0.000, 14:30:23.737
70, 15.92, 14.87, 9.72, 16.46, 0.000, 0.000, 0.000, 14:30:23.737
71, 11.85, 12.69, 9.16, 13.50, 0.000, 0.000, 0.000, 14:30:23.738
72, 12.36, 12.55, 8.54, 15.92, 0.000, 0.000, 0.000, 14:30:23.738
73, 11.35, 11.47, 8.65, 13.59, 0.000, 0.000, 0.000, 14:30:23.751
74, 9.94, 11.51, 5.84, 13.98, 0.000, 0.000, 0.000, 14:30:23.753
75, 14.63, 13.08, 8.68, 13.11, 0.000, 0.000, 0.000, 14:30:23.786
76, 14.94, 7.16, 4.70, 12.50, 0.000, 0.000, 0.000, 14:30:23.787
77, 10.97, 6.56, 7.83, 10.26, 0.000, 0.000, 0.000, 14:30:23.787
78, 10.63, 9.52, 4.00, 15.02, 0.000, 0.000, 0.000, 14:30:23.787
79, 11.08, 15.23, 5.37, 8.24, 0.000, 0.000, 0.000, 14:30:23.788
80, 12.27, 9.68, 11.80, 13.57, 0.000, 0.000, 0.000, 14:30:23.788
81, 13.68, 10.02, 5.57, 11.05, 0.000, 0.000, 0.000, 14:30:23.793
82, 14.24, 17.40, 16.35, 17.90, 0.000, 0.000, 0.000, 14:30:23.794
83, 14.22, 15.66, 13.74, 15.93, 0.000, 0.000, 0.000, 14:30:23.795
84, 10.95, 13.68, 5.32, 14.21, 0.000, 0.000, 0.000, 14:30:23.795
85, 14.55, 10.05, 6.70, 18.56, 0.000, 0.000, 0.000, 14:30:23.809
86, 10.23, 10.77, 7.92, 15.79, 0.000, 0.000, 0.000, 14:30:23.811
87, 9.69, 12.09, 10.98, 13.36, 0.000, 0.000, 0.000, 14:30:23.822
88, 13.68, 12.03, 12.44, 19.53, 0.000, 0.000, 0.000, 14:30:23.823
89, 13.14, 14.10, 5.95, 12.77, 0.000, 0.000, 0.000, 14:30:23.823
90, 14.95, 15.51, 11.65, 14.44, 0.000, 0.000, 0.000, 14:30:23.824
91, 14.71, 6.41, 7.36, 11.86, 0.000, 0.000, 0.000, 14:30:23.837
92, 14.11, 12.50, 7.48, 12.21, 0.000, 0.000, 0.000, 14:30:23.838
93, 11.95, 11.71, 7.38, 10.28, 0.000, 0.000, 0.000, 14:30:23.852
94, 13.02, 11.60, 5.77, 15.33, 0.000, 0.000, 0.000, 14:30:23.852
95, 13.96, 16.49, 13.44, 12.83, 0.000, 0.000, 0.000, 14:30:23.852
96, 13.53, 10.73, 8.12, 14.24, 0.000, 0.000, 0.000, 14:30:23.853
97, 10.47, 9.95, 10.62, 14.27, 0.000, 0.000, 0.000, 14:30:23.866
98, 14.30, 11.34, 13.37, 11.17, 0.000, 0.000, 0.000, 14:30:23.866
99, 9.91, 15.11, 11.48, 14.52, 0.000, 0.000, 0.000, 14:30:23.881
100, 9.73, 14.30, 7.94, 15.71, 0.000, 0.000, 0.000, 14:30:23.882
101, 12.78, 13.49, 2.91, 12.27, 0.000, 0.000, 0.000, 14:30:23.882
102, 9.18, 10.32, 10.66, 15.07, 0.000, 0.000, 0.000, 14:30:23.882
103, 10.09, 12.90, 7.40, 17.33, 0.000, 0.000, 0.000, 14:30:23.897
104, 10.12, 5.10, 6.04, 12.60, 0.000, 0.000, 0.000, 14:30:23.897
105, 11.14, 14.62, 12.48, 12.55, 0.000, 0.000, 0.000, 14:30:23.912
106, 7.97, 12.14, 5.36, 13.99, 0.000, 0.000, 0.000, 14:30:23.913
107, 12.03, 12.89, 5.84, 12.49, 0.000, 0.000, 0.000, 14:30:23.913
108, 12.66, 12.15, 5.04, 9.46, 0.000, 0.000, 0.000, 14:30:23.914
109, 11.39, 14.28, 6.16, 11.60, 0.000, 0.000, 0.000, 14:30:23.927
110, 11.11, 11.92, 11.69, 13.16, 0.000, 0.000, 0.000, 14:30:23.929
111, 9.88, 14.43, 10.42, 11.28, 0.000, 0.000, 0.000, 14:30:23.942
112, 13.73, 10.42, 7.31, 11.29, 0.000, 0.000, 0.000, 14:30:23.943
113, 7.33, 7.86, 6.83, 16.07, 0.000, 0.000, 0.000, 14:30:23.943
114, 13.63, 10.99, 8.41, 18.31, 0.000, 0.000, 0.000, 14:30:23.943
115, 10.83, 9.06, 6.62, 12.65, 0.000, 0.000, 0.000, 14:30:23.957
116, 10.74, 9.91, 10.31, 12.67, 0.000, 0.000, 0.000, 14:30:23.957
117, 10.30, 10.35, 5.95, 15.26, 0.000, 0.000, 0.000, 14:30:23.971
118, 11.51, 15.08, 7.60, 18.63, 0.000, 0.000, 0.000, 14:30:23.971
119, 13.92, 13.11, 8.00, 16.23, 0.000, 0.000, 0.000, 14:30:23.973
120, 9.59, 6.99, 7.58, 14.17, 0.000, 0.000, 0.000, 14:30:23.974
121, 13.31, 12.18, 6.80, 12.83, 0.000, 0.000, 0.000, 14:30:23.987
122, 17.05, 16.29, 10.00, 15.42, 0.000, 0.000, 0.000, 14:30:23.988
123, 11.41, 14.05, 11.22, 11.37, 0.000, 0.000, 0.000, 14:30:24.001
124, 13.69, 11.85, 9.89, 12.35, 0.000, 0.000, 0.000, 14:30:24.002
125, 13.82, 11.96, 8.65, 10.41, 0.000, 0.000, 0.000, 14:30:24.029
126, 13.57, 10.82, 7.48, 12.66, 0.000, 0.000, 0.000, 14:30:24.029
127, 18.60, 13.05, 10.25, 15.68, 0.000, 0.000, 0.000, 14:30:24.029
128, 9.90, 11.08, 9.54, 13.97, 0.000, 0.000, 0.000, 14:30:24.029
129, 14.10, 13.24, 8.54, 11.97, 0.000, 0.000, 0.000, 14:30:24.031
130, 15.74, 13.11, 11.06, 15.43, 0.000, 0.000, 0.000, 14:30:24.031
131, 14.80, 12.85, 11.10, 15.41, 0.000, 0.000, 0.000, 14:30:24.032
132, 9.88, 13.49, 8.28, 13.15, 0.000, 0.000, 0.000, 14:30:24.032
133, 12.26, 17.26, 11.59, 20.09, 0.000, 0.000, 0.000, 14:30:24.046
134, 14.11, 17.50, 11.37, 16.44, 0.000, 0.000, 0.000, 14:30:24.047
135, 12.38, 17.86, 11.47, 15.74, 0.000, 0.000, 0.000, 14:30:24.063
136, 13.34, 9.48, 5.37, 11.37, 0.000, 0.000, 0.000, 14:30:24.063
137, 10.37, 12.96, 7.40, 7.81, 0.000, 0.000, 0.000, 14:30:24.064
138, 10.90, 11.91, 4.31, 16.10, 0.000, 0.000, 0.000, 14:30:24.064
139, 12.61, 16.66, 12.78, 13.21, 0.000, 0.000, 0.000, 14:30:24.083
140, 9.25, 11.21, 7.26, 11.23, 0.000, 0.000, 0.000, 14:30:24.083
141, 9.72, 8.07, 5.56, 11.20, 0.000, 0.000, 0.000, 14:30:24.098
142, 10.79, 13.44, 11.81, 16.56, 0.000, 0.000, 0.000, 14:30:24.098
143, 13.51, 15.31, 8.45, 15.40, 0.000, 0.000, 0.000, 14:30:24.098
144, 10.41, 4.54, 2.61, 10.28, 0.000, 0.000, 0.000, 14:30:24.098
145, 8.65, 11.59, 5.08, 11.97, 0.000, 0.000, 0.000, 14:30:24.107
146, 13.40, 14.38, 10.59, 15.39, 0.000, 0.000, 0.000, 14:30:24.107
147, 11.02, 12.29, 9.07, 14.06, 0.000, 0.000, 0.000, 14:30:24.121
148, 12.49, 11.29, 8.10, 12.74, 0.000, 0.000, 0.000, 14:30:24.122
149, 8.86, 10.54, 6.20, 11.84, 0.000, 0.000, 0.000, 14:30:24.136
150, 13.40, 9.59, 10.36, 14.48, 0.000, 0.000, 0.000, 14:30:24.136
151, 9.88, 11.35, 13.08, 14.69, 0.000, 0.000, 0.000, 14:30:24.151
152, 13.78, 12.22, 7.41, 10.88, 0.000, 0.000, 0.000, 14:30:24.152
153, 11.55, 11.19, 8.37, 13.27, 0.000, 0.000, 0.000, 14:30:24.152
154, 16.56, 12.91, 7.69, 15.51, 0.000, 0.000, 0.000, 14:30:24.152
155, 14.65, 17.69, 10.20, 12.52, 0.000, 0.000, 0.000, 14:30:24.153
156, 10.57, 13.00, 10.58, 14.16, 0.000, 0.000, 0.000, 14:30:24.153
157, 11.96, 8.85, 5.68, 12.30, 0.000, 0.000, 0.000, 14:30:24.166
158, 12.33, 13.88, 7.87, 16.09, 0.000, 0.000, 0.000, 14:30:24.166
159, 10.12, 13.11, 11.04, 11.55, 0.000, 0.000, 0.000, 14:30:24.181
160, 12.64, 10.10, 9.40, 12.93, 0.000, 0.000, 0.000, 14:30:24.181
161, 13.61, 9.61, 10.02, 15.19, 0.000, 0.000, 0.000, 14:30:24.182
162, 13.67, 16.90, 6.94, 13.85, 0.000, 0.000, 0.000, 14:30:24.182
163, 11.86, 12.50, 8.47, 15.69, 0.000, 0.000, 0.000, 14:30:24.196
164, 15.27, 10.62, 8.33, 13.28, 0.000, 0.000, 0.000, 14:30:24.197
165, 12.21, 10.73, 8.73, 16.62, 0.000, 0.000, 0.000, 14:30:24.212
166, 17.21, 15.83, 7.80, 19.24, 0.000, 0.000, 0.000, 14:30:24.213
167, 13.19, 14.08, 12.79, 16.59, 0.000, 0.000, 0.000, 14:30:24.213
168, 10.40, 9.88, 7.86, 12.61, 0.000, 0.000, 0.000, 14:30:24.213
169, 15.04, 13.08, 7.79, 16.04, 0.000, 0.000, 0.000, 14:30:24.227
170, 11.48, 10.42, 9.79, 16.78, 0.000, 0.000, 0.000, 14:30:24.227
171, 14.71, 12.73, 11.19, 13.35, 0.000, 0.000, 0.000, 14:30:24.242
172, 8.33, 10.59, 8.40, 9.73, 0.000, 0.000, 0.000, 14:30:24.243
173, 10.86, 10.75, 5.16, 12.74, 0.000, 0.000, 0.000, 14:30:24.243
174, 12.77, 8.99, 5.49, 13.40, 0.000, 0.000, 0.000, 14:30:24.243
175, 17.87, 15.11, 12.03, 16.14, 0.000, 0.000, 0.000, 14:30:24.257
176, 11.01, 12.75, 10.18, 15.68, 0.000, 0.000, 0.000, 14:30:24.257
177, 14.34, 13.35, 11.14, 13.10, 0.000, 0.000, 0.000, 14:30:24.272
178, 13.89, 15.70, 9.74, 16.81, 0.000, 0.000, 0.000, 14:30:24.272
179, 12.31, 15.37, 12.02, 17.67, 0.000, 0.000, 0.000, 14:30:24.273
180, 11.30, 10.79, 9.01, 6.90, 0.000, 0.000, 0.000, 14:30:24.273
181, 15.32, 13.38, 13.65, 9.11, 0.000, 0.000, 0.000, 14:30:24.287
182, 12.26, 15.06, 8.78, 11.19, 0.000, 0.000, 0.000, 14:30:24.287
183, 12.81, 6.66, 7.00, 11.71, 0.000, 0.000, 0.000, 14:30:24.302
184, 12.39, 10.59, 7.03, 10.74, 0.000, 0.000, 0.000, 14:30:24.302
185, 8.96, 7.49, 9.74, 12.16, 0.000, 0.000, 0.000, 14:30:24.302
186, 8.87, 12.39, 3.98, 16.91, 0.000, 0.000, 0.000, 14:30:24.302
187, 13.98, 13.43, 5.06, 9.07, 0.000, 0.000, 0.000, 14:30:24.316
188, 11.66, 10.00, 8.67, 13.23, 0.000, 0.000, 0.000, 14:30:24.317
189, 14.06, 13.57, 9.22, 12.70, 0.000, 0.000, 0.000, 14:30:24.332
190, 9.45, 12.83, 8.57, 14.52, 0.000, 0.000, 0.000, 14:30:24.332
191, 12.33, 15.81, 9.05, 15.75, 0.000, 0.000, 0.000, 14:30:24.332
192, 13.47, 7.38, 4.23, 13.87, 0.000, 0.000, 0.000, 14:30:24.332
193, 10.91, 8.80, 9.39, 13.96, 0.000, 0.000, 0.000, 14:30:24.348
194, 10.12, 12.24, 8.15, 12.80, 0.000, 0.000, 0.000, 14:30:24.349
195, 14.24, 14.50, 7.70, 17.76, 0.000, 0.000, 0.000, 14:30:24.363
196, 8.99, 6.65, 4.98, 8.43, 0.000, 0.000, 0.000, 14:30:24.363
197, 10.48, 12.71, 5.73, 12.34, 0.000, 0.000, 0.000, 14:30:24.363
198, 11.71, 12.21, 12.08, 12.18, 0.000, 0.000, 0.000, 14:30:24.363
199, 11.75, 14.74, 9.07, 12.95, 0.000, 0.000, 0.000, 14:30:24.377
200, 9.96, 11.18, 13.09, 11.73, 0.000, 0.000, 0.000, 14:30:24.377
0, 10.10, 12.92, 7.92, 14.25, 0.000, 0.000, 0.000, 14:30:24.377
1, 14.22, 13.68, 8.79, 18.36, 0.000, 0.000, 0.000, 14:30:24.392
2, 13.22, 10.67, 12.15, 17.09, 0.000, 0.000, 0.000, 14:30:24.393
3, 13.53, 10.68, 5.37, 14.89, 0.000, 0.000, 0.000, 14:30:24.410
4, 11.56, 13.71, 10.52, 11.78, 0.000, 0.000, 0.000, 14:30:24.411
5, 13.73, 16.27, 11.57, 14.36, 0.000, 0.000, 0.000, 14:30:24.413
6, 13.88, 14.51, 7.23, 11.49, 0.000, 0.000, 0.000, 14:30:24.413
7, 12.77, 11.64, 6.86, 15.90, 0.000, 0.000, 0.000, 14:30:24.422
8, 8.66, 10.90, 6.91, 12.29, 0.000, 0.000, 0.000, 14:30:24.422
9, 12.06, 11.19, 7.03, 13.77, 0.000, 0.000, 0.000, 14:30:24.437
10, 11.12, 10.07, 13.04, 16.49, 0.000, 0.000, 0.000, 14:30:24.437
11, 12.67, 10.63, 4.72, 11.48, 0.000, 0.000, 0.000, 14:30:24.449
12, 10.98, 9.29, 12.68, 14.59, 0.000, 0.000, 0.000, 14:30:24.450
13, 14.40, 12.65, 6.78, 16.17, 0.000, 0.000, 0.000, 14:30:24.452
14, 10.03, 17.50, 8.02, 14.92, 0.000, 0.000, 0.000, 14:30:24.452
15, 9.41, 13.14, 5.86, 12.39, 0.000, 0.000, 0.000, 14:30:24.467
16, 6.82, 10.11, 8.12, 9.48, 0.000, 0.000, 0.000, 14:30:24.467
17, 13.17, 11.23, 12.31, 15.97, 0.000, 0.000, 0.000, 14:30:24.467
18, 15.31, 13.60, 19.48, 18.56, 0.000, 0.000, 0.000, 14:30:24.468
19, 16.26, 7.96, 12.20, 11.53, 0.000, 0.000, 0.000, 14:30:24.481
20, 11.41, 14.05, 16.45, 14.16, 0.000, 0.000, 0.000, 14:30:24.481
21, 14.73, 11.93, 9.68, 16.75, 0.000, 0.000, 0.000, 14:30:24.496
22, 12.29, 11.55, 13.10, 12.39, 0.000, 0.000, 0.000, 14:30:24.497
23, 12.38, 11.99, 3.23, 9.34, 0.000, 0.000, 0.000, 14:30:24.497
24, 7.09, 13.36, 4.43, 16.04, 0.000, 0.000, 0.000, 14:30:24.497
25, 14.27, 14.37, 8.74, 14.70, 0.000, 0.000, 0.000, 14:30:24.512
26, 13.07, 10.62, 8.58, 12.67, 0.000, 0.000, 0.000, 14:30:24.513
27, 11.74, 5.93, 2.33, 11.76, 0.000, 0.000, 0.000, 14:30:24.527
28, 14.71, 10.05, 0.83, 12.44, 0.000, 0.000, 0.000, 14:30:24.528
29, 14.68, 9.96, 5.25, 13.61, 0.000, 0.000, 0.000, 14:30:24.529
30, 12.35, 14.37, 12.78, 14.24, 0.000, 0.000, 0.000, 14:30:24.530
31, 12.27, 11.11, 10.54, 17.56, 0.000, 0.000, 0.000, 14:30:24.542
32, 10.65, 12.81, 2.10, 10.51, 0.000, 0.000, 0.000, 14:30:24.543
33, 14.26, 14.33, 7.28, 13.86, 0.000, 0.000, 0.000, 14:30:24.556
34, 14.83, 12.48, 8.76, 14.55, 0.000, 0.000, 0.000, 14:30:24.557
35, 9.44, 14.65, 3.98, 14.21, 0.000, 0.000, 0.000, 14:30:24.557
36, 10.19, 10.51, 11.36, 15.16, 0.000, 0.000, 0.000, 14:30:24.557
37, 13.12, 13.22, 6.46, 13.97, 0.000, 0.000, 0.000, 14:30:24.571
38, 11.43, 12.77, 5.65, 14.71, 0.000, 0.000, 0.000, 14:30:24.572
39, 14.21, 13.38, 10.92, 13.44, 0.000, 0.000, 0.000, 14:30:24.586
40, 12.86, 10.52, 12.58, 12.21, 0.000, 0.000, 0.000, 14:30:24.587
41, 11.27, 13.26, 8.66, 14.84, 0.000, 0.000, 0.000, 14:30:24.587
42, 13.22, 13.19, 6.54, 15.31, 0.000, 0.000, 0.000, 14:30:24.587
43, 10.81, 12.21, 4.82, 11.32, 0.000, 0.000, 0.000, 14:30:24.601
44, 9.90, 13.40, 5.71, 15.83, 0.000, 0.000, 0.000, 14:30:24.602
45, 13.11, 11.77, 13.65, 14.05, 0.000, 0.000, 0.000, 14:30:24.616
46, 11.52, 13.83, 8.57, 15.33, 0.000, 0.000, 0.000, 14:30:24.617
47, 8.79, 11.92, 13.34, 13.15, 0.000, 0.000, 0.000, 14:30:24.617
48, 13.61, 9.10, 5.63, 12.02, 0.000, 0.000, 0.000, 14:30:24.617
49, 15.40, 12.99, 4.39, 18.09, 0.000, 0.000, 0.000, 14:30:24.632
50, 15.98, 16.79, 16.03, 14.39, 0.000, 0.000, 0.000, 14:30:24.632
51, 11.49, 10.43, 4.87, 11.88, 0.000, 0.000, 0.000, 14:30:24.646
52, 9.31, 11.01, 7.18, 14.57, 0.000, 0.000, 0.000, 14:30:24.647
53, 14.46, 11.36, 9.04, 12.49, 0.000, 0.000, 0.000, 14:30:24.647
54, 13.68, 11.78, 8.29, 9.89, 0.000, 0.000, 0.000, 14:30:24.647
55, 10.44, 11.78, 1.09, 12.52, 0.000, 0.000, 0.000, 14:30:24.663
56, 6.86, 8.74, 11.35, 14.57, 0.000, 0.000, 0.000, 14:30:24.664
57, 10.76, 13.65, 8.53, 12.91, 0.000, 0.000, 0.000, 14:30:24.676
58, 10.67, 13.44, 13.85, 13.26, 0.000, 0.000, 0.000, 14:30:24.677
59, 9.10, 17.55, 14.23, 14.31, 0.000, 0.000, 0.000, 14:30:24.681
60, 15.74, 11.75, 11.96, 14.15, 0.000, 0.000, 0.000, 14:30:24.682
61, 11.28, 13.01, 10.88, 15.86, 0.000, 0.000, 0.000, 14:30:24.693
62, 13.89, 17.53, 11.39, 12.06, 0.000, 0.000, 0.000, 14:30:24.693
63, 11.74, 11.17, 6.26, 11.24, 0.000, 0.000, 0.000, 14:30:24.706
64, 10.02, 11.95, 11.34, 12.89, 0.000, 0.000, 0.000, 14:30:24.707
65, 12.06, 10.05, 14.91, 12.60, 0.000, 0.000, 0.000, 14:30:24.707
66, 15.80, 11.24, 4.25, 13.47, 0.000, 0.000, 0.000, 14:30:24.707
67, 12.82, 9.55, 11.63, 11.30, 0.000, 0.000, 0.000, 14:30:24.721
68, 13.35, 11.36, 9.88, 11.19, 0.000, 0.000, 0.000, 14:30:24.721
69, 12.94, 17.03, 10.41, 13.85, 0.000, 0.000, 0.000, 14:30:24.736
70, 13.78, 11.82, 11.07, 13.13, 0.000, 0.000, 0.000, 14:30:24.736
71, 9.59, 9.96, 0.29, 12.52, 0.000, 0.000, 0.000, 14:30:24.737
72, 10.65, 12.16, 3.01, 8.77, 0.000, 0.000, 0.000, 14:30:24.737
73, 16.23, 12.79, 13.72, 16.17, 0.000, 0.000, 0.000, 14:30:24.751
74, 12.02, 14.96, 11.13, 16.74, 0.000, 0.000, 0.000, 14:30:24.752
75, 10.73, 13.68, 1.07, 13.10, 0.000, 0.000, 0.000, 14:30:24.767
76, 9.36, 8.54, 6.42, 14.16, 0.000, 0.000, 0.000, 14:30:24.767
77, 12.89, 15.05, 6.92, 12.93, 0.000, 0.000, 0.000, 14:30:24.774
78, 13.83, 13.82, 13.19, 20.01, 0.000, 0.000, 0.000, 14:30:24.775
79, 10.68, 11.51, 7.36, 11.32, 0.000, 0.000, 0.000, 14:30:24.781
80, 14.62, 6.95, 5.50, 13.54, 0.000, 0.000, 0.000, 14:30:24.782
81, 10.09, 13.80, 5.86, 9.84, 0.000, 0.000, 0.000, 14:30:24.796
82, 12.37, 11.60, 7.00, 18.35, 0.000, 0.000, 0.000, 14:30:24.797
83, 15.20, 7.15, 9.41, 12.69, 0.000, 0.000, 0.000, 14:30:24.797
84, 15.36, 14.63, 1.55, 13.60, 0.000, 0.000, 0.000, 14:30:24.797
85, 17.36, 14.88, 11.52, 16.16, 0.000, 0.000, 0.000, 14:30:24.812
86, 14.02, 9.10, 10.10, 14.32, 0.000, 0.000, 0.000, 14:30:24.812
87, 10.35, 12.74, 10.79, 14.47, 0.000, 0.000, 0.000, 14:30:24.826
88, 11.46, 5.94, 4.52, 9.21, 0.000, 0.000, 0.000, 14:30:24.827
89, 9.58, 10.42, 7.64, 19.65, 0.000, 0.000, 0.000, 14:30:24.828
90, 13.66, 9.89, 7.73, 16.43, 0.000, 0.000, 0.000, 14:30:24.829
91, 11.61, 9.78, 9.28, 13.43, 0.000, 0.000, 0.000, 14:30:24.842
92, 5.01, 11.58, 2.84, 12.19, 0.000, 0.000, 0.000, 14:30:24.842
93, 11.70, 19.06, 7.83, 13.72, 0.000, 0.000, 0.000, 14:30:24.857
94, 11.09, 11.77, 11.74, 16.18, 0.000, 0.000, 0.000, 14:30:24.857
95, 10.62, 10.15, 5.51, 10.78, 0.000, 0.000, 0.000, 14:30:24.860
96, 10.85, 8.70, 3.08, 13.76, 0.000, 0.000, 0.000, 14:30:24.861
97, 12.79, 13.48, 12.36, 15.15, 0.000, 0.000, 0.000, 14:30:24.871
98, 17.12, 12.37, 8.11, 9.69, 0.000, 0.000, 0.000, 14:30:24.872
99, 12.50, 12.26, 9.05, 13.28, 0.000, 0.000, 0.000, 14:30:24.886
100, 10.04, 10.43, 8.79, 10.86, 0.000, 0.000, 0.000, 14:30:24.886
101, 14.64, 16.37, 9.12, 17.88, 0.000, 0.000, 0.000, 14:30:24.887
102, 14.82, 13.42, 9.68, 15.36, 0.000, 0.000, 0.000, 14:30:24.887
103, 11.20, 9.47, 5.51, 8.61, 0.000, 0.000, 0.000, 14:30:24.901
104, 12.03, 13.29, 5.94, 15.40, 0.000, 0.000, 0.000, 14:30:24.901
105, 14.03, 12.10, 10.42, 14.12, 0.000, 0.000, 0.000, 14:30:24.916
106, 16.24, 15.06, 9.95, 16.69, 0.000, 0.000, 0.000, 14:30:24.916
107, 9.98, 10.00, 0.78, 12.96, 0.000, 0.000, 0.000, 14:30:24.917
108, 5.20, 8.04, 7.27, 9.07, 0.000, 0.000, 0.000, 14:30:24.917
109, 18.32, 15.57, 7.12, 12.82, 0.000, 0.000, 0.000, 14:30:24.931
110, 10.54, 11.70, 6.48, 12.00, 0.000, 0.000, 0.000, 14:30:24.932
111, 11.60, 14.71, 8.81, 13.17, 0.000, 0.000, 0.000, 14:30:24.946
112, 10.74, 9.60, 11.68, 16.26, 0.000, 0.000, 0.000, 14:30:24.946
113, 11.93, 14.06, 12.95, 18.00, 0.000, 0.000, 0.000, 14:30:24.947
114, 11.09, 13.82, 8.79, 11.69, 0.000, 0.000, 0.000, 14:30:24.947
115, 11.10, 9.18, 9.09, 12.78, 0.000, 0.000, 0.000, 14:30:24.963
116, 11.57, 12.17, 10.97, 13.77, 0.000, 0.000, 0.000, 14:30:24.963
117, 16.85, 12.08, 10.79, 16.27, 0.000, 0.000, 0.000, 14:30:24.978
118, 13.38, 10.66, 8.12, 15.05, 0.000, 0.000, 0.000, 14:30:24.979
119, 15.87, 11.80, 8.51, 14.25, 0.000, 0.000, 0.000, 14:30:24.979
120, 12.04, 11.83, 7.18, 12.67, 0.000, 0.000, 0.000, 14:30:24.980
121, 14.80, 14.28, 9.65, 18.05, 0.000, 0.000, 0.000, 14:30:24.993
122, 13.64, 9.00, 10.67, 16.00, 0.000, 0.000, 0.000, 14:30:24.993
123, 13.43, 15.50, 11.05, 12.27, 0.000, 0.000, 0.000, 14:30:25.007
124, 12.82, 7.73, 11.97, 10.85, 0.000, 0.000, 0.000, 14:30:25.007
125, 14.49, 11.20, 4.57, 16.51, 0.000, 0.000, 0.000, 14:30:25.008
126, 14.52, 13.63, 12.89, 12.90, 0.000, 0.000, 0.000, 14:30:25.008
127, 11.46, 10.66, 6.75, 11.17, 0.000, 0.000, 0.000, 14:30:25.022
128, 11.24, 13.30, 8.75, 11.16, 0.000, 0.000, 0.000, 14:30:25.022
129, 16.06, 12.87, 8.06, 17.44, 0.000, 0.000, 0.000, 14:30:25.037
130, 7.66, 8.65, 8.06, 14.50, 0.000, 0.000, 0.000, 14:30:25.037
131, 8.51, 8.79, 9.80, 15.18, 0.000, 0.000, 0.000, 14:30:25.037
132, 12.67, 10.45, 6.68, 12.24, 0.000, 0.000, 0.000, 14:30:25.037
133, 16.36, 13.74, 9.14, 10.36, 0.000, 0.000, 0.000, 14:30:25.051
134, 15.94, 15.19, 10.50, 14.82, 0.000, 0.000, 0.000, 14:30:25.052
135, 9.88, 12.53, 10.55, 13.76, 0.000, 0.000, 0.000, 14:30:25.066
136, 6.23, 12.24, 2.76, 11.36, 0.000, 0.000, 0.000, 14:30:25.067
137, 14.93, 14.71, 11.31, 13.85, 0.000, 0.000, 0.000, 14:30:25.067
138, 9.97, 12.25, 7.32, 13.86, 0.000, 0.000, 0.000, 14:30:25.067
139, 11.42, 11.62, 7.61, 12.73, 0.000, 0.000, 0.000, 14:30:25.082
140, 7.43, 10.43, 8.82, 9.55, 0.000, 0.000, 0.000, 14:30:25.082
141, 15.53, 18.10, 6.97, 17.48, 0.000, 0.000, 0.000, 14:30:25.097
142, 13.62, 10.58, 6.76, 13.63, 0.000, 0.000, 0.000, 14:30:25.097
143, 9.30, 14.23, 7.97, 14.41, 0.000, 0.000, 0.000, 14:30:25.097
144, 11.20, 12.33, 6.11, 14.51, 0.000, 0.000, 0.000, 14:30:25.097
145, 14.77, 15.18, 8.11, 20.35, 0.000, 0.000, 0.000, 14:30:25.113
146, 14.58, 10.68, 6.30, 13.71, 0.000, 0.000, 0.000, 14:30:25.113
147, 9.17, 9.90, 14.36, 12.90, 0.000, 0.000, 0.000, 14:30:25.127
148, 10.11, 9.43, 13.16, 10.49, 0.000, 0.000, 0.000, 14:30:25.127
149, 13.44, 12.79, 8.15, 13.39, 0.000, 0.000, 0.000, 14:30:25.128
150, 12.24, 12.00, 5.63, 15.06, 0.000, 0.000, 0.000, 14:30:25.129
151, 13.16, 15.62, 5.97, 14.72, 0.000, 0.000, 0.000, 14:30:25.142
152, 14.03, 9.87, 2.48, 11.13, 0.000, 0.000, 0.000, 14:30:25.142
153, 12.72, 12.16, 11.90, 13.81, 0.000, 0.000, 0.000, 14:30:25.156
154, 12.64, 13.26, 11.89, 12.90, 0.000, 0.000, 0.000, 14:30:25.157
155, 6.68, 9.82, 6.74, 13.42, 0.000, 0.000, 0.000, 14:30:25.157
156, 8.58, 12.13, 6.77, 12.33, 0.000, 0.000, 0.000, 14:30:25.157
157, 11.47, 13.88, 10.77, 16.23, 0.000, 0.000, 0.000, 14:30:25.179
158, 11.74, 11.71, 9.98, 16.50, 0.000, 0.000, 0.000, 14:30:25.180
159, 11.89, 10.61, 13.11, 15.61, 0.000, 0.000, 0.000, 14:30:25.186
160, 13.15, 10.88, 9.98, 16.02, 0.000, 0.000, 0.000, 14:30:25.187
161, 12.35, 8.56, 4.17, 15.76, 0.000, 0.000, 0.000, 14:30:25.187
162, 11.31, 12.16, 9.16, 8.27, 0.000, 0.000, 0.000, 14:30:25.187
163, 12.85, 10.86, 10.43, 11.50, 0.000, 0.000, 0.000, 14:30:25.201
164, 12.81, 14.53, 12.59, 16.69, 0.000, 0.000, 0.000, 14:30:25.202
165, 14.34, 12.84, 13.70, 12.43, 0.000, 0.000, 0.000, 14:30:25.217
166, 10.30, 15.84, 20.13, 16.57, 0.000, 0.000, 0.000, 14:30:25.217
167, 12.15, 12.12, 10.81, 14.18, 0.000, 0.000, 0.000, 14:30:25.217
168, 10.06, 10.87, 8.63, 11.90, 0.000, 0.000, 0.000, 14:30:25.217
169, 13.24, 16.52, 9.06, 12.17, 0.000, 0.000, 0.000, 14:30:25.232
170, 14.52, 12.77, 9.37, 15.30, 0.000, 0.000, 0.000, 14:30:25.233
171, 14.75, 14.13, 6.54, 11.89, 0.000, 0.000, 0.000, 14:30:25.247
172, 14.60, 12.23, 6.63, 14.22, 0.000, 0.000, 0.000, 14:30:25.247
173, 11.95, 12.23, 4.15, 16.50, 0.000, 0.000, 0.000, 14:30:25.247
174, 11.46, 15.35, 9.27, 17.75, 0.000, 0.000, 0.000, 14:30:25.247
175, 11.84, 12.87, 10.10, 13.90, 0.000, 0.000, 0.000, 14:30:25.263
176, 12.34, 13.72, 8.96, 14.17, 0.000, 0.000, 0.000, 14:30:25.263
177, 15.25, 13.70, 14.61, 13.42, 0.000, 0.000, 0.000, 14:30:25.276
178, 13.79, 14.13, 5.01, 14.00, 0.000, 0.000, 0.000, 14:30:25.277
179, 9.72, 8.86, 3.24, 12.47, 0.000, 0.000, 0.000, 14:30:25.279
180, 10.86, 11.23, 12.89, 14.12, 0.000, 0.000, 0.000, 14:30:25.279
181, 11.11, 10.69, 10.60, 17.05, 0.000, 0.000, 0.000, 14:30:25.292
182, 13.10, 16.47, 2.78, 13.11, 0.000, 0.000, 0.000, 14:30:25.298
183, 12.98, 12.38, 11.74, 16.41, 0.000, 0.000, 0.000, 14:30:25.306
184, 8.80, 12.06, 7.34, 11.71, 0.000, 0.000, 0.000, 14:30:25.308
185, 15.07, 9.37, 3.71, 13.48, 0.000, 0.000, 0.000, 14:30:25.309
186, 10.27, 11.54, 16.24, 16.25, 0.000, 0.000, 0.000, 14:30:25.309
187, 14.36, 9.35, 10.61, 13.03, 0.000, 0.000, 0.000, 14:30:25.322
188, 12.41, 9.84, 1.94, 15.17, 0.000, 0.000, 0.000, 14:30:25.322
189, 17.07, 11.46, 7.69, 15.90, 0.000, 0.000, 0.000, 14:30:25.337
190, 14.82, 12.99, 4.63, 16.36, 0.000, 0.000, 0.000, 14:30:25.337
191, 10.58, 13.36, 6.19, 14.88, 0.000, 0.000, 0.000, 14:30:25.337
192, 10.37, 9.50, 7.26, 12.65, 0.000, 0.000, 0.000, 14:30:25.337
193, 9.82, 12.81, 4.45, 13.39, 0.000, 0.000, 0.000, 14:30:25.351
194, 13.97, 17.35, 6.76, 15.73, 0.000, 0.000, 0.000, 14:30:25.352
195, 11.65, 11.19, 6.06, 12.25, 0.000, 0.000, 0.000, 14:30:25.366
196, 10.35, 8.74, 9.14, 9.23, 0.000, 0.000, 0.000, 14:30:25.367
197, 10.95, 8.66, 13.67, 10.25, 0.000, 0.000, 0.000, 14:30:25.367
198, 10.64, 13.53, 8.44, 11.38, 0.000, 0.000, 0.000, 14:30:25.367
199, 16.10, 16.31, 13.46, 12.60, 0.000, 0.000, 0.000, 14:30:25.381
200, 13.47, 11.73, 15.53, 14.79, 0.000, 0.000, 0.000, 14:30:25.382
0, 12.45, 15.45, 16.25, 12.73, 0.000, 0.000, 0.000, 14:30:25.382
1, 13.41, 13.70, 16.61, 16.87, 0.000, 0.000, 0.000, 14:30:25.397
2, 12.19, 12.56, 8.09, 9.88, 0.000, 0.000, 0.000, 14:30:25.398
3, 9.15, 10.86, 3.92, 11.73, 0.000, 0.000, 0.000, 14:30:25.413
4, 13.23, 14.18, 6.78, 16.88, 0.000, 0.000, 0.000, 14:30:25.413
5, 9.04, 13.15, 8.24, 13.63, 0.000, 0.000, 0.000, 14:30:25.414
6, 13.71, 8.93, 5.12, 9.51, 0.000, 0.000, 0.000, 14:30:25.414
7, 9.68, 12.78, 4.73, 10.31, 0.000, 0.000, 0.000, 14:30:25.428
8, 14.74, 13.30, 10.80, 16.29, 0.000, 0.000, 0.000, 14:30:25.428
9, 9.07, 9.39, 5.31, 12.11, 0.000, 0.000, 0.000, 14:30:25.443
10, 14.47, 8.70, 9.36, 12.85, 0.000, 0.000, 0.000, 14:30:25.443
11, 9.45, 9.59, 3.95, 10.46, 0.000, 0.000, 0.000, 14:30:25.447
12, 10.20, 14.79, 8.87, 16.87, 0.000, 0.000, 0.000, 14:30:25.447
13, 12.39, 9.53, 6.61, 13.45, 0.000, 0.000, 0.000, 14:30:25.456
14, 8.30, 11.06, 10.50, 12.25, 0.000, 0.000, 0.000, 14:30:25.456
15, 14.86, 10.21, 11.19, 13.52, 0.000, 0.000, 0.000, 14:30:25.471
16, 15.63, 13.58, 9.23, 15.32, 0.000, 0.000, 0.000, 14:30:25.471
17, 15.46, 11.27, 12.39, 17.71, 0.000, 0.000, 0.000, 14:30:25.472
18, 8.34, 10.10, 7.09, 16.82, 0.000, 0.000, 0.000, 14:30:25.472
19, 13.57, 10.91, 10.96, 13.75, 0.000, 0.000, 0.000, 14:30:25.486
20, 15.85, 14.76, 8.90, 15.28, 0.000, 0.000, 0.000, 14:30:25.486
21, 10.58, 14.13, 8.27, 22.17, 0.000, 0.000, 0.000, 14:30:25.502
22, 11.04, 10.00, 10.42, 10.89, 0.000, 0.000, 0.000, 14:30:25.502
23, 9.74, 12.00, 10.89, 11.81, 0.000, 0.000, 0.000, 14:30:25.502
24, 15.46, 13.75, 8.43, 14.69, 0.000, 0.000, 0.000, 14:30:25.502
25, 10.58, 13.83, 5.26, 9.20, 0.000, 0.000, 0.000, 14:30:25.516
26, 11.95, 7.55, 3.45, 12.25, 0.000, 0.000, 0.000, 14:30:25.517
27, 11.04, 10.62, 4.18, 12.26, 0.000, 0.000, 0.000, 14:30:25.531
28, 11.62, 13.42, 8.63, 12.21, 0.000, 0.000, 0.000, 14:30:25.532
29, 15.23, 13.40, 10.10, 16.30, 0.000, 0.000, 0.000, 14:30:25.532
30, 10.45, 10.10, 4.63, 10.99, 0.000, 0.000, 0.000, 14:30:25.532
31, 8.96, 6.96, 8.64, 8.87, 0.000, 0.000, 0.000, 14:30:25.548
32, 11.91, 16.81, 9.50, 10.68, 0.000, 0.000, 0.000, 14:30:25.548
33, 19.77, 18.25, 12.88, 18.66, 0.000, 0.000, 0.000, 14:30:25.564
34, 12.98, 11.02, 3.00, 14.64, 0.000, 0.000, 0.000, 14:30:25.564
35, 7.04, 10.81, 11.67, 11.54, 0.000, 0.000, 0.000, 14:30:25.565
36, 14.62, 11.12, 7.67, 16.93, 0.000, 0.000, 0.000, 14:30:25.565
37, 12.94, 18.19, 11.72, 16.36, 0.000, 0.000, 0.000, 14:30:25.577
38, 11.67, 8.22, 5.56, 11.90, 0.000, 0.000, 0.000, 14:30:25.577
39, 13.02, 9.61, 9.15, 13.26, 0.000, 0.000, 0.000, 14:30:25.592
40, 11.27, 13.33, 12.71, 12.62, 0.000, 0.000, 0.000, 14:30:25.593
41, 16.18, 15.94, 9.41, 17.32, 0.000, 0.000, 0.000, 14:30:25.593
42, 12.02, 11.15, 7.11, 12.18, 0.000, 0.000, 0.000, 14:30:25.594
43, 9.15, 10.04, 3.23, 15.36, 0.000, 0.000, 0.000, 14:30:25.606
44, 12.90, 16.13, 11.85, 12.53, 0.000, 0.000, 0.000, 14:30:25.607
45, 10.88, 13.99, 10.35, 15.54, 0.000, 0.000, 0.000, 14:30:25.621
46, 12.01, 14.29, 5.22, 14.29, 0.000, 0.000, 0.000, 14:30:25.621
47, 11.27, 10.83, 8.16, 12.46, 0.000, 0.000, 0.000, 14:30:25.622
48, 10.12, 11.46, 10.68, 14.11, 0.000, 0.000, 0.000, 14:30:25.622
49, 12.56, 12.84, 8.80, 11.67, 0.000, 0.000, 0.000, 14:30:25.636
50, 11.71, 12.75, 7.56, 13.75, 0.000, 0.000, 0.000, 14:30:25.636
51, 12.46, 9.16, 8.04, 15.07, 0.000, 0.000, 0.000, 14:30:25.651
52, 16.00, 15.55, 9.28, 15.01, 0.000, 0.000, 0.000, 14:30:25.651
53, 10.96, 15.51, 9.22, 16.23, 0.000, 0.000, 0.000, 14:30:25.652
54, 10.14, 13.06, 7.67, 10.85, 0.000, 0.000, 0.000, 14:30:25.652
55, 14.08, 11.81, 9.82, 14.08, 0.000, 0.000, 0.000, 14:30:25.666
56, 9.59, 12.55, 10.19, 10.78, 0.000, 0.000, 0.000, 14:30:25.666
57, 12.92, 9.43, 11.08, 16.31, 0.000, 0.000, 0.000, 14:30:25.681
58, 9.61, 10.49, 5.98, 12.29, 0.000, 0.000, 0.000, 14:30:25.682
59, 9.51, 11.29, 7.00, 11.87, 0.000, 0.000, 0.000, 14:30:25.682
60, 17.54, 16.09, 5.76, 16.11, 0.000, 0.000, 0.000, 14:30:25.682
61, 11.51, 11.93, 3.35, 13.99, 0.000, 0.000, 0.000, 14:30:25.699
62, 12.67, 8.61, 16.10, 12.14, 0.000, 0.000, 0.000, 14:30:25.699
63, 12.69, 9.34, 5.44, 11.40, 0.000, 0.000, 0.000, 14:30:25.712
64, 13.76, 15.43, 9.40, 14.20, 0.000, 0.000, 0.000, 14:30:25.714
65, 9.88, 13.00, 7.06, 16.82, 0.000, 0.000, 0.000, 14:30:25.715
66, 12.77, 14.98, 11.12, 12.64, 0.000, 0.000, 0.000, 14:30:25.715
67, 8.00, 9.91, 6.79, 13.54, 0.000, 0.000, 0.000, 14:30:25.730
68, 12.73, 9.53, 7.92, 15.08, 0.000, 0.000, 0.000, 14:30:25.731
69, 12.94, 13.45, 1.11, 12.90, 0.000, 0.000, 0.000, 14:30:25.747
70, 14.93, 16.21, 8.80, 18.09, 0.000, 0.000, 0.000, 14:30:25.748
71, 12.45, 9.55, 5.33, 16.29, 0.000, 0.000, 0.000, 14:30:25.748
72, 12.43, 9.18, 13.20, 11.68, 0.000, 0.000, 0.000, 14:30:25.748
73, 16.15, 11.71, 12.17, 14.76, 0.000, 0.000, 0.000, 14:30:25.757
74, 9.24, 11.22, 7.79, 9.56, 0.000, 0.000, 0.000, 14:30:25.758
75, 10.56, 9.29, 10.49, 13.54, 0.000, 0.000, 0.000, 14:30:25.771
76, 12.01, 15.19, 11.94, 13.50, 0.000, 0.000, 0.000, 14:30:25.772
77, 10.75, 12.50, 5.53, 15.04, 0.000, 0.000, 0.000, 14:30:25.772
78, 13.65, 12.84, 8.24, 14.41, 0.000, 0.000, 0.000, 14:30:25.772
79, 9.76, 9.96, 5.56, 9.92, 0.000, 0.000, 0.000, 14:30:25.786
80, 12.37, 13.75, 8.89, 13.64, 0.000, 0.000, 0.000, 14:30:25.787
81, 9.53, 11.91, 9.17, 16.88, 0.000, 0.000, 0.000, 14:30:25.802
82, 14.02, 12.05, 5.63, 10.95, 0.000, 0.000, 0.000, 14:30:25.802
83, 14.18, 13.03, 2.79, 10.61, 0.000, 0.000, 0.000, 14:30:25.803
84, 14.47, 15.00, 7.72, 11.77, 0.000, 0.000, 0.000, 14:30:25.803
85, 12.77, 11.53, 18.71, 11.41, 0.000, 0.000, 0.000, 14:30:25.817
86, 10.28, 12.87, 8.24, 20.17, 0.000, 0.000, 0.000, 14:30:25.817
87, 9.12, 8.15, 1.59, 7.80, 0.000, 0.000, 0.000, 14:30:25.831
88, 10.28, 12.58, 8.77, 12.88, 0.000, 0.000, 0.000, 14:30:25.832
89, 13.87, 14.90, 15.24, 18.40, 0.000, 0.000, 0.000, 14:30:25.832
90, 12.64, 12.47, 7.90, 12.98, 0.000, 0.000, 0.000, 14:30:25.832
91, 11.66, 11.06, 5.16, 11.49, 0.000, 0.000, 0.000, 14:30:25.847
92, 13.40, 13.03, 12.99, 15.34, 0.000, 0.000, 0.000, 14:30:25.847
93, 14.46, 14.44, 10.94, 18.96, 0.000, 0.000, 0.000, 14:30:25.863
94, 12.86, 8.02, 5.16, 14.50, 0.000, 0.000, 0.000, 14:30:25.863
95, 10.98, 7.95, 5.14, 9.30, 0.000, 0.000, 0.000, 14:30:25.864
96, 12.98, 13.56, 10.67, 10.47, 0.000, 0.000, 0.000, 14:30:25.864
97, 12.70, 10.33, 8.59, 13.95, 0.000, 0.000, 0.000, 14:30:25.877
98, 6.97, 10.50, 8.85, 15.39, 0.000, 0.000, 0.000, 14:30:25.878
99, 11.23, 13.14, 7.12, 12.09, 0.000, 0.000, 0.000, 14:30:25.892
100, 16.71, 11.90, 9.30, 16.63, 0.000, 0.000, 0.000, 14:30:25.893
101, 10.46, 12.40, 11.42, 17.25, 0.000, 0.000, 0.000, 14:30:25.893
102, 8.72, 14.81, 10.47, 11.62, 0.000, 0.000, 0.000, 14:30:25.893
103, 12.74, 10.21, 6.28, 14.72, 0.000, 0.000, 0.000, 14:30:25.906
104, 13.24, 14.82, 16.25, 16.41, 0.000, 0.000, 0.000, 14:30:25.907
105, 14.34, 15.60, 6.18, 13.38, 0.000, 0.000, 0.000, 14:30:25.921
106, 10.07, 11.08, 6.36, 11.45, 0.000, 0.000, 0.000, 14:30:25.922
107, 11.43, 11.20, 6.17, 12.28, 0.000, 0.000, 0.000, 14:30:25.922
108, 15.59, 10.77, 6.97, 17.29, 0.000, 0.000, 0.000, 14:30:25.922
109, 16.10, 13.07, 5.10, 13.57, 0.000, 0.000, 0.000, 14:30:25.936
110, 11.46, 8.30, 8.57, 11.38, 0.000, 0.000, 0.000, 14:30:25.937
111, 13.60, 13.07, 8.67, 14.42, 0.000, 0.000, 0.000, 14:30:25.951
112, 11.79, 15.14, 16.23, 15.42, 0.000, 0.000, 0.000, 14:30:25.952
113, 13.38, 13.98, 8.36, 17.01, 0.000, 0.000, 0.000, 14:30:25.952
114, 11.72, 7.13, 10.10, 10.84, 0.000, 0.000, 0.000, 14:30:25.952
115, 7.17, 10.14, 8.60, 11.23, 0.000, 0.000, 0.000, 14:30:25.966
116, 13.02, 18.76, 5.68, 14.41, 0.000, 0.000, 0.000, 14:30:25.966
117, 10.48, 11.65, 8.04, 17.89, 0.000, 0.000, 0.000, 14:30:25.981
118, 8.08, 13.90, 11.40, 15.38, 0.000, 0.000, 0.000, 14:30:25.981
119, 10.51, 9.83, 5.56, 9.72, 0.000, 0.000, 0.000, 14:30:25.982
120, 14.57, 13.36, 8.70, 15.29, 0.000, 0.000, 0.000, 14:30:25.982
121, 15.99, 10.34, 11.74, 16.72, 0.000, 0.000, 0.000, 14:30:25.998
122, 14.23, 13.51, 6.53, 10.83, 0.000, 0.000, 0.000, 14:30:25.998
123, 14.90, 11.27, 12.87, 7.34, 0.000, 0.000, 0.000, 14:30:26.013
124, 13.95, 14.87, 10.28, 14.18, 0.000, 0.000, 0.000, 14:30:26.013
125, 17.04, 14.01, 9.13, 14.33, 0.000, 0.000, 0.000, 14:30:26.014
126, 10.49, 11.23, 5.08, 6.90, 0.000, 0.000, 0.000, 14:30:26.014
127, 10.14, 9.81, 8.07, 12.28, 0.000, 0.000, 0.000, 14:30:26.029
128, 11.80, 16.37, 2.97, 14.81, 0.000, 0.000, 0.000, 14:30:26.029
129, 12.83, 12.16, 14.00, 17.29, 0.000, 0.000, 0.000, 14:30:26.047
130, 9.27, 10.88, 10.07, 15.65, 0.000, 0.000, 0.000, 14:30:26.047
131, 8.88, 9.28, 8.70, 12.90, 0.000, 0.000, 0.000, 14:30:26.048
132, 11.94, 9.62, 12.68, 11.26, 0.000, 0.000, 0.000, 14:30:26.049
133, 13.68, 11.97, 5.43, 13.28, 0.000, 0.000, 0.000, 14:30:26.057
134, 13.18, 9.77, 7.48, 10.93, 0.000, 0.000, 0.000, 14:30:26.057
135, 11.61, 11.55, 6.41, 11.66, 0.000, 0.000, 0.000, 14:30:26.071
136, 9.44, 10.85, 10.00, 11.87, 0.000, 0.000, 0.000, 14:30:26.072
137, 13.38, 14.20, 9.02, 17.31, 0.000, 0.000, 0.000, 14:30:26.072
138, 11.57, 12.90, 7.65, 16.36, 0.000, 0.000, 0.000, 14:30:26.072
139, 16.98, 11.94, 9.56, 15.43, 0.000, 0.000, 0.000, 14:30:26.086
140, 13.51, 13.13, 6.25, 15.06, 0.000, 0.000, 0.000, 14:30:26.087
141, 13.23, 13.27, 9.80, 12.25, 0.000, 0.000, 0.000, 14:30:26.101
142, 9.86, 11.27, 4.99, 13.16, 0.000, 0.000, 0.000, 14:30:26.102
143, 10.04, 10.44, 6.43, 13.68, 0.000, 0.000, 0.000, 14:30:26.102
144, 13.21, 17.08, 12.81, 12.11, 0.000, 0.000, 0.000, 14:30:26.102
145, 13.18, 11.28, 12.05, 14.48, 0.000, 0.000, 0.000, 14:30:26.116
146, 11.83, 10.21, 6.62, 6.99, 0.000, 0.000, 0.000, 14:30:26.117
147, 11.84, 6.54, 7.38, 15.06, 0.000, 0.000, 0.000, 14:30:26.131
148, 12.54, 14.84, 8.25, 14.48, 0.000, 0.000, 0.000, 14:30:26.132
149, 12.92, 12.46, 10.59, 12.73, 0.000, 0.000, 0.000, 14:30:26.132
150, 9.85, 9.53, 4.13, 13.36, 0.000, 0.000, 0.000, 14:30:26.132
151, 11.52, 9.93, 5.97, 10.53, 0.000, 0.000, 0.000, 14:30:26.146
152, 12.92, 13.21, 6.46, 16.45, 0.000, 0.000, 0.000, 14:30:26.147
153, 12.44, 11.82, 11.13, 16.16, 0.000, 0.000, 0.000, 14:30:26.162
154, 8.30, 12.46, 2.87, 13.07, 0.000, 0.000, 0.000, 14:30:26.163
155, 12.83, 9.54, 6.85, 8.90, 0.000, 0.000, 0.000, 14:30:26.164
156, 11.05, 13.27, 8.07, 17.05, 0.000, 0.000, 0.000, 14:30:26.164
157, 14.25, 16.60, 6.40, 16.39, 0.000, 0.000, 0.000, 14:30:26.177
158, 11.55, 10.99, 9.59, 12.45, 0.000, 0.000, 0.000, 14:30:26.177
159, 9.26, 8.86, 5.76, 12.15, 0.000, 0.000, 0.000, 14:30:26.192
160, 11.65, 10.96, 5.68, 11.09, 0.000, 0.000, 0.000, 14:30:26.192
161, 13.82, 9.19, 12.57, 16.33, 0.000, 0.000, 0.000, 14:30:26.192
162, 10.65, 10.39, 8.90, 16.96, 0.000, 0.000, 0.000, 14:30:26.192
163, 12.70, 14.73, 10.80, 14.44, 0.000, 0.000, 0.000, 14:30:26.206
164, 16.65, 10.58, 7.37, 18.11, 0.000, 0.000, 0.000, 14:30:26.206
165, 9.64, 17.33, 8.06, 12.64, 0.000, 0.000, 0.000, 14:30:26.221
166, 10.57, 13.29, 8.71, 12.16, 0.000, 0.000, 0.000, 14:30:26.222
167, 11.36, 10.10, 6.72, 12.31, 0.000, 0.000, 0.000, 14:30:26.222
168, 15.58, 13.05, 9.45, 15.34, 0.000, 0.000, 0.000, 14:30:26.222
169, 12.04, 13.08, 6.87, 16.02, 0.000, 0.000, 0.000, 14:30:26.236
170, 10.21, 11.25, 11.63, 9.14, 0.000, 0.000, 0.000, 14:30:26.236
171, 14.75, 8.88, 10.89, 12.28, 0.000, 0.000, 0.000, 14:30:26.251
172, 12.78, 14.41, 6.83, 11.39, 0.000, 0.000, 0.000, 14:30:26.251
173, 12.22, 14.18, 12.58, 18.46, 0.000, 0.000, 0.000, 14:30:26.252
174, 11.01, 9.86, 9.60, 10.51, 0.000, 0.000, 0.000, 14:30:26.252
175, 13.09, 7.90, 8.90, 13.16, 0.000, 0.000, 0.000, 14:30:26.267
176, 8.69, 10.91, 9.15, 12.74, 0.000, 0.000, 0.000, 14:30:26.267
177, 14.11, 9.61, 9.46, 10.91, 0.000, 0.000, 0.000, 14:30:26.282
178, 7.40, 13.36, 9.27, 16.38, 0.000, 0.000, 0.000, 14:30:26.282
179, 11.89, 12.41, 7.71, 10.09, 0.000, 0.000, 0.000, 14:30:26.282
180, 8.30, 14.39, 11.38, 12.24, 0.000, 0.000, 0.000, 14:30:26.282
181, 14.55, 15.87, 12.02, 14.44, 0.000, 0.000, 0.000, 14:30:26.296
182, 9.45, 13.32, 6.66, 13.47, 0.000, 0.000, 0.000, 14:30:26.297
183, 9.46, 10.02, 3.04, 12.72, 0.000, 0.000, 0.000, 14:30:26.312
184, 14.21, 15.34, 11.63, 12.26, 0.000, 0.000, 0.000, 14:30:26.312
185, 12.70, 16.89, 9.91, 18.78, 0.000, 0.000, 0.000, 14:30:26.313
186, 13.43, 8.75, 9.28, 14.28, 0.000, 0.000, 0.000, 14:30:26.313
187, 10.84, 9.08, 3.62, 13.09, 0.000, 0.000, 0.000, 14:30:26.326
188, 12.70, 12.03, 8.38, 16.20, 0.000, 0.000, 0.000, 14:30:26.327
189, 16.64, 14.63, 12.19, 14.84, 0.000, 0.000, 0.000, 14:30:26.342
190, 13.01, 12.80, 8.20, 18.11, 0.000, 0.000, 0.000, 14:30:26.343
191, 12.28, 12.48, 7.30, 10.66, 0.000, 0.000, 0.000, 14:30:26.343
192, 9.95, 6.05, 9.32, 16.03, 0.000, 0.000, 0.000, 14:30:26.344
193, 15.57, 10.61, 6.92, 12.54, 0.000, 0.000, 0.000, 14:30:26.357
194, 10.85, 15.56, 8.42, 17.98, 0.000, 0.000, 0.000, 14:30:26.357
195, 8.44, 11.41, 4.22, 12.81, 0.000, 0.000, 0.000, 14:30:26.372
196, 12.41, 14.11, 4.19, 12.96, 0.000, 0.000, 0.000, 14:30:26.372
197, 11.38, 11.60, 9.79, 14.27, 0.000, 0.000, 0.000, 14:30:26.372
198, 11.04, 10.99, 12.82, 15.80, 0.000, 0.000, 0.000, 14:30:26.372
199, 9.81, 12.87, 5.51, 12.52, 0.000, 0.000, 0.000, 14:30:26.386
200, 11.12, 9.56, 6.45, 17.14, 0.000, 0.000, 0.000, 14:30:26.387
0, 13.66, 15.76, 10.18, 8.84, 0.000, 0.000, 0.000, 14:30:26.387
1, 14.82, 13.36, 12.36, 14.98, 0.000, 0.000, 0.000, 14:30:26.401
2, 16.30, 11.44, 7.49, 15.76, 0.000, 0.000, 0.000, 14:30:26.402
3, 12.60, 11.70, 7.57, 15.02, 0.000, 0.000, 0.000, 14:30:26.416
4, 12.88, 11.24, 15.24, 12.31, 0.000, 0.000, 0.000, 14:30:26.417
5, 11.24, 8.23, 12.28, 11.08, 0.000, 0.000, 0.000, 14:30:26.426
6, 14.96, 11.31, 6.93, 14.01, 0.000, 0.000, 0.000, 14:30:26.426
7, 11.68, 10.60, 8.28, 13.55, 0.000, 0.000, 0.000, 14:30:26.431
8, 15.11, 13.02, 13.21, 12.87, 0.000, 0.000, 0.000, 14:30:26.431
9, 14.91, 15.07, 6.78, 9.73, 0.000, 0.000, 0.000, 14:30:26.451
10, 11.47, 11.16, 6.98, 11.33, 0.000, 0.000, 0.000, 14:30:26.451
11, 10.43, 14.77, 8.97, 15.31, 0.000, 0.000, 0.000, 14:30:26.452
12, 12.41, 17.56, 8.97, 17.22, 0.000, 0.000, 0.000, 14:30:26.452
13, 14.18, 10.63, 9.02, 13.18, 0.000, 0.000, 0.000, 14:30:26.463
14, 7.00, 12.53, 7.48, 7.80, 0.000, 0.000, 0.000, 14:30:26.464
15, 11.98, 14.42, 8.47, 17.16, 0.000, 0.000, 0.000, 14:30:26.482
16, 11.10, 12.53, 8.80, 12.69, 0.000, 0.000, 0.000, 14:30:26.482
17, 8.64, 12.41, 7.74, 13.16, 0.000, 0.000, 0.000, 14:30:26.482
18, 17.37, 11.88, 7.30, 15.33, 0.000, 0.000, 0.000, 14:30:26.482
19, 15.73, 11.50, 9.67, 14.56, 0.000, 0.000, 0.000, 14:30:26.492
20, 12.16, 13.82, 5.22, 15.83, 0.000, 0.000, 0.000, 14:30:26.493
21, 10.07, 10.49, 9.79, 12.86, 0.000, 0.000, 0.000, 14:30:26.506
22, 6.68, 6.60, 2.70, 10.52, 0.000, 0.000, 0.000, 14:30:26.507
23, 14.18, 11.13, 9.40, 12.21, 0.000, 0.000, 0.000, 14:30:26.507
24, 9.47, 16.02, 9.28, 15.53, 0.000, 0.000, 0.000, 14:30:26.508
25, 15.14, 11.09, 11.81, 14.87, 0.000, 0.000, 0.000, 14:30:26.521
26, 13.99, 9.08, 9.50, 14.41, 0.000, 0.000, 0.000, 14:30:26.521
27, 11.65, 12.50, 8.68, 9.49, 0.000, 0.000, 0.000, 14:30:26.537
28, 11.87, 12.92, 8.84, 16.80, 0.000, 0.000, 0.000, 14:30:26.537
29, 13.17, 9.31, 10.57, 14.43, 0.000, 0.000, 0.000, 14:30:26.537
30, 8.60, 9.35, 12.81, 11.55, 0.000, 0.000, 0.000, 14:30:26.538
31, 15.54, 11.74, 6.65, 14.92, 0.000, 0.000, 0.000, 14:30:26.552
32, 10.96, 11.03, 6.68, 13.45, 0.000, 0.000, 0.000, 14:30:26.552
33, 14.43, 10.61, 7.73, 16.21, 0.000, 0.000, 0.000, 14:30:26.567
34, 9.81, 12.80, 7.02, 12.64, 0.000, 0.000, 0.000, 14:30:26.567
35, 15.02, 16.26, 9.15, 14.45, 0.000, 0.000, 0.000, 14:30:26.567
36, 17.16, 16.35, 8.30, 17.69, 0.000, 0.000, 0.000, 14:30:26.567
37, 13.75, 10.45, 11.20, 13.49, 0.000, 0.000, 0.000, 14:30:26.583
38, 11.73, 13.60, 7.55, 15.28, 0.000, 0.000, 0.000, 14:30:26.583
39, 9.29, 13.84, 4.69, 14.37, 0.000, 0.000, 0.000, 14:30:26.598
40, 13.30, 16.09, 9.00, 9.19, 0.000, 0.000, 0.000, 14:30:26.598
41, 10.49, 12.47, 9.02, 14.65, 0.000, 0.000, 0.000, 14:30:26.598
42, 12.04, 9.46, 7.72, 13.23, 0.000, 0.000, 0.000, 14:30:26.599
43, 12.77, 7.72, 7.31, 12.69, 0.000, 0.000, 0.000, 14:30:26.614
44, 10.30, 10.79, 9.62, 12.06, 0.000, 0.000, 0.000, 14:30:26.614
45, 9.56, 10.78, 5.13, 9.87, 0.000, 0.000, 0.000, 14:30:26.629
46, 13.40, 9.37, 5.91, 9.23, 0.000, 0.000, 0.000, 14:30:26.630
47, 12.42, 10.47, 11.73, 11.55, 0.000, 0.000, 0.000, 14:30:26.632
48, 10.80, 14.27, 11.55, 15.16, 0.000, 0.000, 0.000, 14:30:26.632
49, 10.81, 7.94, 9.47, 15.12, 0.000, 0.000, 0.000, 14:30:26.647
50, 13.33, 12.59, 6.86, 13.91, 0.000, 0.000, 0.000, 14:30:26.647
51, 13.98, 15.43, 8.77, 13.90, 0.000, 0.000, 0.000, 14:30:26.656
52, 14.93, 16.72, 10.15, 16.01, 0.000, 0.000, 0.000, 14:30:26.656
53, 13.07, 14.53, 7.40, 18.76, 0.000, 0.000, 0.000, 14:30:26.657
54, 10.16, 9.21, 5.14, 10.30, 0.000, 0.000, 0.000, 14:30:26.657
55, 14.72, 9.60, 9.47, 16.38, 0.000, 0.000, 0.000, 14:30:26.671
56, 12.33, 14.67, 13.32, 17.13, 0.000, 0.000, 0.000, 14:30:26.672
57, 9.01, 11.03, 9.03, 13.58, 0.000, 0.000, 0.000, 14:30:26.686
58, 10.19, 8.03, 7.16, 10.88, 0.000, 0.000, 0.000, 14:30:26.686
59, 12.44, 13.44, 6.53, 14.41, 0.000, 0.000, 0.000, 14:30:26.687
60, 14.83, 16.35, 7.91, 15.02, 0.000, 0.000, 0.000, 14:30:26.687
61, 9.63, 10.05, 6.82, 8.13, 0.000, 0.000, 0.000, 14:30:26.701
62, 8.81, 4.98, 13.14, 9.49, 0.000, 0.000, 0.000, 14:30:26.701
63, 12.69, 14.23, 8.34, 12.03, 0.000, 0.000, 0.000, 14:30:26.716
64, 16.25, 11.13, 10.48, 19.37, 0.000, 0.000, 0.000, 14:30:26.717
65, 12.63, 12.40, 7.30, 11.02, 0.000, 0.000, 0.000, 14:30:26.717
66, 8.70, 12.59, 7.32, 14.98, 0.000, 0.000, 0.000, 14:30:26.717
67, 16.31, 14.76, 8.44, 14.71, 0.000, 0.000, 0.000, 14:30:26.731
68, 10.22, 14.09, 8.31, 14.08, 0.000, 0.000, 0.000, 14:30:26.732
69, 11.86, 13.12, 5.38, 13.15, 0.000, 0.000, 0.000, 14:30:26.747
70, 7.54, 9.29, 5.34, 12.47, 0.000, 0.000, 0.000, 14:30:26.748
71, 14.03, 11.22, 5.49, 12.36, 0.000, 0.000, 0.000, 14:30:26.748
72, 11.34, 11.70, 10.35, 15.48, 0.000, 0.000, 0.000, 14:30:26.748
73, 9.03, 17.42, 11.51, 9.93, 0.000, 0.000, 0.000, 14:30:26.765
74, 11.78, 6.87, 8.66, 11.22, 0.000, 0.000, 0.000, 14:30:26.765
75, 8.44, 8.97, 5.16, 14.44, 0.000, 0.000, 0.000, 14:30:26.779
76, 13.83, 12.93, 9.73, 18.09, 0.000, 0.000, 0.000, 14:30:26.780
77, 8.95, 15.84, 6.44, 13.74, 0.000, 0.000, 0.000, 14:30:26.780
78, 13.48, 7.87, 13.31, 14.91, 0.000, 0.000, 0.000, 14:30:26.780
79, 16.02, 11.28, 6.44, 15.71, 0.000, 0.000, 0.000, 14:30:26.792
80, 13.40, 16.02, 8.10, 13.74, 0.000, 0.000, 0.000, 14:30:26.792
81, 12.75, 7.93, 7.76, 14.27, 0.000, 0.000, 0.000, 14:30:26.806
82, 7.86, 9.38, 5.33, 11.07, 0.000, 0.000, 0.000, 14:30:26.807
83, 13.49, 13.58, 14.53, 13.66, 0.000, 0.000, 0.000, 14:30:26.807
84, 15.52, 12.70, 10.50, 13.72, 0.000, 0.000, 0.000, 14:30:26.807
85, 13.74, 13.71, 7.63, 11.96, 0.000, 0.000, 0.000, 14:30:26.821
86, 10.32, 14.60, 6.62, 10.24, 0.000, 0.000, 0.000, 14:30:26.821
87, 13.54, 14.63, 5.44, 16.14, 0.000, 0.000, 0.000, 14:30:26.836
88, 14.22, 10.57, 8.56, 11.92, 0.000, 0.000, 0.000, 14:30:26.836
89, 12.36, 10.50, 9.71, 13.57, 0.000, 0.000, 0.000, 14:30:26.837
90, 13.78, 10.53, 4.26, 8.93, 0.000, 0.000, 0.000, 14:30:26.837
91, 11.29, 10.76, 11.71, 9.56, 0.000, 0.000, 0.000, 14:30:26.851
92, 9.49, 16.21, 9.65, 14.46, 0.000, 0.000, 0.000, 14:30:26.851
93, 10.86, 14.26, 5.20, 10.96, 0.000, 0.000, 0.000, 14:30:26.866
94, 6.89, 14.26, 6.13, 11.72, 0.000, 0.000, 0.000, 14:30:26.866
95, 12.70, 16.57, 9.65, 17.54, 0.000, 0.000, 0.000, 14:30:26.867
96, 12.12, 16.91, 10.95, 17.33, 0.000, 0.000, 0.000, 14:30:26.867
97, 11.46, 10.07, 5.02, 12.33, 0.000, 0.000, 0.000, 14:30:26.881
98, 8.28, 11.87, 6.09, 15.19, 0.000, 0.000, 0.000, 14:30:26.881
99, 12.38, 8.20, 7.64, 15.43, 0.000, 0.000, 0.000, 14:30:26.896
100, 13.27, 10.14, 11.98, 13.60, 0.000, 0.000, 0.000, 14:30:26.896
101, 13.20, 12.37, 8.97, 13.63, 0.000, 0.000, 0.000, 14:30:26.897
102, 14.33, 7.73, 11.06, 14.42, 0.000, 0.000, 0.000, 14:30:26.897
103, 15.23, 9.37, 6.22, 11.83, 0.000, 0.000, 0.000, 14:30:26.918
104, 11.16, 13.07, 10.53, 15.85, 0.000, 0.000, 0.000, 14:30:26.918
105, 11.38, 12.49, 7.64, 10.86, 0.000, 0.000, 0.000, 14:30:26.929
106, 8.31, 7.44, 5.05, 11.61, 0.000, 0.000, 0.000, 14:30:26.930
107, 14.38, 12.21, 8.79, 16.63, 0.000, 0.000, 0.000, 14:30:26.930
108, 12.53, 12.50, 9.60, 13.58, 0.000, 0.000, 0.000, 14:30:26.930
109, 12.41, 13.13, 9.25, 14.17, 0.000, 0.000, 0.000, 14:30:26.942
110, 7.52, 10.12, 7.23, 10.14, 0.000, 0.000, 0.000, 14:30:26.943
111, 14.26, 10.87, 8.48, 16.30, 0.000, 0.000, 0.000, 14:30:26.956
112, 11.24, 12.20, 12.03, 16.09, 0.000, 0.000, 0.000, 14:30:26.957
113, 13.28, 15.24, 4.63, 12.39, 0.000, 0.000, 0.000, 14:30:26.957
114, 12.58, 12.36, 10.79, 11.91, 0.000, 0.000, 0.000, 14:30:26.957
115, 14.64, 13.20, 6.11, 12.22, 0.000, 0.000, 0.000, 14:30:26.972
116, 12.04, 9.24, 12.70, 19.41, 0.000, 0.000, 0.000, 14:30:26.972
117, 10.46, 9.12, 5.40, 10.57, 0.000, 0.000, 0.000, 14:30:26.987
118, 10.68, 10.19, 10.95, 8.79, 0.000, 0.000, 0.000, 14:30:26.987
119, 13.49, 12.42, 7.31, 14.87, 0.000, 0.000, 0.000, 14:30:26.987
120, 11.27, 13.87, 10.37, 16.99, 0.000, 0.000, 0.000, 14:30:26.987
121, 11.13, 12.45, 6.31, 15.42, 0.000, 0.000, 0.000, 14:30:27.001
122, 7.66, 7.61, 4.13, 10.25, 0.000, 0.000, 0.000, 14:30:27.002
123, 14.16, 13.88, 10.91, 13.08, 0.000, 0.000, 0.000, 14:30:27.016
124, 14.38, 15.09, 7.79, 18.85, 0.000, 0.000, 0.000, 14:30:27.017
125, 12.31, 11.14, 5.96, 11.26, 0.000, 0.000, 0.000, 14:30:27.017
126, 11.92, 14.27, 7.49, 12.15, 0.000, 0.000, 0.000, 14:30:27.017
127, 13.07, 12.72, 14.16, 18.26, 0.000, 0.000, 0.000, 14:30:27.031
128, 11.57, 10.98, 8.12, 13.87, 0.000, 0.000, 0.000, 14:30:27.032
129, 11.53, 10.23, 8.83, 14.21, 0.000, 0.000, 0.000, 14:30:27.046
130, 13.53, 10.49, 7.03, 13.41, 0.000, 0.000, 0.000, 14:30:27.047
131, 12.60, 13.83, 9.09, 16.90, 0.000, 0.000, 0.000, 14:30:27.047
132, 17.84, 17.04, 11.14, 16.04, 0.000, 0.000, 0.000, 14:30:27.047
133, 13.89, 11.91, 11.11, 13.61, 0.000, 0.000, 0.000, 14:30:27.063
134, 11.76, 11.85, 7.52, 10.85, 0.000, 0.000, 0.000, 14:30:27.063
135, 8.51, 11.73, 7.73, 15.44, 0.000, 0.000, 0.000, 14:30:27.076
136, 13.51, 10.22, 6.35, 13.54, 0.000, 0.000, 0.000, 14:30:27.077
137, 10.27, 8.75, 8.12, 10.37, 0.000, 0.000, 0.000, 14:30:27.078
138, 8.60, 10.03, 12.39, 9.08, 0.000, 0.000, 0.000, 14:30:27.079
139, 17.34, 9.85, 7.55, 16.22, 0.000, 0.000, 0.000, 14:30:27.092
140, 14.92, 14.73, 12.53, 12.50, 0.000, 0.000, 0.000, 14:30:27.092
141, 11.94, 12.47, 5.93, 15.02, 0.000, 0.000, 0.000, 14:30:27.106
142, 10.67, 13.07, 8.50, 8.55, 0.000, 0.000, 0.000, 14:30:27.107
143, 12.43, 19.34, 9.94, 16.33, 0.000, 0.000, 0.000, 14:30:27.107
144, 12.04, 16.28, 8.75, 15.37, 0.000, 0.000, 0.000, 14:30:27.107
145, 11.95, 11.28, 11.42, 19.98, 0.000, 0.000, 0.000, 14:30:27.122
146, 10.02, 12.87, 5.11, 13.82, 0.000, 0.000, 0.000, 14:30:27.122
147, 9.44, 14.98, 9.24, 16.60, 0.000, 0.000, 0.000, 14:30:27.137
148, 12.87, 13.46, 11.17, 16.98, 0.000, 0.000, 0.000, 14:30:27.137
149, 13.04, 9.66, 11.70, 13.25, 0.000, 0.000, 0.000, 14:30:27.152
150, 14.32, 13.25, 8.88, 15.74, 0.000, 0.000, 0.000, 14:30:27.152
151, 12.41, 16.00, 8.68, 14.91, 0.000, 0.000, 0.000, 14:30:27.166
152, 13.93, 12.02, 9.36, 17.92, 0.000, 0.000, 0.000, 14:30:27.166
153, 13.89, 9.64, 10.11, 16.30, 0.000, 0.000, 0.000, 14:30:27.167
154, 13.41, 9.68, 5.75, 13.34, 0.000, 0.000, 0.000, 14:30:27.167
155, 12.13, 12.24, 8.78, 12.24, 0.000, 0.000, 0.000, 14:30:27.168
156, 11.71, 11.14, 5.22, 14.16, 0.000, 0.000, 0.000, 14:30:27.168
157, 11.58, 13.77, 7.34, 11.12, 0.000, 0.000, 0.000, 14:30:27.181
158, 10.20, 8.48, 7.32, 9.48, 0.000, 0.000, 0.000, 14:30:27.181
159, 7.79, 12.71, 8.13, 10.95, 0.000, 0.000, 0.000, 14:30:27.202
160, 11.05, 12.35, 7.28, 12.23, 0.000, 0.000, 0.000, 14:30:27.202
161, 9.27, 10.58, 9.42, 13.65, 0.000, 0.000, 0.000, 14:30:27.202
162, 9.31, 10.22, 7.44, 9.17, 0.000, 0.000, 0.000, 14:30:27.203
163, 11.47, 9.45, 5.30, 13.64, 0.000, 0.000, 0.000, 14:30:27.214
164, 16.94, 15.61, 10.52, 17.91, 0.000, 0.000, 0.000, 14:30:27.214
165, 15.03, 11.55, 5.86, 10.78, 0.000, 0.000, 0.000, 14:30:27.227
166, 11.80, 8.63, 3.42, 9.86, 0.000, 0.000, 0.000, 14:30:27.227
167, 15.56, 11.55, 11.91, 14.68, 0.000, 0.000, 0.000, 14:30:27.228
168, 10.51, 11.63, 8.46, 16.85, 0.000, 0.000, 0.000, 14:30:27.229
169, 11.72, 12.90, 13.64, 16.05, 0.000, 0.000, 0.000, 14:30:27.242
170, 8.24, 7.19, 10.95, 9.47, 0.000, 0.000, 0.000, 14:30:27.243
171, 14.48, 9.96, 5.16, 9.96, 0.000, 0.000, 0.000, 14:30:27.257
172, 12.67, 18.28, 11.64, 14.89, 0.000, 0.000, 0.000, 14:30:27.257
173, 8.72, 9.03, 2.69, 8.92, 0.000, 0.000, 0.000, 14:30:27.257
174, 12.07, 8.19, 6.96, 10.78, 0.000, 0.000, 0.000, 14:30:27.257
175, 16.60, 17.32, 10.93, 12.53, 0.000, 0.000, 0.000, 14:30:27.271
176, 17.42, 13.78, 13.11, 15.31, 0.000, 0.000, 0.000, 14:30:27.271
177, 8.31, 12.85, 5.70, 13.68, 0.000, 0.000, 0.000, 14:30:27.287
178, 11.29, 8.09, 7.31, 13.51, 0.000, 0.000, 0.000, 14:30:27.287
179, 15.64, 12.75, 7.78, 13.49, 0.000, 0.000, 0.000, 14:30:27.288
180, 13.14, 14.49, 11.51, 14.86, 0.000, 0.000, 0.000, 14:30:27.288
181, 11.98, 13.76, 8.18, 16.25, 0.000, 0.000, 0.000, 14:30:27.302
182, 12.46, 13.42, 8.67, 15.85, 0.000, 0.000, 0.000, 14:30:27.302
183, 14.00, 12.29, 9.10, 16.91, 0.000, 0.000, 0.000, 14:30:27.317
184, 12.11, 14.42, 8.60, 18.18, 0.000, 0.000, 0.000, 14:30:27.317
185, 13.09, 10.82, 4.25, 16.10, 0.000, 0.000, 0.000, 14:30:27.317
186, 14.57, 12.65, 11.73, 12.90, 0.000, 0.000, 0.000, 14:30:27.317
187, 12.02, 12.64, 10.30, 10.55, 0.000, 0.000, 0.000, 14:30:27.332
188, 11.45, 10.53, 10.11, 13.82, 0.000, 0.000, 0.000, 14:30:27.332
189, 8.25, 9.59, 6.45, 15.02, 0.000, 0.000, 0.000, 14:30:27.346
190, 11.73, 13.52, 4.12, 14.17, 0.000, 0.000, 0.000, 14:30:27.347
191, 10.48, 13.32, 6.20, 12.57, 0.000, 0.000, 0.000, 14:30:27.347
192, 13.60, 11.85, 9.91, 13.17, 0.000, 0.000, 0.000, 14:30:27.347
193, 11.36, 10.94, 8.74, 12.87, 0.000, 0.000, 0.000, 14:30:27.363
194, 10.77, 11.20, 7.26, 16.30, 0.000, 0.000, 0.000, 14:30:27.363
195, 12.31, 11.67, 12.20, 13.00, 0.000, 0.000, 0.000, 14:30:27.377
196, 12.45, 16.77, 13.97, 14.74, 0.000, 0.000, 0.000, 14:30:27.378
197, 10.69, 14.46, 10.35, 15.50, 0.000, 0.000, 0.000, 14:30:27.379
198, 12.98, 11.07, 9.58, 13.40, 0.000, 0.000, 0.000, 14:30:27.380
199, 15.27, 11.73, 9.41, 14.76, 0.000, 0.000, 0.000, 14:30:27.397
200, 12.54, 13.44, 10.68, 14.75, 0.000, 0.000, 0.000, 14:30:27.398
0, 11.93, 11.49, 9.61, 10.90, 0.000, 0.000, 0.000, 14:30:27.398
1, 12.23, 12.81, 7.08, 8.71, 0.000, 0.000, 0.000, 14:30:27.413
2, 11.34, 15.39, 6.46, 18.19, 0.000, 0.000, 0.000, 14:30:27.414
3, 19.31, 14.07, 10.93, 12.20, 0.000, 0.000, 0.000, 14:30:27.421
4, 12.78, 8.01, 6.85, 9.90, 0.000, 0.000, 0.000, 14:30:27.421
5, 9.77, 11.55, 5.07, 12.67, 0.000, 0.000, 0.000, 14:30:27.431
6, 8.76, 8.70, 5.82, 11.54, 0.000, 0.000, 0.000, 14:30:27.431
7, 16.03, 14.27, 12.86, 15.90, 0.000, 0.000, 0.000, 14:30:27.436
8, 12.14, 12.93, 5.34, 13.05, 0.000, 0.000, 0.000, 14:30:27.437
9, 12.95, 9.10, 6.32, 12.58, 0.000, 0.000, 0.000, 14:30:27.451
10, 11.69, 14.36, 8.63, 12.91, 0.000, 0.000, 0.000, 14:30:27.452
11, 13.43, 8.24, 6.28, 16.38, 0.000, 0.000, 0.000, 14:30:27.452
12, 15.60, 12.21, 9.03, 15.32, 0.000, 0.000, 0.000, 14:30:27.452
13, 13.86, 10.64, 6.83, 10.27, 0.000, 0.000, 0.000, 14:30:27.466
14, 12.72, 12.24, 6.19, 15.41, 0.000, 0.000, 0.000, 14:30:27.466
15, 13.49, 14.04, 8.89, 15.99, 0.000, 0.000, 0.000, 14:30:27.481
16, 8.83, 14.21, 13.04, 14.53, 0.000, 0.000, 0.000, 14:30:27.481
17, 14.40, 12.64, 4.63, 10.04, 0.000, 0.000, 0.000, 14:30:27.482
18, 12.04, 12.61, 10.83, 17.58, 0.000, 0.000, 0.000, 14:30:27.482
19, 13.45, 11.17, 8.20, 16.15, 0.000, 0.000, 0.000, 14:30:27.497
20, 9.59, 7.79, 8.02, 8.20, 0.000, 0.000, 0.000, 14:30:27.498
21, 11.52, 12.12, 7.73, 12.68, 0.000, 0.000, 0.000, 14:30:27.513
22, 11.60, 10.54, 7.14, 12.67, 0.000, 0.000, 0.000, 14:30:27.513
23, 15.27, 14.09, 9.67, 14.28, 0.000, 0.000, 0.000, 14:30:27.514
24, 8.34, 12.52, 11.98, 14.74, 0.000, 0.000, 0.000, 14:30:27.514
25, 11.26, 10.79, 6.51, 14.78, 0.000, 0.000, 0.000, 14:30:27.527
26, 10.92, 8.71, 13.17, 13.79, 0.000, 0.000, 0.000, 14:30:27.528
27, 13.94, 10.79, 10.27, 15.14, 0.000, 0.000, 0.000, 14:30:27.542
28, 10.28, 12.31, 10.50, 10.84, 0.000, 0.000, 0.000, 14:30:27.542
29, 11.38, 12.26, 3.82, 12.40, 0.000, 0.000, 0.000, 14:30:27.543
30, 17.34, 13.57, 7.03, 16.48, 0.000, 0.000, 0.000, 14:30:27.543
31, 12.65, 11.54, 10.21, 16.51, 0.000, 0.000, 0.000, 14:30:27.557
32, 9.07, 12.26, 7.17, 16.23, 0.000, 0.000, 0.000, 14:30:27.557
33, 10.47, 11.37, 3.93, 8.30, 0.000, 0.000, 0.000, 14:30:27.571
34, 14.78, 13.87, 9.18, 14.22, 0.000, 0.000, 0.000, 14:30:27.572
35, 14.13, 13.26, 10.17, 15.86, 0.000, 0.000, 0.000, 14:30:27.572
36, 10.27, 10.41, 9.94, 9.80, 0.000, 0.000, 0.000, 14:30:27.572
37, 10.26, 8.88, 9.86, 16.54, 0.000, 0.000, 0.000, 14:30:27.586
38, 12.80, 12.63, 10.45, 10.08, 0.000, 0.000, 0.000, 14:30:27.586
39, 16.69, 14.86, 9.75, 15.83, 0.000, 0.000, 0.000, 14:30:27.602
40, 11.65, 7.66, 5.49, 14.52, 0.000, 0.000, 0.000, 14:30:27.602
41, 9.83, 10.65, 11.30, 15.12, 0.000, 0.000, 0.000, 14:30:27.602
42, 13.95, 15.71, 15.37, 15.15, 0.000, 0.000, 0.000, 14:30:27.602
43, 15.41, 15.85, 7.52, 12.35, 0.000, 0.000, 0.000, 14:30:27.617
44, 11.64, 13.83, 12.75, 11.86, 0.000, 0.000, 0.000, 14:30:27.617
45, 7.73, 13.58, 4.04, 11.62, 0.000, 0.000, 0.000, 14:30:27.632
46, 11.49, 11.27, 8.40, 9.11, 0.000, 0.000, 0.000, 14:30:27.632
47, 12.97, 12.66, 11.72, 10.25, 0.000, 0.000, 0.000, 14:30:27.632
48, 9.56, 9.76, 7.76, 11.66, 0.000, 0.000, 0.000, 14:30:27.632
49, 11.73, 8.78, 4.58, 11.88, 0.000, 0.000, 0.000, 14:30:27.646
50, 13.39, 15.15, 11.56, 14.88, 0.000, 0.000, 0.000, 14:30:27.646
51, 14.62, 12.61, 3.94, 18.00, 0.000, 0.000, 0.000, 14:30:27.662
52, 15.25, 11.89, 11.57, 10.21, 0.000, 0.000, 0.000, 14:30:27.662
53, 11.12, 11.14, 7.14, 16.02, 0.000, 0.000, 0.000, 14:30:27.663
54, 13.75, 9.86, 9.19, 15.07, 0.000, 0.000, 0.000, 14:30:27.663
55, 11.90, 10.69, 5.60, 15.37, 0.000, 0.000, 0.000, 14:30:27.677
56, 11.62, 12.47, 13.28, 17.01, 0.000, 0.000, 0.000, 14:30:27.678
57, 8.11, 12.98, 7.33, 10.90, 0.000, 0.000, 0.000, 14:30:27.692
58, 11.54, 12.73, 10.01, 14.01, 0.000, 0.000, 0.000, 14:30:27.693
59, 14.15, 12.79, 6.44, 16.11, 0.000, 0.000, 0.000, 14:30:27.694
60, 8.16, 10.06, 9.09, 12.90, 0.000, 0.000, 0.000, 14:30:27.695
61, 11.96, 11.52, 9.80, 11.23, 0.000, 0.000, 0.000, 14:30:27.707
62, 12.66, 11.83, 16.24, 14.22, 0.000, 0.000, 0.000, 14:30:27.707
63, 13.91, 17.69, 9.43, 16.64, 0.000, 0.000, 0.000, 14:30:27.721
64, 7.71, 13.43, 3.51, 15.26, 0.000, 0.000, 0.000, 14:30:27.721
65, 6.78, 8.59, 5.98, 8.90, 0.000, 0.000, 0.000, 14:30:27.722
66, 12.27, 12.93, 4.39, 16.06, 0.000, 0.000, 0.000, 14:30:27.722
67, 15.20, 16.18, 12.31, 20.18, 0.000, 0.000, 0.000, 14:30:27.736
68, 8.15, 11.18, 8.22, 12.74, 0.000, 0.000, 0.000, 14:30:27.737
69, 12.76, 10.67, 3.39, 7.48, 0.000, 0.000, 0.000, 14:30:27.751
70, 12.39, 12.65, 10.03, 13.52, 0.000, 0.000, 0.000, 14:30:27.751
71, 17.59, 15.68, 12.54, 16.01, 0.000, 0.000, 0.000, 14:30:27.752
72, 17.12, 10.92, 11.93, 16.01, 0.000, 0.000, 0.000, 14:30:27.752
73, 14.06, 10.63, 4.84, 15.71, 0.000, 0.000, 0.000, 14:30:27.766
74, 11.76, 11.62, 9.07, 13.82, 0.000, 0.000, 0.000, 14:30:27.766
75, 11.86, 13.14, 10.44, 17.06, 0.000, 0.000, 0.000, 14:30:27.781
76, 9.21, 12.99, 8.40, 11.51, 0.000, 0.000, 0.000, 14:30:27.781
77, 12.46, 13.59, 5.65, 13.76, 0.000, 0.000, 0.000, 14:30:27.782
78, 12.34, 14.25, 6.09, 15.91, 0.000, 0.000, 0.000, 14:30:27.782
79, 12.06, 12.90, 10.34, 13.89, 0.000, 0.000, 0.000, 14:30:27.796
80, 10.04, 8.91, 11.40, 14.32, 0.000, 0.000, 0.000, 14:30:27.796
81, 8.73, 8.98, 4.83, 12.62, 0.000, 0.000, 0.000, 14:30:27.813
82, 17.37, 14.66, 13.59, 16.26, 0.000, 0.000, 0.000, 14:30:27.813
83, 12.44, 13.44, 8.64, 16.16, 0.000, 0.000, 0.000, 14:30:27.813
84, 9.31, 16.19, 5.51, 9.71, 0.000, 0.000, 0.000, 14:30:27.814
85, 16.01, 12.29, 7.26, 13.77, 0.000, 0.000, 0.000, 14:30:27.827
86, 9.76, 12.06, 8.73, 11.10, 0.000, 0.000, 0.000, 14:30:27.827
87, 13.89, 13.04, 13.69, 16.38, 0.000, 0.000, 0.000, 14:30:27.842
88, 13.35, 11.10, 9.72, 15.11, 0.000, 0.000, 0.000, 14:30:27.843
89, 12.51, 9.55, 6.72, 12.80, 0.000, 0.000, 0.000, 14:30:27.843
90, 11.04, 12.52, 12.23, 12.74, 0.000, 0.000, 0.000, 14:30:27.843
91, 10.80, 11.26, 7.48, 19.19, 0.000, 0.000, 0.000, 14:30:27.856
92, 9.81, 8.89, 5.28, 11.16, 0.000, 0.000, 0.000, 14:30:27.857
93, 12.86, 8.94, 1.83, 13.24, 0.000, 0.000, 0.000, 14:30:27.871
94, 14.84, 15.14, 8.55, 10.44, 0.000, 0.000, 0.000, 14:30:27.872
95, 10.28, 16.08, 9.28, 17.26, 0.000, 0.000, 0.000, 14:30:27.879
96, 10.57, 13.17, 14.48, 12.98, 0.000, 0.000, 0.000, 14:30:27.879
97, 13.01, 7.79, 9.81, 11.02, 0.000, 0.000, 0.000, 14:30:27.886
98, 10.13, 11.03, 7.49, 13.85, 0.000, 0.000, 0.000, 14:30:27.886
99, 14.34, 13.22, 6.28, 12.43, 0.000, 0.000, 0.000, 14:30:27.902
100, 13.17, 12.74, 5.36, 12.48, 0.000, 0.000, 0.000, 14:30:27.902
101, 13.72, 11.70, 6.68, 9.57, 0.000, 0.000, 0.000, 14:30:27.902
102, 13.60, 13.31, 8.13, 18.91, 0.000, 0.000, 0.000, 14:30:27.903
103, 10.34, 14.11, 8.54, 13.62, 0.000, 0.000, 0.000, 14:30:27.916
104, 9.57, 11.24, 3.80, 13.92, 0.000, 0.000, 0.000, 14:30:27.917
105, 8.47, 7.08, 8.38, 11.44, 0.000, 0.000, 0.000, 14:30:27.931
106, 11.12, 13.12, 6.81, 18.59, 0.000, 0.000, 0.000, 14:30:27.931
107, 12.23, 13.62, 11.00, 14.67, 0.000, 0.000, 0.000, 14:30:27.932
108, 13.63, 11.10, 10.08, 11.94, 0.000, 0.000, 0.000, 14:30:27.932
109, 17.94, 12.71, 9.08, 15.67, 0.000, 0.000, 0.000, 14:30:27.947
110, 11.65, 11.78, 5.49, 14.93, 0.000, 0.000, 0.000, 14:30:27.947
111, 13.67, 12.45, 6.17, 11.06, 0.000, 0.000, 0.000, 14:30:27.962
112, 8.88, 11.76, 7.67, 15.97, 0.000, 0.000, 0.000, 14:30:27.963
113, 12.24, 14.92, 5.47, 13.15, 0.000, 0.000, 0.000, 14:30:27.963
114, 10.29, 11.81, 7.79, 10.05, 0.000, 0.000, 0.000, 14:30:27.963
115, 11.34, 11.65, 9.03, 15.51, 0.000, 0.000, 0.000, 14:30:27.976
116, 11.75, 8.56, 12.18, 10.60, 0.000, 0.000, 0.000, 14:30:27.976
117, 11.72, 12.23, 6.27, 13.62, 0.000, 0.000, 0.000, 14:30:27.992
118, 10.98, 8.72, 15.71, 9.65, 0.000, 0.000, 0.000, 14:30:27.993
119, 13.85, 11.69, 9.44, 15.67, 0.000, 0.000, 0.000, 14:30:27.994
120, 13.62, 10.92, 7.52, 13.09, 0.000, 0.000, 0.000, 14:30:27.994
121, 15.09, 11.88, 7.81, 8.74, 0.000, 0.000, 0.000, 14:30:28.006
122, 11.81, 16.88, 7.04, 15.27, 0.000, 0.000, 0.000, 14:30:28.007
123, 8.84, 10.77, 8.77, 13.32, 0.000, 0.000, 0.000, 14:30:28.022
124, 12.87, 10.96, 7.29, 13.92, 0.000, 0.000, 0.000, 14:30:28.022
125, 9.94, 5.47, 7.29, 15.37, 0.000, 0.000, 0.000, 14:30:28.023
126, 9.81, 13.76, 9.05, 13.72, 0.000, 0.000, 0.000, 14:30:28.023
127, 13.12, 12.13, 5.81, 17.11, 0.000, 0.000, 0.000, 14:30:28.037
128, 11.89, 14.09, 3.59, 13.83, 0.000, 0.000, 0.000, 14:30:28.037
129, 11.07, 12.18, 9.94, 8.18, 0.000, 0.000, 0.000, 14:30:28.051
130, 15.72, 11.48, 8.23, 13.42, 0.000, 0.000, 0.000, 14:30:28.051
131, 11.32, 12.76, 8.74, 11.44, 0.000, 0.000, 0.000, 14:30:28.052
132, 14.00, 15.56, 9.22, 17.97, 0.000, 0.000, 0.000, 14:30:28.052
133, 11.79, 14.18, 11.44, 9.67, 0.000, 0.000, 0.000, 14:30:28.067
134, 13.80, 9.69, 8.58, 10.14, 0.000, 0.000, 0.000, 14:30:28.067
135, 13.23, 14.51, 12.66, 13.42, 0.000, 0.000, 0.000, 14:30:28.082
136, 18.00, 12.56, 13.20, 11.56, 0.000, 0.000, 0.000, 14:30:28.082
137, 13.99, 10.73, 9.64, 14.07, 0.000, 0.000, 0.000, 14:30:28.082
138, 13.08, 12.97, 11.11, 12.37, 0.000, 0.000, 0.000, 14:30:28.082
139, 12.70, 12.80, 4.66, 12.85, 0.000, 0.000, 0.000, 14:30:28.097
140, 14.42, 13.35, 10.29, 16.56, 0.000, 0.000, 0.000, 14:30:28.097
141, 10.55, 15.13, 7.23, 12.56, 0.000, 0.000, 0.000, 14:30:28.112
142, 10.14, 13.53, 6.99, 13.43, 0.000, 0.000, 0.000, 14:30:28.113
143, 15.45, 14.33, 9.28, 16.51, 0.000, 0.000, 0.000, 14:30:28.113
144, 13.98, 12.78, 9.14, 11.77, 0.000, 0.000, 0.000, 14:30:28.113
145, 10.16, 10.69, 8.34, 11.92, 0.000, 0.000, 0.000, 14:30:28.126
146, 9.77, 5.47, 4.43, 17.21, 0.000, 0.000, 0.000, 14:30:28.126
147, 14.11, 17.92, 10.41, 17.04, 0.000, 0.000, 0.000, 14:30:28.147
148, 9.15, 15.17, 10.36, 13.87, 0.000, 0.000, 0.000, 14:30:28.148
149, 12.53, 10.72, 9.97, 12.94, 0.000, 0.000, 0.000, 14:30:28.148
150, 12.51, 11.66, 7.66, 11.55, 0.000, 0.000, 0.000, 14:30:28.148
151, 12.29, 11.44, 6.56, 15.33, 0.000, 0.000, 0.000, 14:30:28.160
152, 10.63, 8.97, 5.29, 13.82, 0.000, 0.000, 0.000, 14:30:28.161
153, 12.21, 11.23, 10.32, 13.59, 0.000, 0.000, 0.000, 14:30:28.171
154, 10.34, 14.21, 8.87, 16.29, 0.000, 0.000, 0.000, 14:30:28.171
155, 14.28, 18.74, 11.56, 18.94, 0.000, 0.000, 0.000, 14:30:28.172
156, 15.50, 12.44, 8.44, 14.09, 0.000, 0.000, 0.000, 14:30:28.172
157, 6.08, 7.70, 4.44, 10.09, 0.000, 0.000, 0.000, 14:30:28.186
158, 11.85, 10.60, 5.22, 13.65, 0.000, 0.000, 0.000, 14:30:28.186
159, 14.88, 12.77, 10.60, 17.36, 0.000, 0.000, 0.000, 14:30:28.201
160, 12.60, 13.32, 12.87, 13.61, 0.000, 0.000, 0.000, 14:30:28.202
161, 13.63, 9.56, 9.27, 17.00, 0.000, 0.000, 0.000, 14:30:28.202
162, 12.05, 12.77, 7.72, 12.34, 0.000, 0.000, 0.000, 14:30:28.202
163, 18.02, 15.08, 9.82, 17.73, 0.000, 0.000, 0.000, 14:30:28.217
164, 10.63, 9.43, 9.62, 13.77, 0.000, 0.000, 0.000, 14:30:28.217
165, 9.81, 10.11, 8.92, 10.50, 0.000, 0.000, 0.000, 14:30:28.232
166, 9.83, 14.03, 7.09, 12.94, 0.000, 0.000, 0.000, 14:30:28.232
167, 13.51, 12.29, 10.76, 13.71, 0.000, 0.000, 0.000, 14:30:28.232
168, 8.21, 14.31, 7.25, 14.59, 0.000, 0.000, 0.000, 14:30:28.232
169, 10.39, 8.98, 6.73, 7.95, 0.000, 0.000, 0.000, 14:30:28.248
170, 13.50, 13.40, 4.45, 11.07, 0.000, 0.000, 0.000, 14:30:28.248
171, 14.07, 12.33, 12.49, 12.39, 0.000, 0.000, 0.000, 14:30:28.262
172, 9.52, 8.96, 4.31, 11.85, 0.000, 0.000, 0.000, 14:30:28.263
173, 11.21, 12.41, 6.68, 12.79, 0.000, 0.000, 0.000, 14:30:28.263
174, 12.78, 9.55, 10.55, 16.36, 0.000, 0.000, 0.000, 14:30:28.263
175, 12.73, 11.24, 10.28, 13.59, 0.000, 0.000, 0.000, 14:30:28.278
176, 12.56, 13.16, 6.94, 18.31, 0.000, 0.000, 0.000, 14:30:28.279
177, 13.62, 12.98, 9.21, 11.47, 0.000, 0.000, 0.000, 14:30:28.292
178, 8.66, 8.92, 5.26, 10.06, 0.000, 0.000, 0.000, 14:30:28.292
179, 14.05, 15.04, 10.31, 14.80, 0.000, 0.000, 0.000, 14:30:28.292
180, 14.01, 13.91, 7.89, 14.50, 0.000, 0.000, 0.000, 14:30:28.293
181, 8.12, 8.66, 4.21, 12.55, 0.000, 0.000, 0.000, 14:30:28.306
182, 10.84, 15.61, 12.43, 11.46, 0.000, 0.000, 0.000, 14:30:28.306
183, 14.91, 15.61, 6.34, 17.55, 0.000, 0.000, 0.000, 14:30:28.321
184, 10.01, 9.37, 12.41, 15.11, 0.000, 0.000, 0.000, 14:30:28.322
185, 8.46, 8.75, 2.70, 14.39, 0.000, 0.000, 0.000, 14:30:28.329
186, 16.87, 14.65, 11.84, 15.78, 0.000, 0.000, 0.000, 14:30:28.329
187, 17.32, 12.78, 8.59, 12.44, 0.000, 0.000, 0.000, 14:30:28.337
188, 13.03, 10.82, 2.57, 12.27, 0.000, 0.000, 0.000, 14:30:28.337
189, 11.27, 11.89, 8.82, 11.25, 0.000, 0.000, 0.000, 14:30:28.352
190, 13.11, 12.10, 9.10, 12.94, 0.000, 0.000, 0.000, 14:30:28.352
191, 9.55, 13.74, 9.79, 16.18, 0.000, 0.000, 0.000, 14:30:28.352
192, 12.87, 10.60, 7.75, 8.67, 0.000, 0.000, 0.000, 14:30:28.352
193, 8.76, 5.74, 9.10, 12.21, 0.000, 0.000, 0.000, 14:30:28.366
194, 14.72, 13.86, 12.56, 13.35, 0.000, 0.000, 0.000, 14:30:28.367
195, 13.66, 11.85, 6.16, 13.21, 0.000, 0.000, 0.000, 14:30:28.382
196, 8.88, 8.02, 12.74, 9.03, 0.000, 0.000, 0.000, 14:30:28.382
197, 9.76, 11.75, 3.55, 15.88, 0.000, 0.000, 0.000, 14:30:28.382
198, 11.20, 11.70, 8.47, 15.19, 0.000, 0.000, 0.000, 14:30:28.382
199, 12.06, 11.53, 11.05, 16.01, 0.000, 0.000, 0.000, 14:30:28.396
200, 13.01, 12.95, 9.77, 17.22, 0.000, 0.000, 0.000, 14:30:28.397
0, 12.57, 7.66, 10.82, 13.37, 0.000, 0.000, 0.000, 14:30:28.397
1, 9.02, 14.22, 6.57, 10.50, 0.000, 0.000, 0.000, 14:30:28.412
2, 12.39, 14.65, 10.75, 16.61, 0.000, 0.000, 0.000, 14:30:28.412
3, 12.71, 11.65, 7.49, 13.66, 0.000, 0.000, 0.000, 14:30:28.427
4, 11.54, 9.35, 7.63, 12.49, 0.000, 0.000, 0.000, 14:30:28.428
5, 15.03, 10.54, 9.22, 11.03, 0.000, 0.000, 0.000, 14:30:28.428
6, 12.26, 11.00, 10.87, 17.00, 0.000, 0.000, 0.000, 14:30:28.429
7, 12.10, 10.83, 3.25, 14.16, 0.000, 0.000, 0.000, 14:30:28.442
8, 12.75, 15.00, 11.46, 13.21, 0.000, 0.000, 0.000, 14:30:28.442
9, 11.39, 11.83, 6.06, 8.95, 0.000, 0.000, 0.000, 14:30:28.457
10, 10.51, 12.57, 11.15, 16.82, 0.000, 0.000, 0.000, 14:30:28.457
11, 13.51, 15.95, 9.79, 12.80, 0.000, 0.000, 0.000, 14:30:28.457
12, 9.82, 12.49, 7.02, 15.50, 0.000, 0.000, 0.000, 14:30:28.457
13, 11.57, 10.50, 10.76, 13.90, 0.000, 0.000, 0.000, 14:30:28.471
14, 12.17, 16.46, 10.87, 15.47, 0.000, 0.000, 0.000, 14:30:28.471
15, 10.42, 14.16, 8.24, 11.46, 0.000, 0.000, 0.000, 14:30:28.487
16, 10.87, 13.85, 9.56, 12.15, 0.000, 0.000, 0.000, 14:30:28.487
17, 14.27, 15.19, 8.97, 16.33, 0.000, 0.000, 0.000, 14:30:28.487
18, 15.37, 11.90, 6.70, 14.18, 0.000, 0.000, 0.000, 14:30:28.487
19, 13.70, 10.72, 8.84, 17.85, 0.000, 0.000, 0.000, 14:30:28.501
20, 14.49, 9.47, 11.05, 20.20, 0.000, 0.000, 0.000, 14:30:28.501
21, 10.12, 11.07, 11.19, 12.51, 0.000, 0.000, 0.000, 14:30:28.516
22, 13.56, 11.36, 8.78, 13.99, 0.000, 0.000, 0.000, 14:30:28.517
23, 16.59, 13.28, 9.66, 14.61, 0.000, 0.000, 0.000, 14:30:28.517
24, 13.45, 11.06, 9.82, 15.09, 0.000, 0.000, 0.000, 14:30:28.517
25, 13.21, 12.71, 9.05, 13.33, 0.000, 0.000, 0.000, 14:30:28.532
26, 14.93, 17.30, 7.69, 13.35, 0.000, 0.000, 0.000, 14:30:28.532
27, 9.20, 13.40, 4.01, 13.82, 0.000, 0.000, 0.000, 14:30:28.546
28, 7.58, 11.16, 8.84, 8.77, 0.000, 0.000, 0.000, 14:30:28.546
29, 10.27, 10.39, 4.78, 12.14, 0.000, 0.000, 0.000, 14:30:28.547
30, 13.75, 12.04, 10.71, 14.27, 0.000, 0.000, 0.000, 14:30:28.547
31, 12.52, 11.34, 12.79, 9.70, 0.000, 0.000, 0.000, 14:30:28.562
32, 7.68, 10.82, 5.76, 12.86, 0.000, 0.000, 0.000, 14:30:28.562
33, 15.21, 12.21, 6.95, 12.19, 0.000, 0.000, 0.000, 14:30:28.578
34, 18.89, 14.19, 7.93, 14.84, 0.000, 0.000, 0.000, 14:30:28.578
35, 12.03, 10.85, 6.66, 12.05, 0.000, 0.000, 0.000, 14:30:28.578
36, 8.56, 11.94, 9.78, 11.62, 0.000, 0.000, 0.000, 14:30:28.578
37, 9.45, 13.85, 8.84, 13.07, 0.000, 0.000, 0.000, 14:30:28.592
38, 10.60, 12.71, 7.86, 15.23, 0.000, 0.000, 0.000, 14:30:28.592
39, 9.06, 10.97, 8.22, 12.32, 0.000, 0.000, 0.000, 14:30:28.606
40, 10.57, 12.08, 5.43, 12.10, 0.000, 0.000, 0.000, 14:30:28.607
41, 10.44, 11.58, 11.85, 12.20, 0.000, 0.000, 0.000, 14:30:28.607
42, 11.42, 16.89, 9.50, 16.89, 0.000, 0.000, 0.000, 14:30:28.607
43, 11.35, 11.15, 7.49, 17.38, 0.000, 0.000, 0.000, 14:30:28.622
44, 17.36, 13.72, 11.30, 15.11, 0.000, 0.000, 0.000, 14:30:28.622
45, 11.56, 13.73, 12.20, 15.14, 0.000, 0.000, 0.000, 14:30:28.636
46, 16.20, 11.20, 10.88, 14.81, 0.000, 0.000, 0.000, 14:30:28.637
47, 11.95, 11.68, 6.84, 12.65, 0.000, 0.000, 0.000, 14:30:28.637
48, 9.12, 6.98, 3.99, 17.81, 0.000, 0.000, 0.000, 14:30:28.637
49, 8.47, 8.14, 5.09, 9.42, 0.000, 0.000, 0.000, 14:30:28.652
50, 12.26, 11.71, 9.53, 14.25, 0.000, 0.000, 0.000, 14:30:28.652
51, 11.46, 10.57, 8.15, 14.00, 0.000, 0.000, 0.000, 14:30:28.666
52, 10.60, 10.20, 10.54, 10.69, 0.000, 0.000, 0.000, 14:30:28.667
53, 16.05, 12.85, 5.69, 15.85, 0.000, 0.000, 0.000, 14:30:28.667
54, 13.11, 13.82, 11.47, 12.39, 0.000, 0.000, 0.000, 14:30:28.667
55, 13.65, 13.65, 10.86, 14.32, 0.000, 0.000, 0.000, 14:30:28.681
56, 9.13, 9.58, 9.23, 13.42, 0.000, 0.000, 0.000, 14:30:28.682
57, 12.81, 14.83, 9.31, 13.55, 0.000, 0.000, 0.000, 14:30:28.696
58, 11.85, 15.51, 13.05, 14.76, 0.000, 0.000, 0.000, 14:30:28.696
59, 10.89, 9.86, 5.62, 14.21, 0.000, 0.000, 0.000, 14:30:28.697
60, 8.90, 8.56, 7.15, 13.74, 0.000, 0.000, 0.000, 14:30:28.697
61, 9.35, 9.24, 6.32, 12.27, 0.000, 0.000, 0.000, 14:30:28.712
62, 14.92, 14.06, 5.45, 9.03, 0.000, 0.000, 0.000, 14:30:28.712
63, 13.50, 11.07, 6.80, 16.48, 0.000, 0.000, 0.000, 14:30:28.728
64, 9.89, 10.81, 5.45, 9.07, 0.000, 0.000, 0.000, 14:30:28.728
65, 11.22, 12.30, 6.92, 17.50, 0.000, 0.000, 0.000, 14:30:28.729
66, 11.03, 12.34, 8.69, 10.95, 0.000, 0.000, 0.000, 14:30:28.729
67, 13.23, 12.50, 6.14, 12.95, 0.000, 0.000, 0.000, 14:30:28.742
68, 11.93, 14.93, 16.15, 13.19, 0.000, 0.000, 0.000, 14:30:28.742
69, 13.46, 10.50, 6.91, 14.54, 0.000, 0.000, 0.000, 14:30:28.756
70, 18.28, 11.24, 13.58, 15.48, 0.000, 0.000, 0.000, 14:30:28.757
71, 14.81, 13.85, 10.34, 14.21, 0.000, 0.000, 0.000, 14:30:28.757
72, 11.81, 12.28, 5.00, 14.56, 0.000, 0.000, 0.000, 14:30:28.757
73, 14.26, 13.04, 3.34, 14.42, 0.000, 0.000, 0.000, 14:30:28.772
74, 15.00, 13.73, 10.27, 16.41, 0.000, 0.000, 0.000, 14:30:28.772
75, 11.02, 13.14, 9.33, 12.63, 0.000, 0.000, 0.000, 14:30:28.786
76, 14.46, 11.11, 4.17, 14.64, 0.000, 0.000, 0.000, 14:30:28.786
77, 14.06, 13.82, 9.30, 15.98, 0.000, 0.000, 0.000, 14:30:28.787
78, 11.58, 14.22, 8.18, 15.57, 0.000, 0.000, 0.000, 14:30:28.787
79, 12.86, 12.21, 9.64, 14.21, 0.000, 0.000, 0.000, 14:30:28.802
80, 13.03, 9.47, 11.04, 17.73, 0.000, 0.000, 0.000, 14:30:28.802
81, 10.60, 14.53, 4.81, 11.60, 0.000, 0.000, 0.000, 14:30:28.817
82, 18.53, 13.81, 12.65, 12.00, 0.000, 0.000, 0.000, 14:30:28.817
83, 11.04, 6.63, 7.41, 10.51, 0.000, 0.000, 0.000, 14:30:28.817
84, 11.92, 14.38, 3.86, 13.19, 0.000, 0.000, 0.000, 14:30:28.817
85, 10.46, 10.27, 7.78, 15.17, 0.000, 0.000, 0.000, 14:30:28.832
86, 14.45, 13.31, 8.84, 16.02, 0.000, 0.000, 0.000, 14:30:28.832
87, 9.73, 12.97, 3.85, 11.39, 0.000, 0.000, 0.000, 14:30:28.846
88, 9.86, 6.17, 11.32, 6.43, 0.000, 0.000, 0.000, 14:30:28.847
89, 10.90, 12.65, 8.75, 15.39, 0.000, 0.000, 0.000, 14:30:28.847
90, 7.75, 12.06, 14.05, 14.30, 0.000, 0.000, 0.000, 14:30:28.847
91, 12.41, 13.40, 10.56, 16.29, 0.000, 0.000, 0.000, 14:30:28.862
92, 13.01, 13.05, 9.51, 12.24, 0.000, 0.000, 0.000, 14:30:28.862
93, 11.93, 15.03, 9.68, 17.55, 0.000, 0.000, 0.000, 14:30:28.877
94, 8.97, 11.68, 8.27, 15.24, 0.000, 0.000, 0.000, 14:30:28.877
95, 12.66, 13.39, 9.02, 13.31, 0.000, 0.000, 0.000, 14:30:28.879
96, 11.23, 12.10, 8.20, 11.09, 0.000, 0.000, 0.000, 14:30:28.879
97, 10.91, 12.88, 1.12, 12.15, 0.000, 0.000, 0.000, 14:30:28.892
98, 11.76, 14.07, 9.44, 12.82, 0.000, 0.000, 0.000, 14:30:28.892
99, 11.23, 13.10, 8.49, 15.05, 0.000, 0.000, 0.000, 14:30:28.907
100, 9.58, 9.68, 7.92, 12.71, 0.000, 0.000, 0.000, 14:30:28.907
101, 17.62, 9.07, 6.95, 16.90, 0.000, 0.000, 0.000, 14:30:28.908
102, 12.68, 14.42, 8.56, 14.46, 0.000, 0.000, 0.000, 14:30:28.908
103, 14.41, 8.89, 5.91, 8.98, 0.000, 0.000, 0.000, 14:30:28.921
104, 7.11, 14.09, 14.25, 10.68, 0.000, 0.000, 0.000, 14:30:28.921
105, 9.90, 10.60, 4.49, 13.20, 0.000, 0.000, 0.000, 14:30:28.936
106, 7.94, 9.21, 8.28, 7.18, 0.000, 0.000, 0.000, 14:30:28.936
107, 10.57, 8.09, 8.54, 13.41, 0.000, 0.000, 0.000, 14:30:28.937
108, 8.73, 7.89, 6.59, 11.75, 0.000, 0.000, 0.000, 14:30:28.937
109, 12.52, 13.47, 9.22, 17.63, 0.000, 0.000, 0.000, 14:30:28.951
110, 17.47, 14.85, 10.08, 18.14, 0.000, 0.000, 0.000, 14:30:28.951
111, 15.99, 15.71, 7.71, 19.74, 0.000, 0.000, 0.000, 14:30:28.966
112, 8.90, 13.53, 9.05, 11.39, 0.000, 0.000, 0.000, 14:30:28.966
113, 12.74, 14.12, 10.62, 11.30, 0.000, 0.000, 0.000, 14:30:28.967
114, 14.55, 14.20, 13.35, 14.04, 0.000, 0.000, 0.000, 14:30:28.967
115, 12.43, 19.26, 7.83, 11.64, 0.000, 0.000, 0.000, 14:30:28.981
116, 9.76, 10.77, 7.00, 14.49, 0.000, 0.000, 0.000, 14:30:28.981
117, 11.98, 12.33, 7.46, 13.96, 0.000, 0.000, 0.000, 14:30:28.997
118, 15.01, 15.26, 7.90, 14.23, 0.000, 0.000, 0.000, 14:30:28.997
119, 14.28, 11.83, 14.08, 13.41, 0.000, 0.000, 0.000, 14:30:28.997
120, 11.49, 7.38, 0.60, 9.37, 0.000, 0.000, 0.000, 14:30:28.997
121, 9.85, 12.12, 9.50, 11.87, 0.000, 0.000, 0.000, 14:30:29.011
122, 13.80, 15.21, 7.42, 12.17, 0.000, 0.000, 0.000, 14:30:29.012
123, 13.26, 9.92, 8.80, 14.51, 0.000, 0.000, 0.000, 14:30:29.028
124, 11.94, 7.90, 5.05, 8.16, 0.000, 0.000, 0.000, 14:30:29.028
125, 13.82, 11.89, 13.91, 18.89, 0.000, 0.000, 0.000, 14:30:29.028
126, 11.63, 12.86, 14.05, 14.19, 0.000, 0.000, 0.000, 14:30:29.028
127, 14.66, 11.42, 6.58, 12.64, 0.000, 0.000, 0.000, 14:30:29.048
128, 14.07, 10.66, 14.46, 13.83, 0.000, 0.000, 0.000, 14:30:29.048
129, 9.81, 13.15, 10.27, 15.15, 0.000, 0.000, 0.000, 14:30:29.056
130, 13.51, 14.06, 6.45, 14.58, 0.000, 0.000, 0.000, 14:30:29.057
131, 11.13, 12.92, 5.58, 11.55, 0.000, 0.000, 0.000, 14:30:29.057
132, 11.52, 10.00, 7.95, 9.08, 0.000, 0.000, 0.000, 14:30:29.057
133, 10.94, 11.34, 7.48, 13.64, 0.000, 0.000, 0.000, 14:30:29.071
134, 16.23, 11.06, 11.26, 15.11, 0.000, 0.000, 0.000, 14:30:29.072
