%No., CH1, CH2, CH3, CH4, Accel X, Accel Y, Accel Z, 2017-05-31_10-11-57
0, -2.39, 0.00, 2.21, 6.23, 0.000, 0.000, 0.000, 10:12:01.392
1, 12.03, 0.00, 17.52, 19.57, 0.000, 0.000, 0.000, 10:12:01.518
2, 26.02, 0.00, 27.30, 29.92, 0.000, 0.000, 0.000, 10:12:01.519
3, 9.65, 0.00, 12.46, 15.74, 0.000, 0.000, 0.000, 10:12:01.522
4, 1.45, 0.00, 7.71, 6.89, 0.000, 0.000, 0.000, 10:12:01.523
5, 17.27, 0.00, 21.87, 24.06, 0.000, 0.000, 0.000, 10:12:01.523
6, 22.92, 0.00, 25.67, 33.50, 0.000, 0.000, 0.000, 10:12:01.524
7, 3.79, 0.00, -1.70, 10.63, 0.000, 0.000, 0.000, 10:12:01.525
8, 3.08, 0.00, -0.13, 6.02, 0.000, 0.000, 0.000, 10:12:01.525
9, 15.75, 0.00, 23.65, 21.61, 0.000, 0.000, 0.000, 10:12:01.526
10, 22.87, 0.00, 29.85, 32.99, 0.000, 0.000, 0.000, 10:12:01.527
11, 8.78, 0.00, 12.01, 13.57, 0.000, 0.000, 0.000, 10:12:01.527
12, 4.23, 0.00, 6.20, 7.56, 0.000, 0.000, 0.000, 10:12:01.528
13, 20.68, 0.00, 18.68, 25.37, 0.000, 0.000, 0.000, 10:12:01.529
14, 23.29, 0.00, 27.19, 29.69, 0.000, 0.000, 0.000, 10:12:01.529
15, 4.41, 0.00, 9.83, 10.56, 0.000, 0.000, 0.000, 10:12:01.530
16, 1.04, 0.00, -3.90, 8.36, 0.000, 0.000, 0.000, 10:12:01.530
17, 19.68, 0.00, 15.52, 27.93, 0.000, 0.000, 0.000, 10:12:01.531
18, 22.64, 0.00, 30.64, 31.49, 0.000, 0.000, 0.000, 10:12:01.532
19, 8.04, 0.00, 11.56, 15.72, 0.000, 0.000, 0.000, 10:12:01.532
20, -0.07, 0.00, 6.92, 6.91, 0.000, 0.000, 0.000, 10:12:01.533
21, 16.15, 0.00, 23.25, 22.85, 0.000, 0.000, 0.000, 10:12:01.535
22, 23.49, 0.00, 27.14, 27.54, 0.000, 0.000, 0.000, 10:12:01.536
23, 5.53, 0.00, 10.65, 11.60, 0.000, 0.000, 0.000, 10:12:01.536
24, 0.66, 0.00, 3.83, 3.43, 0.000, 0.000, 0.000, 10:12:01.537
25, 19.40, 0.00, 25.59, 20.77, 0.000, 0.000, 0.000, 10:12:01.538
26, 24.20, 0.00, 34.60, 29.52, 0.000, 0.000, 0.000, 10:12:01.538
27, 4.49, 0.00, 8.81, 11.80, 0.000, 0.000, 0.000, 10:12:01.540
28, 0.39, 0.00, -0.22, 3.32, 0.000, 0.000, 0.000, 10:12:01.541
29, 20.73, 0.00, 20.79, 19.52, 0.000, 0.000, 0.000, 10:12:01.542
30, 24.65, 0.00, 30.24, 27.90, 0.000, 0.000, 0.000, 10:12:01.543
31, 2.06, 0.00, 4.13, 13.82, 0.000, 0.000, 0.000, 10:12:01.559
32, 2.01, 0.00, 5.02, 3.74, 0.000, 0.000, 0.000, 10:12:01.560
33, 16.68, 0.00, 19.51, 24.84, 0.000, 0.000, 0.000, 10:12:01.572
34, 26.56, 0.00, 28.18, 30.58, 0.000, 0.000, 0.000, 10:12:01.573
35, 8.41, 0.00, 12.62, 16.49, 0.000, 0.000, 0.000, 10:12:01.575
36, -1.34, 0.00, 3.10, 4.87, 0.000, 0.000, 0.000, 10:12:01.575
37, 16.83, 0.00, 14.70, 22.87, 0.000, 0.000, 0.000, 10:12:01.586
38, 26.89, 0.00, 25.46, 32.00, 0.000, 0.000, 0.000, 10:12:01.587
39, 10.06, 0.00, 7.43, 15.84, 0.000, 0.000, 0.000, 10:12:01.601
40, 1.49, 0.00, -0.82, 6.95, 0.000, 0.000, 0.000, 10:12:01.602
41, 16.24, 0.00, 25.54, 22.20, 0.000, 0.000, 0.000, 10:12:01.604
42, 24.64, 0.00, 31.09, 29.30, 0.000, 0.000, 0.000, 10:12:01.605
43, 6.20, 0.00, 4.28, 12.16, 0.000, 0.000, 0.000, 10:12:01.615
44, 0.48, 0.00, -1.06, 9.21, 0.000, 0.000, 0.000, 10:12:01.616
45, 19.33, 0.00, 24.15, 24.02, 0.000, 0.000, 0.000, 10:12:01.630
46, 21.78, 0.00, 26.85, 29.48, 0.000, 0.000, 0.000, 10:12:01.630
47, 7.66, 0.00, 11.98, 8.53, 0.000, 0.000, 0.000, 10:12:01.632
48, 4.44, 0.00, 4.35, 6.39, 0.000, 0.000, 0.000, 10:12:01.634
49, 18.87, 0.00, 18.16, 24.80, 0.000, 0.000, 0.000, 10:12:01.645
50, 24.23, 0.00, 27.29, 28.84, 0.000, 0.000, 0.000, 10:12:01.646
51, 6.97, 0.00, 12.58, 15.39, 0.000, 0.000, 0.000, 10:12:01.660
52, 0.99, 0.00, 10.56, 7.83, 0.000, 0.000, 0.000, 10:12:01.665
53, 17.99, 0.00, 24.48, 25.02, 0.000, 0.000, 0.000, 10:12:01.667
54, 23.45, 0.00, 25.27, 30.64, 0.000, 0.000, 0.000, 10:12:01.668
55, 10.03, 0.00, 10.45, 16.29, 0.000, 0.000, 0.000, 10:12:01.677
56, -2.59, 0.00, 1.81, 5.86, 0.000, 0.000, 0.000, 10:12:01.678
57, 17.82, 0.00, 21.42, 24.02, 0.000, 0.000, 0.000, 10:12:01.690
58, 20.98, 0.00, 30.08, 30.64, 0.000, 0.000, 0.000, 10:12:01.691
59, 3.24, 0.00, 7.48, 12.31, 0.000, 0.000, 0.000, 10:12:01.694
60, 0.94, 0.00, 4.10, 2.31, 0.000, 0.000, 0.000, 10:12:01.695
61, 18.97, 0.00, 15.93, 22.56, 0.000, 0.000, 0.000, 10:12:01.705
62, 22.39, 0.00, 25.66, 26.07, 0.000, 0.000, 0.000, 10:12:01.706
63, 8.94, 0.00, 10.91, 11.60, 0.000, 0.000, 0.000, 10:12:01.722
64, -2.25, 0.00, 3.62, 7.61, 0.000, 0.000, 0.000, 10:12:01.722
65, 16.22, 0.00, 13.17, 23.21, 0.000, 0.000, 0.000, 10:12:01.728
66, 21.33, 0.00, 27.59, 28.23, 0.000, 0.000, 0.000, 10:12:01.728
67, 9.28, 0.00, 14.20, 9.25, 0.000, 0.000, 0.000, 10:12:01.736
68, 3.68, 0.00, 6.41, 3.65, 0.000, 0.000, 0.000, 10:12:01.737
69, 18.52, 0.00, 18.92, 23.92, 0.000, 0.000, 0.000, 10:12:01.752
70, 21.94, 0.00, 27.23, 30.91, 0.000, 0.000, 0.000, 10:12:01.753
71, 10.39, 0.00, 7.33, 11.07, 0.000, 0.000, 0.000, 10:12:01.754
72, 3.63, 0.00, 6.63, 5.57, 0.000, 0.000, 0.000, 10:12:01.754
73, 18.03, 0.00, 20.51, 25.08, 0.000, 0.000, 0.000, 10:12:01.766
74, 23.10, 0.00, 29.79, 27.61, 0.000, 0.000, 0.000, 10:12:01.768
75, 9.49, 0.00, -1.54, 10.87, 0.000, 0.000, 0.000, 10:12:01.779
76, 5.45, 0.00, 4.15, 6.07, 0.000, 0.000, 0.000, 10:12:01.780
77, 16.32, 0.00, 19.98, 25.64, 0.000, 0.000, 0.000, 10:12:01.780
78, 22.02, 0.00, 28.80, 27.10, 0.000, 0.000, 0.000, 10:12:01.780
79, 4.89, 0.00, 7.49, 12.50, 0.000, 0.000, 0.000, 10:12:01.795
80, 7.12, 0.00, 1.15, 11.33, 0.000, 0.000, 0.000, 10:12:01.796
81, 18.60, 0.00, 20.15, 21.46, 0.000, 0.000, 0.000, 10:12:01.809
82, 25.11, 0.00, 31.37, 25.16, 0.000, 0.000, 0.000, 10:12:01.810
83, 6.11, 0.00, 7.99, 8.33, 0.000, 0.000, 0.000, 10:12:01.810
84, 1.97, 0.00, 2.80, 5.11, 0.000, 0.000, 0.000, 10:12:01.811
85, 15.05, 0.00, 17.69, 22.97, 0.000, 0.000, 0.000, 10:12:01.825
86, 25.27, 0.00, 28.05, 29.98, 0.000, 0.000, 0.000, 10:12:01.827
87, 4.38, 0.00, 9.79, 11.16, 0.000, 0.000, 0.000, 10:12:01.840
88, -1.26, 0.00, 5.68, 5.10, 0.000, 0.000, 0.000, 10:12:01.840
89, 15.83, 0.00, 20.42, 25.29, 0.000, 0.000, 0.000, 10:12:01.840
90, 21.78, 0.00, 23.32, 26.39, 0.000, 0.000, 0.000, 10:12:01.840
91, 6.04, 0.00, 5.21, 15.89, 0.000, 0.000, 0.000, 10:12:01.855
92, 3.19, 0.00, -1.17, 9.74, 0.000, 0.000, 0.000, 10:12:01.856
93, 21.40, 0.00, 26.72, 25.72, 0.000, 0.000, 0.000, 10:12:01.870
94, 20.77, 0.00, 18.31, 28.69, 0.000, 0.000, 0.000, 10:12:01.871
95, 5.20, 0.00, 15.77, 14.19, 0.000, 0.000, 0.000, 10:12:01.871
96, 3.76, 0.00, 13.79, 10.09, 0.000, 0.000, 0.000, 10:12:01.871
97, 21.83, 0.00, 21.88, 27.75, 0.000, 0.000, 0.000, 10:12:01.886
98, 22.71, 0.00, 26.73, 31.17, 0.000, 0.000, 0.000, 10:12:01.887
99, 5.83, 0.00, 4.38, 9.85, 0.000, 0.000, 0.000, 10:12:01.900
100, 2.21, 0.00, 3.99, 9.04, 0.000, 0.000, 0.000, 10:12:01.901
101, 16.89, 0.00, 21.54, 25.85, 0.000, 0.000, 0.000, 10:12:01.902
102, 22.63, 0.00, 24.94, 28.47, 0.000, 0.000, 0.000, 10:12:01.902
103, 6.42, 0.00, 6.85, 12.90, 0.000, 0.000, 0.000, 10:12:01.915
104, -0.87, 0.00, 6.38, 3.63, 0.000, 0.000, 0.000, 10:12:01.916
105, 17.73, 0.00, 29.38, 25.26, 0.000, 0.000, 0.000, 10:12:01.930
106, 24.63, 0.00, 25.32, 31.80, 0.000, 0.000, 0.000, 10:12:01.930
107, 7.12, 0.00, 6.72, 8.62, 0.000, 0.000, 0.000, 10:12:01.931
108, 1.56, 0.00, 1.66, 0.16, 0.000, 0.000, 0.000, 10:12:01.931
109, 18.25, 0.00, 21.53, 24.44, 0.000, 0.000, 0.000, 10:12:01.945
110, 24.66, 0.00, 32.00, 29.76, 0.000, 0.000, 0.000, 10:12:01.945
111, 7.72, 0.00, 6.70, 9.73, 0.000, 0.000, 0.000, 10:12:01.962
112, 0.98, 0.00, 2.82, 5.15, 0.000, 0.000, 0.000, 10:12:01.962
113, 17.10, 0.00, 20.51, 22.31, 0.000, 0.000, 0.000, 10:12:01.962
114, 23.66, 0.00, 26.44, 31.40, 0.000, 0.000, 0.000, 10:12:01.962
115, 10.26, 0.00, 13.78, 12.39, 0.000, 0.000, 0.000, 10:12:01.975
116, 0.60, 0.00, 3.41, 7.46, 0.000, 0.000, 0.000, 10:12:01.975
117, 22.82, 0.00, 20.88, 28.13, 0.000, 0.000, 0.000, 10:12:01.991
118, 21.35, 0.00, 27.40, 24.71, 0.000, 0.000, 0.000, 10:12:01.992
119, 6.53, 0.00, 2.03, 13.64, 0.000, 0.000, 0.000, 10:12:01.992
120, -0.19, 0.00, 5.94, 5.94, 0.000, 0.000, 0.000, 10:12:01.992
121, 18.94, 0.00, 25.00, 23.28, 0.000, 0.000, 0.000, 10:12:02.005
122, 21.73, 0.00, 25.77, 31.09, 0.000, 0.000, 0.000, 10:12:02.005
123, 8.10, 0.00, 13.76, 14.94, 0.000, 0.000, 0.000, 10:12:02.021
124, 0.11, 0.00, 9.81, 6.07, 0.000, 0.000, 0.000, 10:12:02.022
125, 17.64, 0.00, 23.38, 26.04, 0.000, 0.000, 0.000, 10:12:02.026
126, 22.50, 0.00, 27.07, 30.50, 0.000, 0.000, 0.000, 10:12:02.027
127, 8.78, 0.00, 6.98, 10.82, 0.000, 0.000, 0.000, 10:12:02.035
128, 7.18, 0.00, 4.11, 5.14, 0.000, 0.000, 0.000, 10:12:02.036
129, 17.32, 0.00, 25.39, 26.77, 0.000, 0.000, 0.000, 10:12:02.052
130, 19.16, 0.00, 24.91, 25.09, 0.000, 0.000, 0.000, 10:12:02.052
131, 7.20, 0.00, 6.94, 9.03, 0.000, 0.000, 0.000, 10:12:02.052
132, 3.15, 0.00, 4.21, 8.79, 0.000, 0.000, 0.000, 10:12:02.053
133, 20.85, 0.00, 22.86, 22.62, 0.000, 0.000, 0.000, 10:12:02.065
134, 22.24, 0.00, 32.61, 25.91, 0.000, 0.000, 0.000, 10:12:02.066
135, 4.50, 0.00, 6.01, 11.55, 0.000, 0.000, 0.000, 10:12:02.079
136, 3.48, 0.00, -5.14, 5.36, 0.000, 0.000, 0.000, 10:12:02.080
137, 17.93, 0.00, 22.93, 24.24, 0.000, 0.000, 0.000, 10:12:02.081
138, 27.50, 0.00, 23.97, 28.24, 0.000, 0.000, 0.000, 10:12:02.081
139, 9.82, 0.00, 11.34, 11.56, 0.000, 0.000, 0.000, 10:12:02.094
140, 3.83, 0.00, 5.30, 8.94, 0.000, 0.000, 0.000, 10:12:02.095
141, 21.37, 0.00, 35.12, 23.64, 0.000, 0.000, 0.000, 10:12:02.109
142, 23.29, 0.00, 22.66, 29.10, 0.000, 0.000, 0.000, 10:12:02.110
143, 3.87, 0.00, 12.81, 9.68, 0.000, 0.000, 0.000, 10:12:02.110
144, 3.25, 0.00, 6.32, 7.53, 0.000, 0.000, 0.000, 10:12:02.110
145, 20.49, 0.00, 15.28, 25.87, 0.000, 0.000, 0.000, 10:12:02.125
146, 19.87, 0.00, 34.43, 30.36, 0.000, 0.000, 0.000, 10:12:02.125
147, 3.17, 0.00, 3.95, 10.29, 0.000, 0.000, 0.000, 10:12:02.140
148, 2.88, 0.00, -1.60, 6.94, 0.000, 0.000, 0.000, 10:12:02.140
149, 13.77, 0.00, 22.59, 21.45, 0.000, 0.000, 0.000, 10:12:02.140
150, 18.78, 0.00, 23.60, 30.29, 0.000, 0.000, 0.000, 10:12:02.140
151, 7.20, 0.00, 7.99, 15.46, 0.000, 0.000, 0.000, 10:12:02.157
152, 5.95, 0.00, 5.98, 5.37, 0.000, 0.000, 0.000, 10:12:02.157
153, 17.64, 0.00, 21.81, 24.86, 0.000, 0.000, 0.000, 10:12:02.172
154, 23.09, 0.00, 26.21, 30.03, 0.000, 0.000, 0.000, 10:12:02.173
155, 3.27, 0.00, 14.82, 13.21, 0.000, 0.000, 0.000, 10:12:02.173
156, 3.60, 0.00, -1.93, 7.26, 0.000, 0.000, 0.000, 10:12:02.174
157, 14.58, 0.00, 21.93, 19.54, 0.000, 0.000, 0.000, 10:12:02.185
158, 23.06, 0.00, 21.34, 29.14, 0.000, 0.000, 0.000, 10:12:02.185
159, 7.20, 0.00, 9.24, 9.43, 0.000, 0.000, 0.000, 10:12:02.200
160, 0.56, 0.00, 6.39, 6.48, 0.000, 0.000, 0.000, 10:12:02.200
161, 18.86, 0.00, 26.98, 25.40, 0.000, 0.000, 0.000, 10:12:02.201
162, 20.64, 0.00, 28.83, 27.98, 0.000, 0.000, 0.000, 10:12:02.201
163, 3.80, 0.00, 6.50, 11.01, 0.000, 0.000, 0.000, 10:12:02.214
164, 2.55, 0.00, 4.61, 9.58, 0.000, 0.000, 0.000, 10:12:02.215
165, 15.44, 0.00, 24.59, 24.70, 0.000, 0.000, 0.000, 10:12:02.230
166, 20.27, 0.00, 27.95, 29.28, 0.000, 0.000, 0.000, 10:12:02.230
167, 3.47, 0.00, 7.47, 6.39, 0.000, 0.000, 0.000, 10:12:02.231
168, 5.54, 0.00, 0.16, 8.70, 0.000, 0.000, 0.000, 10:12:02.231
169, 21.87, 0.00, 20.12, 24.89, 0.000, 0.000, 0.000, 10:12:02.252
170, 18.89, 0.00, 30.84, 26.06, 0.000, 0.000, 0.000, 10:12:02.254
171, 12.51, 0.00, 8.33, 12.17, 0.000, 0.000, 0.000, 10:12:02.260
172, 5.09, 0.00, 4.20, 9.66, 0.000, 0.000, 0.000, 10:12:02.260
173, 18.89, 0.00, 21.91, 24.97, 0.000, 0.000, 0.000, 10:12:02.261
174, 22.24, 0.00, 35.34, 30.78, 0.000, 0.000, 0.000, 10:12:02.261
175, 8.31, 0.00, 7.47, 7.89, 0.000, 0.000, 0.000, 10:12:02.274
176, 1.89, 0.00, 2.23, 6.65, 0.000, 0.000, 0.000, 10:12:02.275
177, 17.77, 0.00, 20.21, 26.01, 0.000, 0.000, 0.000, 10:12:02.290
178, 21.59, 0.00, 27.99, 31.76, 0.000, 0.000, 0.000, 10:12:02.291
179, 7.96, 0.00, 8.68, 11.08, 0.000, 0.000, 0.000, 10:12:02.291
180, 2.33, 0.00, 5.81, 1.59, 0.000, 0.000, 0.000, 10:12:02.291
181, 20.68, 0.00, 18.76, 28.41, 0.000, 0.000, 0.000, 10:12:02.307
182, 21.52, 0.00, 27.83, 27.37, 0.000, 0.000, 0.000, 10:12:02.307
183, 2.46, 0.00, 8.08, 10.05, 0.000, 0.000, 0.000, 10:12:02.322
184, 1.22, 0.00, -6.40, 8.17, 0.000, 0.000, 0.000, 10:12:02.322
185, 22.58, 0.00, 18.61, 23.54, 0.000, 0.000, 0.000, 10:12:02.322
186, 19.43, 0.00, 31.53, 31.02, 0.000, 0.000, 0.000, 10:12:02.322
187, 7.72, 0.00, 9.48, 8.81, 0.000, 0.000, 0.000, 10:12:02.337
188, 4.09, 0.00, -6.21, 7.76, 0.000, 0.000, 0.000, 10:12:02.338
189, 18.44, 0.00, 18.43, 25.38, 0.000, 0.000, 0.000, 10:12:02.350
190, 20.24, 0.00, 22.67, 28.79, 0.000, 0.000, 0.000, 10:12:02.353
191, 6.74, 0.00, 11.59, 13.56, 0.000, 0.000, 0.000, 10:12:02.357
192, 5.05, 0.00, 12.42, 5.68, 0.000, 0.000, 0.000, 10:12:02.357
193, 19.92, 0.00, 21.94, 24.87, 0.000, 0.000, 0.000, 10:12:02.365
194, 22.36, 0.00, 33.23, 32.09, 0.000, 0.000, 0.000, 10:12:02.366
195, 6.60, 0.00, -0.90, 11.62, 0.000, 0.000, 0.000, 10:12:02.381
196, 3.36, 0.00, 7.89, 11.28, 0.000, 0.000, 0.000, 10:12:02.381
197, 19.38, 0.00, 27.99, 27.16, 0.000, 0.000, 0.000, 10:12:02.381
198, 20.76, 0.00, 27.99, 30.67, 0.000, 0.000, 0.000, 10:12:02.381
199, 8.16, 0.00, 12.29, 11.58, 0.000, 0.000, 0.000, 10:12:02.395
200, 2.58, 0.00, 2.45, 9.53, 0.000, 0.000, 0.000, 10:12:02.395
0, 18.79, 0.00, 13.18, 25.31, 0.000, 0.000, 0.000, 10:12:02.396
1, 26.29, 0.00, 21.52, 30.17, 0.000, 0.000, 0.000, 10:12:02.410
2, 4.95, 0.00, 12.75, 8.44, 0.000, 0.000, 0.000, 10:12:02.411
3, 5.45, 0.00, 13.28, 3.56, 0.000, 0.000, 0.000, 10:12:02.425
4, 15.74, 0.00, 26.50, 26.40, 0.000, 0.000, 0.000, 10:12:02.426
5, 18.78, 0.00, 24.94, 28.02, 0.000, 0.000, 0.000, 10:12:02.426
6, 5.39, 0.00, 0.82, 11.25, 0.000, 0.000, 0.000, 10:12:02.427
7, 2.14, 0.00, 2.38, 5.30, 0.000, 0.000, 0.000, 10:12:02.441
8, 20.01, 0.00, 29.57, 20.32, 0.000, 0.000, 0.000, 10:12:02.441
9, 20.58, 0.00, 25.75, 26.28, 0.000, 0.000, 0.000, 10:12:02.458
10, -0.44, 0.00, 5.27, 7.15, 0.000, 0.000, 0.000, 10:12:02.458
11, 2.27, 0.00, 1.61, 6.14, 0.000, 0.000, 0.000, 10:12:02.458
12, 17.33, 0.00, 18.73, 26.35, 0.000, 0.000, 0.000, 10:12:02.458
13, 19.64, 0.00, 27.02, 27.57, 0.000, 0.000, 0.000, 10:12:02.473
14, 10.61, 0.00, 9.94, 10.51, 0.000, 0.000, 0.000, 10:12:02.473
15, 3.50, 0.00, 3.81, 9.48, 0.000, 0.000, 0.000, 10:12:02.487
16, 20.91, 0.00, 22.88, 28.21, 0.000, 0.000, 0.000, 10:12:02.488
17, 19.11, 0.00, 25.52, 30.73, 0.000, 0.000, 0.000, 10:12:02.490
18, 3.01, 0.00, 9.06, 11.38, 0.000, 0.000, 0.000, 10:12:02.490
19, 1.16, 0.00, 3.91, 4.24, 0.000, 0.000, 0.000, 10:12:02.501
20, 21.34, 0.00, 19.38, 23.70, 0.000, 0.000, 0.000, 10:12:02.502
21, 27.10, 0.00, 30.05, 31.05, 0.000, 0.000, 0.000, 10:12:02.515
22, 10.05, 0.00, 10.03, 13.65, 0.000, 0.000, 0.000, 10:12:02.515
23, 3.40, 0.00, 7.43, 8.90, 0.000, 0.000, 0.000, 10:12:02.516
24, 17.44, 0.00, 21.58, 24.77, 0.000, 0.000, 0.000, 10:12:02.516
25, 18.23, 0.00, 29.50, 25.84, 0.000, 0.000, 0.000, 10:12:02.530
26, 4.94, 0.00, 8.12, 6.69, 0.000, 0.000, 0.000, 10:12:02.531
27, 5.93, 0.00, 8.17, 6.80, 0.000, 0.000, 0.000, 10:12:02.545
28, 15.20, 0.00, 14.91, 26.08, 0.000, 0.000, 0.000, 10:12:02.546
29, 20.35, 0.00, 25.76, 33.71, 0.000, 0.000, 0.000, 10:12:02.546
30, 7.68, 0.00, 6.68, 10.91, 0.000, 0.000, 0.000, 10:12:02.546
31, 5.00, 0.00, 3.95, 6.73, 0.000, 0.000, 0.000, 10:12:02.560
32, 21.24, 0.00, 28.56, 21.71, 0.000, 0.000, 0.000, 10:12:02.560
33, 22.80, 0.00, 24.44, 27.08, 0.000, 0.000, 0.000, 10:12:02.576
34, 7.46, 0.00, 1.26, 10.55, 0.000, 0.000, 0.000, 10:12:02.576
35, 3.93, 0.00, 4.94, 6.37, 0.000, 0.000, 0.000, 10:12:02.577
36, 17.61, 0.00, 20.72, 24.96, 0.000, 0.000, 0.000, 10:12:02.577
37, 25.97, 0.00, 29.30, 31.93, 0.000, 0.000, 0.000, 10:12:02.590
38, 3.42, 0.00, 6.92, 9.12, 0.000, 0.000, 0.000, 10:12:02.590
39, 2.83, 0.00, 1.35, 7.27, 0.000, 0.000, 0.000, 10:12:02.606
40, 17.01, 0.00, 22.84, 23.31, 0.000, 0.000, 0.000, 10:12:02.607
41, 22.00, 0.00, 23.84, 26.16, 0.000, 0.000, 0.000, 10:12:02.607
42, 5.61, 0.00, 4.24, 9.77, 0.000, 0.000, 0.000, 10:12:02.607
43, 5.55, 0.00, 5.06, 6.00, 0.000, 0.000, 0.000, 10:12:02.621
44, 20.58, 0.00, 26.00, 24.22, 0.000, 0.000, 0.000, 10:12:02.621
45, 20.15, 0.00, 30.35, 23.10, 0.000, 0.000, 0.000, 10:12:02.636
46, 5.30, 0.00, 9.64, 9.54, 0.000, 0.000, 0.000, 10:12:02.637
47, -0.62, 0.00, -0.81, 9.62, 0.000, 0.000, 0.000, 10:12:02.639
48, 19.31, 0.00, 17.01, 25.35, 0.000, 0.000, 0.000, 10:12:02.639
49, 21.40, 0.00, 32.89, 29.95, 0.000, 0.000, 0.000, 10:12:02.650
50, 3.62, 0.00, 2.81, 10.74, 0.000, 0.000, 0.000, 10:12:02.650
51, 2.87, 0.00, 8.79, 6.73, 0.000, 0.000, 0.000, 10:12:02.665
52, 21.85, 0.00, 25.37, 24.28, 0.000, 0.000, 0.000, 10:12:02.665
53, 22.14, 0.00, 26.06, 28.02, 0.000, 0.000, 0.000, 10:12:02.666
54, 9.22, 0.00, 11.11, 9.89, 0.000, 0.000, 0.000, 10:12:02.666
55, 2.92, 0.00, 12.47, 7.18, 0.000, 0.000, 0.000, 10:12:02.682
56, 21.97, 0.00, 25.43, 25.09, 0.000, 0.000, 0.000, 10:12:02.682
57, 22.07, 0.00, 26.88, 28.30, 0.000, 0.000, 0.000, 10:12:02.695
58, 3.90, 0.00, 6.77, 9.33, 0.000, 0.000, 0.000, 10:12:02.695
59, 4.21, 0.00, 8.54, 6.59, 0.000, 0.000, 0.000, 10:12:02.696
60, 21.94, 0.00, 24.57, 23.01, 0.000, 0.000, 0.000, 10:12:02.697
61, 23.75, 0.00, 23.64, 25.62, 0.000, 0.000, 0.000, 10:12:02.718
62, 5.78, 0.00, 5.09, 6.83, 0.000, 0.000, 0.000, 10:12:02.718
63, 3.60, 0.00, 5.55, 4.25, 0.000, 0.000, 0.000, 10:12:02.725
64, 17.83, 0.00, 15.05, 23.39, 0.000, 0.000, 0.000, 10:12:02.725
65, 17.70, 0.00, 22.78, 29.10, 0.000, 0.000, 0.000, 10:12:02.725
66, 4.85, 0.00, 5.16, 11.36, 0.000, 0.000, 0.000, 10:12:02.726
67, 2.97, 0.00, 5.75, 12.16, 0.000, 0.000, 0.000, 10:12:02.740
68, 17.62, 0.00, 21.49, 24.20, 0.000, 0.000, 0.000, 10:12:02.740
69, 18.94, 0.00, 26.44, 29.31, 0.000, 0.000, 0.000, 10:12:02.758
70, 4.91, 0.00, -0.83, 5.59, 0.000, 0.000, 0.000, 10:12:02.759
71, 5.82, 0.00, 4.37, 5.39, 0.000, 0.000, 0.000, 10:12:02.759
72, 16.41, 0.00, 19.35, 23.86, 0.000, 0.000, 0.000, 10:12:02.759
73, 21.77, 0.00, 22.11, 29.08, 0.000, 0.000, 0.000, 10:12:02.772
74, 6.40, 0.00, 9.05, 10.55, 0.000, 0.000, 0.000, 10:12:02.772
75, 4.08, 0.00, 2.40, 10.27, 0.000, 0.000, 0.000, 10:12:02.786
76, 17.88, 0.00, 21.50, 23.54, 0.000, 0.000, 0.000, 10:12:02.786
77, 21.98, 0.00, 28.88, 29.93, 0.000, 0.000, 0.000, 10:12:02.787
78, 2.43, 0.00, 7.59, 7.28, 0.000, 0.000, 0.000, 10:12:02.788
79, 2.14, 0.00, 9.77, 11.94, 0.000, 0.000, 0.000, 10:12:02.801
80, 19.72, 0.00, 22.53, 25.74, 0.000, 0.000, 0.000, 10:12:02.801
81, 24.36, 0.00, 20.66, 30.25, 0.000, 0.000, 0.000, 10:12:02.815
82, 6.90, 0.00, 11.70, 10.18, 0.000, 0.000, 0.000, 10:12:02.815
83, 4.73, 0.00, 3.58, 11.84, 0.000, 0.000, 0.000, 10:12:02.815
84, 22.11, 0.00, 26.38, 25.76, 0.000, 0.000, 0.000, 10:12:02.816
85, 22.61, 0.00, 31.49, 30.44, 0.000, 0.000, 0.000, 10:12:02.830
86, 7.14, 0.00, 6.77, 11.49, 0.000, 0.000, 0.000, 10:12:02.830
87, 5.38, 0.00, 9.12, 3.23, 0.000, 0.000, 0.000, 10:12:02.845
88, 19.04, 0.00, 26.89, 27.91, 0.000, 0.000, 0.000, 10:12:02.845
89, 21.62, 0.00, 27.39, 30.11, 0.000, 0.000, 0.000, 10:12:02.846
90, 3.95, 0.00, 7.07, 7.41, 0.000, 0.000, 0.000, 10:12:02.846
91, 2.19, 0.00, 6.95, 12.12, 0.000, 0.000, 0.000, 10:12:02.860
92, 18.06, 0.00, 22.98, 28.63, 0.000, 0.000, 0.000, 10:12:02.860
93, 23.36, 0.00, 24.60, 31.88, 0.000, 0.000, 0.000, 10:12:02.875
94, 8.42, 0.00, 11.43, 9.92, 0.000, 0.000, 0.000, 10:12:02.875
95, 1.88, 0.00, 12.87, 7.99, 0.000, 0.000, 0.000, 10:12:02.876
96, 18.70, 0.00, 23.91, 25.81, 0.000, 0.000, 0.000, 10:12:02.876
97, 23.90, 0.00, 20.33, 29.75, 0.000, 0.000, 0.000, 10:12:02.891
98, 1.24, 0.00, 5.19, 10.03, 0.000, 0.000, 0.000, 10:12:02.891
99, 3.56, 0.00, 6.20, 5.68, 0.000, 0.000, 0.000, 10:12:02.906
100, 13.16, 0.00, 10.95, 22.82, 0.000, 0.000, 0.000, 10:12:02.906
101, 24.23, 0.00, 32.31, 27.79, 0.000, 0.000, 0.000, 10:12:02.907
102, 5.23, 0.00, 9.57, 11.40, 0.000, 0.000, 0.000, 10:12:02.907
103, 0.76, 0.00, -0.01, 7.97, 0.000, 0.000, 0.000, 10:12:02.922
104, 18.42, 0.00, 24.52, 26.06, 0.000, 0.000, 0.000, 10:12:02.922
105, 21.56, 0.00, 21.24, 29.98, 0.000, 0.000, 0.000, 10:12:02.935
106, 6.02, 0.00, 7.70, 3.69, 0.000, 0.000, 0.000, 10:12:02.936
107, 4.03, 0.00, 7.39, 8.22, 0.000, 0.000, 0.000, 10:12:02.938
108, 20.58, 0.00, 23.96, 22.39, 0.000, 0.000, 0.000, 10:12:02.939
109, 18.97, 0.00, 25.63, 28.52, 0.000, 0.000, 0.000, 10:12:02.951
110, 7.21, 0.00, 7.51, 7.13, 0.000, 0.000, 0.000, 10:12:02.952
111, 5.70, 0.00, 3.45, 8.49, 0.000, 0.000, 0.000, 10:12:02.965
112, 20.55, 0.00, 17.91, 26.92, 0.000, 0.000, 0.000, 10:12:02.965
113, 20.92, 0.00, 24.42, 29.28, 0.000, 0.000, 0.000, 10:12:02.966
114, 7.11, 0.00, 0.44, 8.41, 0.000, 0.000, 0.000, 10:12:02.966
115, 6.01, 0.00, 8.07, 8.11, 0.000, 0.000, 0.000, 10:12:02.980
116, 19.61, 0.00, 22.27, 25.73, 0.000, 0.000, 0.000, 10:12:02.980
117, 20.35, 0.00, 32.62, 25.11, 0.000, 0.000, 0.000, 10:12:02.995
118, 2.46, 0.00, 11.36, 14.51, 0.000, 0.000, 0.000, 10:12:02.995
119, -1.76, 0.00, 2.78, 6.86, 0.000, 0.000, 0.000, 10:12:02.995
120, 19.38, 0.00, 20.29, 24.70, 0.000, 0.000, 0.000, 10:12:02.996
121, 24.03, 0.00, 24.28, 30.04, 0.000, 0.000, 0.000, 10:12:03.010
122, 0.47, 0.00, 6.96, 9.02, 0.000, 0.000, 0.000, 10:12:03.010
123, 6.01, 0.00, 9.80, 7.06, 0.000, 0.000, 0.000, 10:12:03.025
124, 19.38, 0.00, 27.20, 25.32, 0.000, 0.000, 0.000, 10:12:03.025
125, 24.62, 0.00, 24.08, 31.80, 0.000, 0.000, 0.000, 10:12:03.025
126, 5.37, 0.00, 9.30, 13.62, 0.000, 0.000, 0.000, 10:12:03.025
127, 2.43, 0.00, 2.45, 5.68, 0.000, 0.000, 0.000, 10:12:03.040
128, 21.07, 0.00, 24.69, 24.84, 0.000, 0.000, 0.000, 10:12:03.040
129, 22.68, 0.00, 25.90, 27.33, 0.000, 0.000, 0.000, 10:12:03.056
130, 1.77, 0.00, 8.01, 7.21, 0.000, 0.000, 0.000, 10:12:03.057
131, 3.33, 0.00, 9.06, 10.75, 0.000, 0.000, 0.000, 10:12:03.057
132, 20.97, 0.00, 23.91, 24.55, 0.000, 0.000, 0.000, 10:12:03.057
133, 22.27, 0.00, 31.37, 26.17, 0.000, 0.000, 0.000, 10:12:03.072
134, 3.96, 0.00, 1.17, 13.36, 0.000, 0.000, 0.000, 10:12:03.072
135, 4.54, 0.00, 6.97, 6.99, 0.000, 0.000, 0.000, 10:12:03.087
136, 12.88, 0.00, 23.37, 24.40, 0.000, 0.000, 0.000, 10:12:03.088
137, 20.97, 0.00, 20.35, 30.48, 0.000, 0.000, 0.000, 10:12:03.090
138, 0.15, 0.00, 6.12, 10.47, 0.000, 0.000, 0.000, 10:12:03.090
139, 5.07, 0.00, 6.50, 7.51, 0.000, 0.000, 0.000, 10:12:03.110
140, 20.83, 0.00, 23.56, 23.84, 0.000, 0.000, 0.000, 10:12:03.110
141, 24.19, 0.00, 21.68, 27.25, 0.000, 0.000, 0.000, 10:12:03.115
142, 4.23, 0.00, 11.82, 7.68, 0.000, 0.000, 0.000, 10:12:03.116
143, 4.30, 0.00, 6.45, 15.47, 0.000, 0.000, 0.000, 10:12:03.119
144, 20.91, 0.00, 26.57, 27.93, 0.000, 0.000, 0.000, 10:12:03.119
145, 22.53, 0.00, 20.35, 27.23, 0.000, 0.000, 0.000, 10:12:03.130
146, 0.30, 0.00, 3.47, 7.95, 0.000, 0.000, 0.000, 10:12:03.135
147, 3.38, 0.00, 9.64, 11.35, 0.000, 0.000, 0.000, 10:12:03.145
148, 20.32, 0.00, 23.41, 31.25, 0.000, 0.000, 0.000, 10:12:03.145
149, 20.14, 0.00, 28.80, 25.19, 0.000, 0.000, 0.000, 10:12:03.145
150, 5.65, 0.00, 7.07, 8.48, 0.000, 0.000, 0.000, 10:12:03.147
151, 4.94, 0.00, 4.87, 10.46, 0.000, 0.000, 0.000, 10:12:03.161
152, 22.15, 0.00, 19.53, 24.05, 0.000, 0.000, 0.000, 10:12:03.161
153, 21.04, 0.00, 26.53, 26.38, 0.000, 0.000, 0.000, 10:12:03.175
154, 3.39, 0.00, 5.04, 9.15, 0.000, 0.000, 0.000, 10:12:03.175
155, 7.03, 0.00, 2.76, 7.03, 0.000, 0.000, 0.000, 10:12:03.176
156, 17.91, 0.00, 29.45, 26.45, 0.000, 0.000, 0.000, 10:12:03.176
157, 24.21, 0.00, 24.84, 26.54, 0.000, 0.000, 0.000, 10:12:03.192
158, 6.31, 0.00, 12.38, 7.53, 0.000, 0.000, 0.000, 10:12:03.192
159, 5.14, 0.00, 3.85, 8.32, 0.000, 0.000, 0.000, 10:12:03.207
160, 19.49, 0.00, 22.34, 26.52, 0.000, 0.000, 0.000, 10:12:03.207
161, 19.35, 0.00, 20.99, 26.14, 0.000, 0.000, 0.000, 10:12:03.212
162, 6.40, 0.00, 7.71, 9.64, 0.000, 0.000, 0.000, 10:12:03.213
163, 4.12, 0.00, 6.55, 9.67, 0.000, 0.000, 0.000, 10:12:03.220
164, 18.42, 0.00, 27.52, 28.71, 0.000, 0.000, 0.000, 10:12:03.221
165, 20.31, 0.00, 18.62, 24.43, 0.000, 0.000, 0.000, 10:12:03.236
166, 4.65, 0.00, 3.74, 8.84, 0.000, 0.000, 0.000, 10:12:03.236
167, 1.68, 0.00, 9.80, 9.88, 0.000, 0.000, 0.000, 10:12:03.237
168, 18.24, 0.00, 23.10, 23.79, 0.000, 0.000, 0.000, 10:12:03.238
169, 22.17, 0.00, 25.67, 27.72, 0.000, 0.000, 0.000, 10:12:03.251
170, 3.06, 0.00, 6.35, 7.60, 0.000, 0.000, 0.000, 10:12:03.251
171, 3.47, 0.00, 11.65, 8.89, 0.000, 0.000, 0.000, 10:12:03.265
172, 18.68, 0.00, 23.77, 24.80, 0.000, 0.000, 0.000, 10:12:03.265
173, 22.27, 0.00, 20.23, 28.98, 0.000, 0.000, 0.000, 10:12:03.266
174, 7.39, 0.00, 8.78, 12.75, 0.000, 0.000, 0.000, 10:12:03.266
175, 5.00, 0.00, 4.79, 5.93, 0.000, 0.000, 0.000, 10:12:03.280
176, 21.84, 0.00, 21.25, 25.77, 0.000, 0.000, 0.000, 10:12:03.281
177, 20.87, 0.00, 25.15, 25.51, 0.000, 0.000, 0.000, 10:12:03.295
178, 8.05, 0.00, 5.75, 9.27, 0.000, 0.000, 0.000, 10:12:03.295
179, 2.80, 0.00, 2.51, 6.88, 0.000, 0.000, 0.000, 10:12:03.296
180, 18.99, 0.00, 18.81, 25.70, 0.000, 0.000, 0.000, 10:12:03.296
181, 24.81, 0.00, 26.56, 25.70, 0.000, 0.000, 0.000, 10:12:03.310
182, 6.83, 0.00, 3.39, 9.79, 0.000, 0.000, 0.000, 10:12:03.310
183, 0.59, 0.00, 8.37, 7.78, 0.000, 0.000, 0.000, 10:12:03.325
184, 18.46, 0.00, 19.83, 28.27, 0.000, 0.000, 0.000, 10:12:03.326
185, 21.39, 0.00, 22.54, 29.64, 0.000, 0.000, 0.000, 10:12:03.327
186, 4.57, 0.00, 13.50, 8.60, 0.000, 0.000, 0.000, 10:12:03.327
187, 2.94, 0.00, 2.25, 8.80, 0.000, 0.000, 0.000, 10:12:03.341
188, 19.70, 0.00, 31.22, 22.95, 0.000, 0.000, 0.000, 10:12:03.341
189, 20.49, 0.00, 21.37, 26.37, 0.000, 0.000, 0.000, 10:12:03.356
190, 4.88, 0.00, 2.50, 9.66, 0.000, 0.000, 0.000, 10:12:03.357
191, 6.32, 0.00, 9.43, 10.32, 0.000, 0.000, 0.000, 10:12:03.357
192, 19.37, 0.00, 27.10, 24.77, 0.000, 0.000, 0.000, 10:12:03.357
193, 20.51, 0.00, 27.68, 25.16, 0.000, 0.000, 0.000, 10:12:03.373
194, 8.07, 0.00, 12.25, 9.61, 0.000, 0.000, 0.000, 10:12:03.373
195, 3.39, 0.00, 8.24, 7.09, 0.000, 0.000, 0.000, 10:12:03.388
196, 21.35, 0.00, 23.10, 26.50, 0.000, 0.000, 0.000, 10:12:03.390
197, 24.98, 0.00, 24.37, 25.32, 0.000, 0.000, 0.000, 10:12:03.391
198, 7.12, 0.00, 9.83, 10.23, 0.000, 0.000, 0.000, 10:12:03.391
199, 6.97, 0.00, 8.55, 9.65, 0.000, 0.000, 0.000, 10:12:03.401
200, 19.14, 0.00, 23.78, 23.91, 0.000, 0.000, 0.000, 10:12:03.401
0, 18.01, 0.00, 20.29, 24.69, 0.000, 0.000, 0.000, 10:12:03.407
1, 7.68, 0.00, 6.86, 11.17, 0.000, 0.000, 0.000, 10:12:03.416
2, 2.06, 0.00, 8.34, 10.14, 0.000, 0.000, 0.000, 10:12:03.416
3, 15.17, 0.00, 24.35, 27.57, 0.000, 0.000, 0.000, 10:12:03.430
4, 18.66, 0.00, 18.97, 30.04, 0.000, 0.000, 0.000, 10:12:03.431
5, 6.21, 0.00, 5.76, 10.10, 0.000, 0.000, 0.000, 10:12:03.431
6, 2.41, 0.00, 3.64, 6.61, 0.000, 0.000, 0.000, 10:12:03.431
7, 20.34, 0.00, 23.65, 23.60, 0.000, 0.000, 0.000, 10:12:03.445
8, 19.49, 0.00, 20.91, 28.06, 0.000, 0.000, 0.000, 10:12:03.446
9, 6.69, 0.00, 3.74, 10.93, 0.000, 0.000, 0.000, 10:12:03.460
10, 2.19, 0.00, 5.19, 10.46, 0.000, 0.000, 0.000, 10:12:03.460
11, 17.16, 0.00, 22.02, 26.03, 0.000, 0.000, 0.000, 10:12:03.461
12, 21.44, 0.00, 16.68, 25.63, 0.000, 0.000, 0.000, 10:12:03.461
13, 2.99, 0.00, 7.41, 11.92, 0.000, 0.000, 0.000, 10:12:03.475
14, 1.70, 0.00, 10.60, 8.07, 0.000, 0.000, 0.000, 10:12:03.475
15, 21.44, 0.00, 23.09, 24.73, 0.000, 0.000, 0.000, 10:12:03.490
16, 22.95, 0.00, 16.49, 27.42, 0.000, 0.000, 0.000, 10:12:03.490
17, 3.64, 0.00, 10.96, 11.56, 0.000, 0.000, 0.000, 10:12:03.497
18, 3.77, 0.00, -1.27, 5.60, 0.000, 0.000, 0.000, 10:12:03.497
19, 19.07, 0.00, 23.27, 24.94, 0.000, 0.000, 0.000, 10:12:03.506
20, 18.94, 0.00, 29.98, 23.39, 0.000, 0.000, 0.000, 10:12:03.506
21, 5.50, 0.00, 2.18, 11.33, 0.000, 0.000, 0.000, 10:12:03.521
22, 2.13, 0.00, 6.17, 10.91, 0.000, 0.000, 0.000, 10:12:03.522
23, 23.33, 0.00, 28.48, 26.13, 0.000, 0.000, 0.000, 10:12:03.522
24, 21.98, 0.00, 25.98, 24.91, 0.000, 0.000, 0.000, 10:12:03.522
25, 1.17, 0.00, 4.91, 15.16, 0.000, 0.000, 0.000, 10:12:03.538
26, 3.31, 0.00, 7.54, 13.70, 0.000, 0.000, 0.000, 10:12:03.539
27, 16.58, 0.00, 25.15, 27.77, 0.000, 0.000, 0.000, 10:12:03.553
28, 20.06, 0.00, 25.85, 25.68, 0.000, 0.000, 0.000, 10:12:03.554
29, 6.85, 0.00, 5.41, 10.07, 0.000, 0.000, 0.000, 10:12:03.556
30, 5.01, 0.00, 7.46, 8.95, 0.000, 0.000, 0.000, 10:12:03.556
31, 21.76, 0.00, 33.06, 25.95, 0.000, 0.000, 0.000, 10:12:03.565
32, 20.13, 0.00, 22.13, 27.56, 0.000, 0.000, 0.000, 10:12:03.566
33, 2.43, 0.00, 12.62, 8.78, 0.000, 0.000, 0.000, 10:12:03.580
34, 4.35, 0.00, 7.97, 10.97, 0.000, 0.000, 0.000, 10:12:03.580
35, 24.50, 0.00, 21.47, 26.87, 0.000, 0.000, 0.000, 10:12:03.580
36, 22.89, 0.00, 18.05, 25.91, 0.000, 0.000, 0.000, 10:12:03.581
37, 4.12, 0.00, 8.56, 8.88, 0.000, 0.000, 0.000, 10:12:03.595
38, 4.17, 0.00, 4.39, 9.57, 0.000, 0.000, 0.000, 10:12:03.595
39, 19.63, 0.00, 20.48, 23.84, 0.000, 0.000, 0.000, 10:12:03.610
40, 20.51, 0.00, 25.29, 32.55, 0.000, 0.000, 0.000, 10:12:03.610
41, 4.67, 0.00, 6.98, 6.78, 0.000, 0.000, 0.000, 10:12:03.610
42, 3.84, 0.00, 9.79, 8.44, 0.000, 0.000, 0.000, 10:12:03.611
43, 20.66, 0.00, 15.57, 26.86, 0.000, 0.000, 0.000, 10:12:03.625
44, 19.28, 0.00, 26.18, 23.65, 0.000, 0.000, 0.000, 10:12:03.626
45, 4.93, 0.00, 8.69, 11.71, 0.000, 0.000, 0.000, 10:12:03.640
46, 1.46, 0.00, 12.24, 9.43, 0.000, 0.000, 0.000, 10:12:03.641
47, 19.64, 0.00, 21.90, 24.83, 0.000, 0.000, 0.000, 10:12:03.641
48, 21.63, 0.00, 24.69, 27.30, 0.000, 0.000, 0.000, 10:12:03.641
49, 4.43, 0.00, 13.34, 11.65, 0.000, 0.000, 0.000, 10:12:03.657
50, 6.34, 0.00, 4.11, 8.37, 0.000, 0.000, 0.000, 10:12:03.657
51, 18.25, 0.00, 26.71, 24.69, 0.000, 0.000, 0.000, 10:12:03.671
52, 18.74, 0.00, 24.40, 21.92, 0.000, 0.000, 0.000, 10:12:03.672
53, 5.53, 0.00, 4.41, 5.91, 0.000, 0.000, 0.000, 10:12:03.673
54, 5.82, 0.00, 3.40, 4.82, 0.000, 0.000, 0.000, 10:12:03.673
55, 22.35, 0.00, 22.45, 24.53, 0.000, 0.000, 0.000, 10:12:03.689
56, 18.22, 0.00, 18.19, 25.26, 0.000, 0.000, 0.000, 10:12:03.689
57, 1.29, 0.00, 9.51, 6.74, 0.000, 0.000, 0.000, 10:12:03.701
58, 5.13, 0.00, 8.74, 9.71, 0.000, 0.000, 0.000, 10:12:03.702
59, 18.65, 0.00, 21.25, 24.20, 0.000, 0.000, 0.000, 10:12:03.704
60, 21.25, 0.00, 30.91, 20.56, 0.000, 0.000, 0.000, 10:12:03.705
61, 2.08, 0.00, 10.50, 9.99, 0.000, 0.000, 0.000, 10:12:03.715
62, 1.70, 0.00, 7.64, 6.48, 0.000, 0.000, 0.000, 10:12:03.715
63, 16.77, 0.00, 19.25, 24.74, 0.000, 0.000, 0.000, 10:12:03.730
64, 21.61, 0.00, 29.25, 25.95, 0.000, 0.000, 0.000, 10:12:03.730
65, 6.71, 0.00, 8.39, 8.72, 0.000, 0.000, 0.000, 10:12:03.731
66, 5.62, 0.00, 0.79, 10.38, 0.000, 0.000, 0.000, 10:12:03.731
67, 20.72, 0.00, 27.78, 26.38, 0.000, 0.000, 0.000, 10:12:03.745
68, 23.92, 0.00, 18.14, 24.52, 0.000, 0.000, 0.000, 10:12:03.745
69, 4.01, 0.00, 8.06, 13.07, 0.000, 0.000, 0.000, 10:12:03.760
70, 3.20, 0.00, 4.05, 5.64, 0.000, 0.000, 0.000, 10:12:03.760
71, 21.54, 0.00, 23.41, 25.40, 0.000, 0.000, 0.000, 10:12:03.760
72, 21.66, 0.00, 20.69, 23.13, 0.000, 0.000, 0.000, 10:12:03.760
73, 6.94, 0.00, 11.89, 12.01, 0.000, 0.000, 0.000, 10:12:03.775
74, 2.76, 0.00, 7.30, 9.37, 0.000, 0.000, 0.000, 10:12:03.775
75, 18.56, 0.00, 23.51, 25.83, 0.000, 0.000, 0.000, 10:12:03.790
76, 17.10, 0.00, 21.74, 26.19, 0.000, 0.000, 0.000, 10:12:03.790
77, 3.27, 0.00, 10.82, 8.23, 0.000, 0.000, 0.000, 10:12:03.790
78, 6.34, 0.00, 6.66, 5.19, 0.000, 0.000, 0.000, 10:12:03.790
79, 22.32, 0.00, 19.34, 28.52, 0.000, 0.000, 0.000, 10:12:03.808
80, 19.08, 0.00, 25.84, 30.97, 0.000, 0.000, 0.000, 10:12:03.808
81, 4.45, 0.00, 3.74, 12.27, 0.000, 0.000, 0.000, 10:12:03.841
82, 6.24, 0.00, 10.97, 10.27, 0.000, 0.000, 0.000, 10:12:03.841
83, 19.85, 0.00, 25.00, 22.03, 0.000, 0.000, 0.000, 10:12:03.841
84, 19.10, 0.00, 15.46, 23.45, 0.000, 0.000, 0.000, 10:12:03.841
85, 5.99, 0.00, 12.37, 9.60, 0.000, 0.000, 0.000, 10:12:03.841
86, 5.67, 0.00, 9.81, 11.62, 0.000, 0.000, 0.000, 10:12:03.841
87, 21.89, 0.00, 24.61, 21.69, 0.000, 0.000, 0.000, 10:12:03.841
88, 19.44, 0.00, 24.42, 25.95, 0.000, 0.000, 0.000, 10:12:03.842
89, 6.89, 0.00, 9.72, 13.88, 0.000, 0.000, 0.000, 10:12:03.858
90, 7.25, 0.00, 3.49, 8.28, 0.000, 0.000, 0.000, 10:12:03.858
91, 16.43, 0.00, 21.15, 26.80, 0.000, 0.000, 0.000, 10:12:03.869
92, 20.96, 0.00, 28.07, 25.78, 0.000, 0.000, 0.000, 10:12:03.869
93, 5.76, 0.00, 9.77, 8.72, 0.000, 0.000, 0.000, 10:12:03.880
94, 3.06, 0.00, 8.10, 11.51, 0.000, 0.000, 0.000, 10:12:03.880
95, 18.50, 0.00, 21.27, 26.96, 0.000, 0.000, 0.000, 10:12:03.895
96, 19.91, 0.00, 26.88, 22.60, 0.000, 0.000, 0.000, 10:12:03.895
97, 6.75, 0.00, 8.42, 10.87, 0.000, 0.000, 0.000, 10:12:03.910
98, 6.18, 0.00, 4.36, 8.69, 0.000, 0.000, 0.000, 10:12:03.910
99, 21.07, 0.00, 25.55, 26.96, 0.000, 0.000, 0.000, 10:12:03.910
100, 21.83, 0.00, 27.39, 26.53, 0.000, 0.000, 0.000, 10:12:03.910
101, 8.56, 0.00, 9.80, 9.72, 0.000, 0.000, 0.000, 10:12:03.911
102, 6.62, 0.00, -3.14, 10.76, 0.000, 0.000, 0.000, 10:12:03.911
103, 21.27, 0.00, 16.93, 28.15, 0.000, 0.000, 0.000, 10:12:03.925
104, 17.71, 0.00, 23.18, 25.41, 0.000, 0.000, 0.000, 10:12:03.925
105, 2.07, 0.00, 13.91, 8.66, 0.000, 0.000, 0.000, 10:12:03.941
106, 1.87, 0.00, 7.67, 8.89, 0.000, 0.000, 0.000, 10:12:03.941
107, 20.47, 0.00, 9.78, 26.42, 0.000, 0.000, 0.000, 10:12:03.941
108, 20.25, 0.00, 22.74, 26.80, 0.000, 0.000, 0.000, 10:12:03.941
109, 3.90, 0.00, 8.48, 12.53, 0.000, 0.000, 0.000, 10:12:03.955
110, 3.76, 0.00, -0.66, 8.10, 0.000, 0.000, 0.000, 10:12:03.955
111, 22.53, 0.00, 23.22, 27.39, 0.000, 0.000, 0.000, 10:12:03.971
112, 19.20, 0.00, 28.63, 25.89, 0.000, 0.000, 0.000, 10:12:03.972
113, 6.70, 0.00, 14.71, 6.09, 0.000, 0.000, 0.000, 10:12:03.972
114, 6.64, 0.00, 3.50, 8.77, 0.000, 0.000, 0.000, 10:12:03.973
115, 22.74, 0.00, 21.68, 30.21, 0.000, 0.000, 0.000, 10:12:03.991
116, 17.50, 0.00, 22.11, 28.71, 0.000, 0.000, 0.000, 10:12:03.991
117, 2.56, 0.00, 10.99, 10.73, 0.000, 0.000, 0.000, 10:12:04.001
118, 10.00, 0.00, 13.03, 10.60, 0.000, 0.000, 0.000, 10:12:04.002
119, 21.92, 0.00, 29.11, 28.32, 0.000, 0.000, 0.000, 10:12:04.003
120, 21.16, 0.00, 22.41, 29.25, 0.000, 0.000, 0.000, 10:12:04.004
121, 1.80, 0.00, 7.44, 7.23, 0.000, 0.000, 0.000, 10:12:04.016
122, 6.05, 0.00, 5.94, 9.29, 0.000, 0.000, 0.000, 10:12:04.017
123, 20.92, 0.00, 22.59, 27.56, 0.000, 0.000, 0.000, 10:12:04.031
124, 17.04, 0.00, 20.14, 22.89, 0.000, 0.000, 0.000, 10:12:04.031
125, 5.31, 0.00, 9.93, 11.85, 0.000, 0.000, 0.000, 10:12:04.031
126, 2.75, 0.00, 12.50, 6.21, 0.000, 0.000, 0.000, 10:12:04.031
127, 19.38, 0.00, 23.08, 21.04, 0.000, 0.000, 0.000, 10:12:04.045
128, 17.50, 0.00, 23.62, 23.71, 0.000, 0.000, 0.000, 10:12:04.045
129, 4.27, 0.00, 6.48, 8.26, 0.000, 0.000, 0.000, 10:12:04.060
130, 5.91, 0.00, 8.84, 13.85, 0.000, 0.000, 0.000, 10:12:04.060
131, 20.47, 0.00, 28.85, 25.09, 0.000, 0.000, 0.000, 10:12:04.061
132, 20.91, 0.00, 29.42, 28.66, 0.000, 0.000, 0.000, 10:12:04.061
133, 3.70, 0.00, 7.45, 9.10, 0.000, 0.000, 0.000, 10:12:04.075
134, 2.32, 0.00, 4.72, 7.39, 0.000, 0.000, 0.000, 10:12:04.075
135, 20.98, 0.00, 24.51, 26.86, 0.000, 0.000, 0.000, 10:12:04.090
136, 21.19, 0.00, 24.93, 25.50, 0.000, 0.000, 0.000, 10:12:04.090
137, 5.69, 0.00, 6.44, 7.93, 0.000, 0.000, 0.000, 10:12:04.093
138, 4.76, 0.00, 6.39, 11.46, 0.000, 0.000, 0.000, 10:12:04.094
139, 19.20, 0.00, 26.17, 26.72, 0.000, 0.000, 0.000, 10:12:04.107
140, 19.74, 0.00, 26.71, 27.88, 0.000, 0.000, 0.000, 10:12:04.107
141, 6.41, 0.00, 7.00, 10.52, 0.000, 0.000, 0.000, 10:12:04.124
142, 4.66, 0.00, 8.66, 4.82, 0.000, 0.000, 0.000, 10:12:04.124
143, 18.41, 0.00, 23.19, 28.28, 0.000, 0.000, 0.000, 10:12:04.124
144, 23.46, 0.00, 11.18, 28.41, 0.000, 0.000, 0.000, 10:12:04.124
145, 1.69, 0.00, -0.22, 8.59, 0.000, 0.000, 0.000, 10:12:04.135
146, 3.61, 0.00, 11.30, 8.58, 0.000, 0.000, 0.000, 10:12:04.136
147, 19.38, 0.00, 21.40, 23.96, 0.000, 0.000, 0.000, 10:12:04.151
148, 17.96, 0.00, 21.70, 24.39, 0.000, 0.000, 0.000, 10:12:04.151
149, 6.65, 0.00, 3.38, 9.66, 0.000, 0.000, 0.000, 10:12:04.152
150, 4.43, 0.00, 11.46, 5.67, 0.000, 0.000, 0.000, 10:12:04.152
151, 18.69, 0.00, 28.55, 28.97, 0.000, 0.000, 0.000, 10:12:04.165
152, 21.29, 0.00, 18.67, 24.03, 0.000, 0.000, 0.000, 10:12:04.165
153, 4.02, 0.00, 6.77, 10.46, 0.000, 0.000, 0.000, 10:12:04.181
154, 2.07, 0.00, 3.37, 6.08, 0.000, 0.000, 0.000, 10:12:04.181
155, 18.18, 0.00, 27.84, 26.02, 0.000, 0.000, 0.000, 10:12:04.181
156, 21.50, 0.00, 23.02, 26.93, 0.000, 0.000, 0.000, 10:12:04.181
157, 4.40, 0.00, 0.89, 11.10, 0.000, 0.000, 0.000, 10:12:04.195
158, 6.22, 0.00, 13.99, 10.18, 0.000, 0.000, 0.000, 10:12:04.196
159, 21.58, 0.00, 25.69, 23.38, 0.000, 0.000, 0.000, 10:12:04.210
160, 20.25, 0.00, 18.30, 26.05, 0.000, 0.000, 0.000, 10:12:04.210
161, 6.60, 0.00, 7.87, 11.09, 0.000, 0.000, 0.000, 10:12:04.211
162, 8.35, 0.00, 2.27, 11.08, 0.000, 0.000, 0.000, 10:12:04.211
163, 20.77, 0.00, 25.12, 26.58, 0.000, 0.000, 0.000, 10:12:04.225
164, 15.39, 0.00, 28.50, 20.72, 0.000, 0.000, 0.000, 10:12:04.226
165, 5.09, 0.00, 9.59, 9.47, 0.000, 0.000, 0.000, 10:12:04.240
166, 7.97, 0.00, 7.26, 10.34, 0.000, 0.000, 0.000, 10:12:04.240
167, 19.79, 0.00, 32.88, 26.22, 0.000, 0.000, 0.000, 10:12:04.241
168, 18.26, 0.00, 23.63, 20.69, 0.000, 0.000, 0.000, 10:12:04.241
169, 3.01, 0.00, 12.12, 10.68, 0.000, 0.000, 0.000, 10:12:04.256
170, 3.95, 0.00, 4.15, 9.38, 0.000, 0.000, 0.000, 10:12:04.256
171, 20.60, 0.00, 16.61, 28.77, 0.000, 0.000, 0.000, 10:12:04.272
172, 12.77, 0.00, 25.77, 22.12, 0.000, 0.000, 0.000, 10:12:04.272
173, 6.12, 0.00, 8.80, 10.28, 0.000, 0.000, 0.000, 10:12:04.273
174, 8.34, 0.00, 8.22, 11.55, 0.000, 0.000, 0.000, 10:12:04.273
175, 20.13, 0.00, 26.34, 25.01, 0.000, 0.000, 0.000, 10:12:04.286
176, 15.94, 0.00, 25.63, 25.54, 0.000, 0.000, 0.000, 10:12:04.287
177, 3.60, 0.00, 9.23, 10.95, 0.000, 0.000, 0.000, 10:12:04.301
178, 6.78, 0.00, 7.79, 16.38, 0.000, 0.000, 0.000, 10:12:04.301
179, 23.60, 0.00, 26.77, 25.46, 0.000, 0.000, 0.000, 10:12:04.303
180, 20.09, 0.00, 27.63, 30.16, 0.000, 0.000, 0.000, 10:12:04.304
181, 5.77, 0.00, 5.02, 6.20, 0.000, 0.000, 0.000, 10:12:04.315
182, 6.05, 0.00, 10.76, 12.92, 0.000, 0.000, 0.000, 10:12:04.315
183, 18.85, 0.00, 26.15, 30.90, 0.000, 0.000, 0.000, 10:12:04.330
184, 17.05, 0.00, 17.79, 20.44, 0.000, 0.000, 0.000, 10:12:04.330
185, 4.87, 0.00, 3.89, 9.23, 0.000, 0.000, 0.000, 10:12:04.331
186, 4.31, 0.00, 5.59, 10.47, 0.000, 0.000, 0.000, 10:12:04.331
187, 19.84, 0.00, 22.37, 25.51, 0.000, 0.000, 0.000, 10:12:04.344
188, 20.10, 0.00, 18.90, 23.89, 0.000, 0.000, 0.000, 10:12:04.344
189, 5.33, 0.00, 3.82, 10.20, 0.000, 0.000, 0.000, 10:12:04.360
190, 3.97, 0.00, 7.41, 6.88, 0.000, 0.000, 0.000, 10:12:04.360
191, 21.75, 0.00, 27.01, 26.40, 0.000, 0.000, 0.000, 10:12:04.360
192, 20.02, 0.00, 18.78, 26.35, 0.000, 0.000, 0.000, 10:12:04.360
193, 6.20, 0.00, 4.07, 12.44, 0.000, 0.000, 0.000, 10:12:04.376
194, 4.77, 0.00, 8.04, 10.68, 0.000, 0.000, 0.000, 10:12:04.376
195, 22.35, 0.00, 26.01, 23.02, 0.000, 0.000, 0.000, 10:12:04.390
196, 18.33, 0.00, 30.87, 25.13, 0.000, 0.000, 0.000, 10:12:04.390
197, 2.59, 0.00, 6.86, 9.92, 0.000, 0.000, 0.000, 10:12:04.390
198, 4.46, 0.00, 4.24, 11.08, 0.000, 0.000, 0.000, 10:12:04.390
199, 22.79, 0.00, 24.54, 28.23, 0.000, 0.000, 0.000, 10:12:04.405
200, 18.78, 0.00, 11.02, 25.41, 0.000, 0.000, 0.000, 10:12:04.405
0, 6.44, 0.00, 3.98, 11.95, 0.000, 0.000, 0.000, 10:12:04.405
1, 6.34, 0.00, 5.16, 11.49, 0.000, 0.000, 0.000, 10:12:04.421
2, 20.23, 0.00, 29.36, 24.10, 0.000, 0.000, 0.000, 10:12:04.422
3, 18.91, 0.00, 25.62, 25.71, 0.000, 0.000, 0.000, 10:12:04.438
4, 3.45, 0.00, 8.29, 7.72, 0.000, 0.000, 0.000, 10:12:04.440
5, 2.71, 0.00, 11.23, 10.49, 0.000, 0.000, 0.000, 10:12:04.441
6, 17.77, 0.00, 16.00, 26.29, 0.000, 0.000, 0.000, 10:12:04.441
7, 19.27, 0.00, 25.46, 25.50, 0.000, 0.000, 0.000, 10:12:04.451
8, 4.38, 0.00, 10.34, 8.21, 0.000, 0.000, 0.000, 10:12:04.451
9, 3.15, 0.00, 10.25, 14.92, 0.000, 0.000, 0.000, 10:12:04.465
10, 18.85, 0.00, 26.53, 25.89, 0.000, 0.000, 0.000, 10:12:04.466
11, 23.08, 0.00, 23.25, 24.94, 0.000, 0.000, 0.000, 10:12:04.466
12, 8.66, 0.00, 9.13, 10.28, 0.000, 0.000, 0.000, 10:12:04.466
13, 8.09, 0.00, 2.63, 9.32, 0.000, 0.000, 0.000, 10:12:04.481
14, 20.52, 0.00, 26.30, 26.52, 0.000, 0.000, 0.000, 10:12:04.481
15, 20.25, 0.00, 23.90, 23.58, 0.000, 0.000, 0.000, 10:12:04.495
16, 5.41, 0.00, 3.60, 8.41, 0.000, 0.000, 0.000, 10:12:04.496
17, 6.89, 0.00, -0.66, 9.38, 0.000, 0.000, 0.000, 10:12:04.496
18, 20.92, 0.00, 27.18, 25.90, 0.000, 0.000, 0.000, 10:12:04.496
19, 20.02, 0.00, 26.15, 24.41, 0.000, 0.000, 0.000, 10:12:04.510
20, 3.42, 0.00, 6.27, 8.65, 0.000, 0.000, 0.000, 10:12:04.511
21, 10.28, 0.00, 9.67, 16.13, 0.000, 0.000, 0.000, 10:12:04.525
22, 22.78, 0.00, 20.65, 28.64, 0.000, 0.000, 0.000, 10:12:04.525
23, 19.80, 0.00, 29.80, 24.55, 0.000, 0.000, 0.000, 10:12:04.526
24, 6.13, 0.00, 2.75, 6.83, 0.000, 0.000, 0.000, 10:12:04.526
25, 5.67, 0.00, 4.48, 7.94, 0.000, 0.000, 0.000, 10:12:04.541
26, 19.83, 0.00, 24.73, 27.48, 0.000, 0.000, 0.000, 10:12:04.542
27, 19.00, 0.00, 21.38, 27.73, 0.000, 0.000, 0.000, 10:12:04.557
28, 6.36, 0.00, 4.45, 9.76, 0.000, 0.000, 0.000, 10:12:04.557
29, 6.50, 0.00, 9.89, 7.87, 0.000, 0.000, 0.000, 10:12:04.559
30, 20.33, 0.00, 22.97, 25.61, 0.000, 0.000, 0.000, 10:12:04.559
31, 16.56, 0.00, 22.49, 21.92, 0.000, 0.000, 0.000, 10:12:04.570
32, 5.34, 0.00, 9.14, 10.92, 0.000, 0.000, 0.000, 10:12:04.571
33, 4.40, 0.00, 7.12, 11.27, 0.000, 0.000, 0.000, 10:12:04.586
34, 20.94, 0.00, 28.47, 28.76, 0.000, 0.000, 0.000, 10:12:04.586
35, 15.70, 0.00, 27.97, 24.04, 0.000, 0.000, 0.000, 10:12:04.587
36, 6.01, 0.00, 9.04, 9.40, 0.000, 0.000, 0.000, 10:12:04.587
37, 6.25, 0.00, 10.80, 11.27, 0.000, 0.000, 0.000, 10:12:04.601
38, 20.59, 0.00, 26.50, 23.49, 0.000, 0.000, 0.000, 10:12:04.602
39, 14.12, 0.00, 23.02, 26.96, 0.000, 0.000, 0.000, 10:12:04.630
40, 5.52, 0.00, 6.03, 9.72, 0.000, 0.000, 0.000, 10:12:04.630
41, 3.83, 0.00, 10.70, 9.96, 0.000, 0.000, 0.000, 10:12:04.656
42, 21.91, 0.00, 28.30, 23.00, 0.000, 0.000, 0.000, 10:12:04.657
43, 17.39, 0.00, 16.69, 27.35, 0.000, 0.000, 0.000, 10:12:04.657
44, 4.05, 0.00, -6.22, 9.89, 0.000, 0.000, 0.000, 10:12:04.657
45, 6.02, 0.00, 15.86, 9.74, 0.000, 0.000, 0.000, 10:12:04.657
46, 22.20, 0.00, 32.04, 27.27, 0.000, 0.000, 0.000, 10:12:04.657
47, 16.79, 0.00, 4.90, 24.04, 0.000, 0.000, 0.000, 10:12:04.657
48, 5.28, 0.00, -3.24, 9.39, 0.000, 0.000, 0.000, 10:12:04.658
49, 6.33, 0.00, 9.41, 11.44, 0.000, 0.000, 0.000, 10:12:04.660
50, 24.08, 0.00, 32.10, 30.41, 0.000, 0.000, 0.000, 10:12:04.660
51, 18.79, 0.00, 19.02, 26.25, 0.000, 0.000, 0.000, 10:12:04.675
52, 4.19, 0.00, 1.84, 10.55, 0.000, 0.000, 0.000, 10:12:04.675
53, -0.06, 0.00, 6.57, 4.47, 0.000, 0.000, 0.000, 10:12:04.676
54, 21.53, 0.00, 22.53, 28.02, 0.000, 0.000, 0.000, 10:12:04.676
55, 16.73, 0.00, 19.56, 22.94, 0.000, 0.000, 0.000, 10:12:04.691
56, 4.42, 0.00, 5.31, 12.06, 0.000, 0.000, 0.000, 10:12:04.691
57, 9.40, 0.00, 8.57, 7.98, 0.000, 0.000, 0.000, 10:12:04.707
58, 17.35, 0.00, 19.35, 23.18, 0.000, 0.000, 0.000, 10:12:04.707
59, 15.73, 0.00, 19.66, 22.65, 0.000, 0.000, 0.000, 10:12:04.707
60, 1.72, 0.00, 8.44, 5.16, 0.000, 0.000, 0.000, 10:12:04.707
61, 7.44, 0.00, 8.63, 9.74, 0.000, 0.000, 0.000, 10:12:04.722
62, 19.56, 0.00, 21.40, 21.85, 0.000, 0.000, 0.000, 10:12:04.723
63, 19.16, 0.00, 26.99, 27.10, 0.000, 0.000, 0.000, 10:12:04.735
64, 4.56, 0.00, 2.80, 4.65, 0.000, 0.000, 0.000, 10:12:04.736
65, 2.70, 0.00, 6.67, 11.21, 0.000, 0.000, 0.000, 10:12:04.738
66, 22.84, 0.00, 23.77, 31.46, 0.000, 0.000, 0.000, 10:12:04.739
67, 18.57, 0.00, 24.99, 23.35, 0.000, 0.000, 0.000, 10:12:04.752
68, 3.90, 0.00, 8.08, 10.82, 0.000, 0.000, 0.000, 10:12:04.752
69, 3.65, 0.00, 6.43, 13.57, 0.000, 0.000, 0.000, 10:12:04.764
70, 21.52, 0.00, 17.59, 25.01, 0.000, 0.000, 0.000, 10:12:04.765
71, 16.47, 0.00, 24.69, 22.32, 0.000, 0.000, 0.000, 10:12:04.765
72, 7.45, 0.00, -3.15, 8.37, 0.000, 0.000, 0.000, 10:12:04.766
73, 5.67, 0.00, 17.47, 13.38, 0.000, 0.000, 0.000, 10:12:04.784
74, 19.65, 0.00, 18.63, 28.45, 0.000, 0.000, 0.000, 10:12:04.785
75, 22.85, 0.00, 11.64, 24.01, 0.000, 0.000, 0.000, 10:12:04.796
76, 5.83, 0.00, 9.53, 11.70, 0.000, 0.000, 0.000, 10:12:04.796
77, 6.43, 0.00, 8.89, 10.57, 0.000, 0.000, 0.000, 10:12:04.796
78, 23.28, 0.00, 28.42, 28.52, 0.000, 0.000, 0.000, 10:12:04.796
79, 19.11, 0.00, 27.64, 23.80, 0.000, 0.000, 0.000, 10:12:04.809
80, 2.14, 0.00, 5.11, 9.02, 0.000, 0.000, 0.000, 10:12:04.810
81, 6.33, 0.00, 11.53, 10.57, 0.000, 0.000, 0.000, 10:12:04.825
82, 17.36, 0.00, 30.97, 29.43, 0.000, 0.000, 0.000, 10:12:04.825
83, 16.46, 0.00, 27.94, 26.59, 0.000, 0.000, 0.000, 10:12:04.827
84, 3.01, 0.00, 5.69, 6.08, 0.000, 0.000, 0.000, 10:12:04.828
85, 11.14, 0.00, 11.86, 11.57, 0.000, 0.000, 0.000, 10:12:04.842
86, 23.43, 0.00, 29.91, 27.46, 0.000, 0.000, 0.000, 10:12:04.843
87, 17.36, 0.00, 22.66, 23.99, 0.000, 0.000, 0.000, 10:12:04.856
88, 0.88, 0.00, 5.35, 6.00, 0.000, 0.000, 0.000, 10:12:04.857
89, 6.38, 0.00, 6.80, 11.93, 0.000, 0.000, 0.000, 10:12:04.857
90, 22.75, 0.00, 28.80, 28.52, 0.000, 0.000, 0.000, 10:12:04.857
91, 20.37, 0.00, 22.63, 21.80, 0.000, 0.000, 0.000, 10:12:04.872
92, 4.70, 0.00, 7.75, 10.37, 0.000, 0.000, 0.000, 10:12:04.872
93, 6.73, 0.00, 11.31, 10.47, 0.000, 0.000, 0.000, 10:12:04.885
94, 22.49, 0.00, 24.51, 24.19, 0.000, 0.000, 0.000, 10:12:04.886
95, 19.63, 0.00, 22.33, 22.83, 0.000, 0.000, 0.000, 10:12:04.889
96, 6.14, 0.00, 3.75, 6.67, 0.000, 0.000, 0.000, 10:12:04.889
97, 6.30, 0.00, 6.57, 10.77, 0.000, 0.000, 0.000, 10:12:04.901
98, 19.46, 0.00, 29.61, 24.63, 0.000, 0.000, 0.000, 10:12:04.901
99, 16.13, 0.00, 23.48, 25.42, 0.000, 0.000, 0.000, 10:12:04.915
100, 4.66, 0.00, 6.87, 15.31, 0.000, 0.000, 0.000, 10:12:04.915
101, 11.76, 0.00, 8.68, 14.49, 0.000, 0.000, 0.000, 10:12:04.916
102, 21.24, 0.00, 30.49, 28.41, 0.000, 0.000, 0.000, 10:12:04.916
103, 15.04, 0.00, 24.75, 24.89, 0.000, 0.000, 0.000, 10:12:04.930
104, 1.76, 0.00, 4.54, 7.40, 0.000, 0.000, 0.000, 10:12:04.931
105, 6.44, 0.00, 7.67, 13.46, 0.000, 0.000, 0.000, 10:12:04.945
106, 22.42, 0.00, 15.29, 28.38, 0.000, 0.000, 0.000, 10:12:04.946
107, 20.15, 0.00, 22.20, 20.71, 0.000, 0.000, 0.000, 10:12:04.946
108, 2.97, 0.00, 0.66, 9.26, 0.000, 0.000, 0.000, 10:12:04.946
109, 5.65, 0.00, 4.94, 8.03, 0.000, 0.000, 0.000, 10:12:04.968
110, 20.75, 0.00, 22.72, 29.09, 0.000, 0.000, 0.000, 10:12:04.968
111, 20.15, 0.00, 20.17, 26.38, 0.000, 0.000, 0.000, 10:12:04.975
112, 5.45, 0.00, -1.61, 9.05, 0.000, 0.000, 0.000, 10:12:04.975
113, 6.31, 0.00, 11.18, 10.26, 0.000, 0.000, 0.000, 10:12:04.976
114, 23.75, 0.00, 28.37, 27.05, 0.000, 0.000, 0.000, 10:12:04.976
115, 16.00, 0.00, 21.30, 17.10, 0.000, 0.000, 0.000, 10:12:04.990
116, 6.76, 0.00, 2.27, 12.41, 0.000, 0.000, 0.000, 10:12:04.990
117, 3.24, 0.00, 16.89, 10.54, 0.000, 0.000, 0.000, 10:12:05.009
118, 21.08, 0.00, 23.80, 26.98, 0.000, 0.000, 0.000, 10:12:05.009
119, 18.99, 0.00, 19.35, 26.82, 0.000, 0.000, 0.000, 10:12:05.009
120, 0.62, 0.00, 1.21, 4.92, 0.000, 0.000, 0.000, 10:12:05.009
121, 7.84, 0.00, 15.64, 13.56, 0.000, 0.000, 0.000, 10:12:05.020
122, 20.03, 0.00, 22.66, 27.02, 0.000, 0.000, 0.000, 10:12:05.020
123, 17.89, 0.00, 19.87, 21.58, 0.000, 0.000, 0.000, 10:12:05.036
124, 1.95, 0.00, 3.87, 7.49, 0.000, 0.000, 0.000, 10:12:05.036
125, 5.97, 0.00, 2.65, 14.52, 0.000, 0.000, 0.000, 10:12:05.040
126, 21.86, 0.00, 27.65, 29.67, 0.000, 0.000, 0.000, 10:12:05.040
127, 13.65, 0.00, 20.17, 21.70, 0.000, 0.000, 0.000, 10:12:05.053
128, 1.03, 0.00, 8.68, 5.32, 0.000, 0.000, 0.000, 10:12:05.053
129, 6.31, 0.00, 7.22, 13.06, 0.000, 0.000, 0.000, 10:12:05.065
130, 24.64, 0.00, 27.69, 28.49, 0.000, 0.000, 0.000, 10:12:05.065
131, 19.12, 0.00, 26.33, 25.50, 0.000, 0.000, 0.000, 10:12:05.066
132, 2.42, 0.00, 8.27, 8.10, 0.000, 0.000, 0.000, 10:12:05.066
133, 7.09, 0.00, 10.89, 14.18, 0.000, 0.000, 0.000, 10:12:05.080
134, 18.46, 0.00, 28.27, 26.73, 0.000, 0.000, 0.000, 10:12:05.080
135, 15.84, 0.00, 26.54, 24.26, 0.000, 0.000, 0.000, 10:12:05.095
136, 3.47, 0.00, 6.54, 6.85, 0.000, 0.000, 0.000, 10:12:05.095
137, 9.31, 0.00, 8.42, 11.44, 0.000, 0.000, 0.000, 10:12:05.095
138, 21.41, 0.00, 26.71, 24.71, 0.000, 0.000, 0.000, 10:12:05.096
139, 15.59, 0.00, 19.75, 23.74, 0.000, 0.000, 0.000, 10:12:05.110
140, 2.84, 0.00, 5.23, 4.77, 0.000, 0.000, 0.000, 10:12:05.110
141, 8.25, 0.00, 15.82, 13.73, 0.000, 0.000, 0.000, 10:12:05.125
142, 23.12, 0.00, 27.36, 28.91, 0.000, 0.000, 0.000, 10:12:05.125
143, 17.84, 0.00, 19.88, 26.00, 0.000, 0.000, 0.000, 10:12:05.125
144, 2.93, 0.00, 0.69, 7.48, 0.000, 0.000, 0.000, 10:12:05.126
145, 7.09, 0.00, 4.19, 10.89, 0.000, 0.000, 0.000, 10:12:05.142
146, 20.71, 0.00, 20.86, 28.02, 0.000, 0.000, 0.000, 10:12:05.142
147, 19.24, 0.00, 24.31, 25.43, 0.000, 0.000, 0.000, 10:12:05.158
148, 7.38, 0.00, 6.97, 8.12, 0.000, 0.000, 0.000, 10:12:05.158
149, 10.72, 0.00, 16.84, 13.22, 0.000, 0.000, 0.000, 10:12:05.159
150, 21.27, 0.00, 31.70, 28.74, 0.000, 0.000, 0.000, 10:12:05.159
151, 18.27, 0.00, 18.68, 22.97, 0.000, 0.000, 0.000, 10:12:05.170
152, 7.02, 0.00, 2.43, 7.31, 0.000, 0.000, 0.000, 10:12:05.170
153, 5.63, 0.00, 11.01, 8.01, 0.000, 0.000, 0.000, 10:12:05.188
154, 24.77, 0.00, 24.77, 29.94, 0.000, 0.000, 0.000, 10:12:05.189
155, 17.53, 0.00, 20.56, 21.33, 0.000, 0.000, 0.000, 10:12:05.191
156, 3.88, 0.00, 2.53, 9.12, 0.000, 0.000, 0.000, 10:12:05.191
157, 6.18, 0.00, 14.91, 16.90, 0.000, 0.000, 0.000, 10:12:05.203
158, 21.87, 0.00, 26.46, 25.18, 0.000, 0.000, 0.000, 10:12:05.203
159, 14.22, 0.00, 18.75, 25.30, 0.000, 0.000, 0.000, 10:12:05.215
160, 3.18, 0.00, 7.40, 4.57, 0.000, 0.000, 0.000, 10:12:05.215
161, 6.66, 0.00, 9.47, 10.93, 0.000, 0.000, 0.000, 10:12:05.216
162, 24.81, 0.00, 26.35, 27.42, 0.000, 0.000, 0.000, 10:12:05.216
163, 16.10, 0.00, 17.19, 21.95, 0.000, 0.000, 0.000, 10:12:05.231
164, 4.23, 0.00, -0.39, 8.61, 0.000, 0.000, 0.000, 10:12:05.231
165, 4.99, 0.00, 10.70, 9.52, 0.000, 0.000, 0.000, 10:12:05.245
166, 18.33, 0.00, 24.02, 25.99, 0.000, 0.000, 0.000, 10:12:05.245
167, 12.87, 0.00, 20.83, 20.63, 0.000, 0.000, 0.000, 10:12:05.246
168, 3.34, 0.00, 8.57, 9.63, 0.000, 0.000, 0.000, 10:12:05.247
169, 5.71, 0.00, 12.79, 12.41, 0.000, 0.000, 0.000, 10:12:05.261
170, 21.04, 0.00, 28.40, 30.42, 0.000, 0.000, 0.000, 10:12:05.261
171, 16.59, 0.00, 10.50, 22.34, 0.000, 0.000, 0.000, 10:12:05.276
172, 3.48, 0.00, 9.10, 9.16, 0.000, 0.000, 0.000, 10:12:05.276
173, 6.43, 0.00, 5.84, 14.62, 0.000, 0.000, 0.000, 10:12:05.277
174, 21.75, 0.00, 25.13, 26.12, 0.000, 0.000, 0.000, 10:12:05.277
175, 20.48, 0.00, 18.54, 24.31, 0.000, 0.000, 0.000, 10:12:05.295
176, 2.73, 0.00, -5.69, 10.49, 0.000, 0.000, 0.000, 10:12:05.295
177, 6.56, 0.00, 11.77, 8.68, 0.000, 0.000, 0.000, 10:12:05.311
178, 24.95, 0.00, 28.14, 29.45, 0.000, 0.000, 0.000, 10:12:05.311
179, 16.51, 0.00, 26.27, 23.00, 0.000, 0.000, 0.000, 10:12:05.312
180, 2.36, 0.00, 9.71, 4.63, 0.000, 0.000, 0.000, 10:12:05.312
181, 7.75, 0.00, 4.45, 11.38, 0.000, 0.000, 0.000, 10:12:05.320
182, 23.12, 0.00, 32.39, 29.37, 0.000, 0.000, 0.000, 10:12:05.321
183, 16.55, 0.00, 26.66, 22.45, 0.000, 0.000, 0.000, 10:12:05.335
184, 2.90, 0.00, -1.32, 6.25, 0.000, 0.000, 0.000, 10:12:05.336
185, 9.49, 0.00, 10.90, 11.53, 0.000, 0.000, 0.000, 10:12:05.336
186, 24.94, 0.00, 25.69, 26.84, 0.000, 0.000, 0.000, 10:12:05.336
187, 17.91, 0.00, 17.69, 24.85, 0.000, 0.000, 0.000, 10:12:05.355
188, 5.53, 0.00, 6.34, 8.46, 0.000, 0.000, 0.000, 10:12:05.355
189, 8.80, 0.00, 5.40, 14.74, 0.000, 0.000, 0.000, 10:12:05.365
190, 18.73, 0.00, 20.82, 30.04, 0.000, 0.000, 0.000, 10:12:05.365
191, 13.88, 0.00, 19.60, 25.14, 0.000, 0.000, 0.000, 10:12:05.366
192, 3.86, 0.00, 7.74, 3.84, 0.000, 0.000, 0.000, 10:12:05.366
193, 8.90, 0.00, 14.38, 12.85, 0.000, 0.000, 0.000, 10:12:05.380
194, 21.00, 0.00, 27.40, 30.11, 0.000, 0.000, 0.000, 10:12:05.380
195, 12.45, 0.00, 17.95, 25.20, 0.000, 0.000, 0.000, 10:12:05.395
196, 1.20, 0.00, 9.77, 7.26, 0.000, 0.000, 0.000, 10:12:05.395
197, 9.10, 0.00, 15.62, 13.74, 0.000, 0.000, 0.000, 10:12:05.395
198, 20.61, 0.00, 26.18, 22.23, 0.000, 0.000, 0.000, 10:12:05.396
199, 16.66, 0.00, 18.50, 20.35, 0.000, 0.000, 0.000, 10:12:05.410
200, 0.11, 0.00, 1.76, 5.49, 0.000, 0.000, 0.000, 10:12:05.410
0, 8.48, 0.00, 14.51, 11.96, 0.000, 0.000, 0.000, 10:12:05.419
1, 23.54, 0.00, 24.30, 29.86, 0.000, 0.000, 0.000, 10:12:05.425
2, 20.77, 0.00, 15.38, 21.38, 0.000, 0.000, 0.000, 10:12:05.425
3, 2.03, 0.00, 1.61, 10.34, 0.000, 0.000, 0.000, 10:12:05.444
4, 9.90, 0.00, 9.55, 16.93, 0.000, 0.000, 0.000, 10:12:05.444
5, 24.24, 0.00, 32.93, 30.81, 0.000, 0.000, 0.000, 10:12:05.451
6, 14.06, 0.00, 17.63, 23.16, 0.000, 0.000, 0.000, 10:12:05.452
7, 2.96, 0.00, 4.60, 11.76, 0.000, 0.000, 0.000, 10:12:05.458
8, 8.98, 0.00, 10.31, 12.76, 0.000, 0.000, 0.000, 10:12:05.458
9, 22.79, 0.00, 27.39, 30.41, 0.000, 0.000, 0.000, 10:12:05.473
10, 18.06, 0.00, 19.05, 21.96, 0.000, 0.000, 0.000, 10:12:05.473
11, 3.59, 0.00, -2.89, 8.18, 0.000, 0.000, 0.000, 10:12:05.473
12, 7.47, 0.00, 8.44, 12.57, 0.000, 0.000, 0.000, 10:12:05.473
13, 22.49, 0.00, 32.89, 27.12, 0.000, 0.000, 0.000, 10:12:05.485
14, 15.91, 0.00, 17.17, 24.91, 0.000, 0.000, 0.000, 10:12:05.485
15, 6.62, 0.00, 0.85, 9.51, 0.000, 0.000, 0.000, 10:12:05.501
16, 3.92, 0.00, 8.87, 8.52, 0.000, 0.000, 0.000, 10:12:05.501
17, 23.22, 0.00, 27.23, 23.05, 0.000, 0.000, 0.000, 10:12:05.502
18, 15.33, 0.00, 22.36, 21.58, 0.000, 0.000, 0.000, 10:12:05.502
19, 1.98, 0.00, 10.78, 7.84, 0.000, 0.000, 0.000, 10:12:05.515
20, 7.40, 0.00, 12.41, 14.75, 0.000, 0.000, 0.000, 10:12:05.515
