%No., CH1, CH2, CH3, CH4, Accel X, Accel Y, Accel Z, 2017-05-31_10-41-50
0, 4.59, 0.00, 9.68, 8.39, 0.000, 0.000, 0.000, 10:41:55.963
1, 10.14, 0.00, 12.97, 11.46, 0.000, 0.000, 0.000, 10:41:55.977
2, 22.59, 0.00, 24.65, 22.44, 0.000, 0.000, 0.000, 10:41:55.978
3, 15.98, 0.00, 19.03, 24.74, 0.000, 0.000, 0.000, 10:41:55.992
4, 6.83, 0.00, 10.14, 12.22, 0.000, 0.000, 0.000, 10:41:55.993
5, 12.12, 0.00, 13.17, 17.04, 0.000, 0.000, 0.000, 10:41:55.993
6, 18.18, 0.00, 24.23, 27.15, 0.000, 0.000, 0.000, 10:41:55.994
7, 14.08, 0.00, 19.28, 20.95, 0.000, 0.000, 0.000, 10:41:56.008
8, 10.62, 0.00, 9.63, 13.37, 0.000, 0.000, 0.000, 10:41:56.008
9, 8.16, 0.00, 8.19, 13.35, 0.000, 0.000, 0.000, 10:41:56.023
10, 20.38, 0.00, 24.27, 24.62, 0.000, 0.000, 0.000, 10:41:56.025
11, 16.94, 0.00, 26.62, 24.01, 0.000, 0.000, 0.000, 10:41:56.025
12, 3.55, 0.00, 11.80, 9.88, 0.000, 0.000, 0.000, 10:41:56.025
13, 10.21, 0.00, 15.14, 18.85, 0.000, 0.000, 0.000, 10:41:56.037
14, 22.85, 0.00, 22.05, 25.80, 0.000, 0.000, 0.000, 10:41:56.037
15, 16.95, 0.00, 21.74, 23.51, 0.000, 0.000, 0.000, 10:41:56.052
16, 8.88, 0.00, 10.05, 10.63, 0.000, 0.000, 0.000, 10:41:56.054
17, 6.42, 0.00, 9.84, 15.26, 0.000, 0.000, 0.000, 10:41:56.055
18, 24.56, 0.00, 27.82, 28.33, 0.000, 0.000, 0.000, 10:41:56.059
19, 16.35, 0.00, 21.83, 22.50, 0.000, 0.000, 0.000, 10:41:56.068
20, 2.82, 0.00, 4.52, 7.17, 0.000, 0.000, 0.000, 10:41:56.069
21, 8.58, 0.00, 12.05, 16.50, 0.000, 0.000, 0.000, 10:41:56.080
22, 19.39, 0.00, 21.75, 27.57, 0.000, 0.000, 0.000, 10:41:56.082
23, 14.44, 0.00, 16.37, 23.30, 0.000, 0.000, 0.000, 10:41:56.086
24, 6.78, 0.00, 4.16, 5.28, 0.000, 0.000, 0.000, 10:41:56.086
25, 7.30, 0.00, 13.44, 10.70, 0.000, 0.000, 0.000, 10:41:56.112
26, 15.05, 0.00, 23.20, 19.80, 0.000, 0.000, 0.000, 10:41:56.112
27, 16.61, 0.00, 21.68, 23.94, 0.000, 0.000, 0.000, 10:41:56.113
28, 2.90, 0.00, 8.88, 8.21, 0.000, 0.000, 0.000, 10:41:56.113
29, 6.90, 0.00, 10.03, 13.03, 0.000, 0.000, 0.000, 10:41:56.114
30, 20.09, 0.00, 25.20, 24.64, 0.000, 0.000, 0.000, 10:41:56.114
31, 15.50, 0.00, 19.25, 24.32, 0.000, 0.000, 0.000, 10:41:56.129
32, 5.74, 0.00, 2.67, 11.45, 0.000, 0.000, 0.000, 10:41:56.130
33, 9.71, 0.00, 13.00, 14.33, 0.000, 0.000, 0.000, 10:41:56.143
34, 22.49, 0.00, 25.18, 26.84, 0.000, 0.000, 0.000, 10:41:56.143
35, 13.16, 0.00, 22.41, 22.39, 0.000, 0.000, 0.000, 10:41:56.144
36, 4.88, 0.00, 4.19, 11.17, 0.000, 0.000, 0.000, 10:41:56.144
37, 7.27, 0.00, 12.16, 10.22, 0.000, 0.000, 0.000, 10:41:56.159
38, 23.35, 0.00, 23.52, 26.71, 0.000, 0.000, 0.000, 10:41:56.159
39, 18.05, 0.00, 22.93, 23.61, 0.000, 0.000, 0.000, 10:41:56.171
40, 5.19, 0.00, 4.24, 6.60, 0.000, 0.000, 0.000, 10:41:56.172
41, 7.66, 0.00, 16.67, 14.37, 0.000, 0.000, 0.000, 10:41:56.172
42, 19.33, 0.00, 25.04, 24.35, 0.000, 0.000, 0.000, 10:41:56.175
43, 15.46, 0.00, 20.36, 20.40, 0.000, 0.000, 0.000, 10:41:56.186
44, 1.85, 0.00, 5.10, 4.97, 0.000, 0.000, 0.000, 10:41:56.187
45, 7.38, 0.00, 11.63, 14.02, 0.000, 0.000, 0.000, 10:41:56.203
46, 21.25, 0.00, 22.25, 25.07, 0.000, 0.000, 0.000, 10:41:56.203
47, 16.09, 0.00, 20.35, 22.68, 0.000, 0.000, 0.000, 10:41:56.204
48, 6.36, 0.00, 6.98, 6.38, 0.000, 0.000, 0.000, 10:41:56.204
49, 9.26, 0.00, 12.44, 10.59, 0.000, 0.000, 0.000, 10:41:56.218
50, 20.58, 0.00, 22.13, 26.81, 0.000, 0.000, 0.000, 10:41:56.219
51, 16.70, 0.00, 19.43, 21.19, 0.000, 0.000, 0.000, 10:41:56.231
52, 4.36, 0.00, 8.67, 9.67, 0.000, 0.000, 0.000, 10:41:56.232
53, 9.99, 0.00, 15.04, 17.56, 0.000, 0.000, 0.000, 10:41:56.232
54, 21.42, 0.00, 28.12, 27.47, 0.000, 0.000, 0.000, 10:41:56.233
55, 14.68, 0.00, 17.27, 23.31, 0.000, 0.000, 0.000, 10:41:56.246
56, 3.33, 0.00, 3.08, 11.38, 0.000, 0.000, 0.000, 10:41:56.247
57, 12.12, 0.00, 14.29, 16.66, 0.000, 0.000, 0.000, 10:41:56.261
58, 22.24, 0.00, 27.72, 26.83, 0.000, 0.000, 0.000, 10:41:56.262
59, 12.51, 0.00, 19.04, 18.21, 0.000, 0.000, 0.000, 10:41:56.262
60, 6.48, 0.00, 3.59, 10.87, 0.000, 0.000, 0.000, 10:41:56.263
61, 7.34, 0.00, 9.86, 12.11, 0.000, 0.000, 0.000, 10:41:56.307
62, 25.74, 0.00, 25.41, 24.54, 0.000, 0.000, 0.000, 10:41:56.310
63, 18.90, 0.00, 21.42, 22.69, 0.000, 0.000, 0.000, 10:41:56.311
64, 9.98, 0.00, 8.14, 14.63, 0.000, 0.000, 0.000, 10:41:56.311
65, 10.73, 0.00, 11.40, 14.08, 0.000, 0.000, 0.000, 10:41:56.312
66, 21.09, 0.00, 20.81, 28.25, 0.000, 0.000, 0.000, 10:41:56.312
67, 13.26, 0.00, 15.21, 20.00, 0.000, 0.000, 0.000, 10:41:56.312
68, 6.29, 0.00, 7.34, 8.73, 0.000, 0.000, 0.000, 10:41:56.313
69, 9.05, 0.00, 13.61, 14.53, 0.000, 0.000, 0.000, 10:41:56.313
70, 21.67, 0.00, 25.43, 25.79, 0.000, 0.000, 0.000, 10:41:56.313
71, 17.00, 0.00, 15.80, 21.61, 0.000, 0.000, 0.000, 10:41:56.321
72, 4.67, 0.00, 7.24, 7.37, 0.000, 0.000, 0.000, 10:41:56.322
73, 12.94, 0.00, 10.25, 16.19, 0.000, 0.000, 0.000, 10:41:56.337
74, 21.06, 0.00, 27.52, 26.73, 0.000, 0.000, 0.000, 10:41:56.338
75, 11.83, 0.00, 16.47, 18.53, 0.000, 0.000, 0.000, 10:41:56.352
76, 2.10, 0.00, 5.92, 10.16, 0.000, 0.000, 0.000, 10:41:56.352
77, 10.62, 0.00, 17.78, 15.79, 0.000, 0.000, 0.000, 10:41:56.353
78, 18.04, 0.00, 24.24, 28.78, 0.000, 0.000, 0.000, 10:41:56.353
79, 8.95, 0.00, 12.31, 17.60, 0.000, 0.000, 0.000, 10:41:56.367
80, 4.21, 0.00, 5.22, 12.06, 0.000, 0.000, 0.000, 10:41:56.368
81, 15.00, 0.00, 14.10, 17.35, 0.000, 0.000, 0.000, 10:41:56.382
82, 20.71, 0.00, 27.57, 34.15, 0.000, 0.000, 0.000, 10:41:56.383
83, 11.77, 0.00, 18.09, 23.14, 0.000, 0.000, 0.000, 10:41:56.384
84, 1.41, 0.00, 3.12, 4.40, 0.000, 0.000, 0.000, 10:41:56.385
85, 14.28, 0.00, 11.63, 11.95, 0.000, 0.000, 0.000, 10:41:56.397
86, 22.88, 0.00, 25.66, 26.92, 0.000, 0.000, 0.000, 10:41:56.397
87, 15.77, 0.00, 19.76, 21.38, 0.000, 0.000, 0.000, 10:41:56.414
88, 4.25, 0.00, 4.10, 8.84, 0.000, 0.000, 0.000, 10:41:56.414
89, 13.67, 0.00, 16.58, 15.74, 0.000, 0.000, 0.000, 10:41:56.415
90, 20.78, 0.00, 28.65, 29.97, 0.000, 0.000, 0.000, 10:41:56.415
91, 13.21, 0.00, 19.74, 21.09, 0.000, 0.000, 0.000, 10:41:56.478
92, 8.44, 0.00, 7.84, 10.19, 0.000, 0.000, 0.000, 10:41:56.478
93, 13.82, 0.00, 16.74, 12.56, 0.000, 0.000, 0.000, 10:41:56.478
94, 21.60, 0.00, 28.47, 32.21, 0.000, 0.000, 0.000, 10:41:56.478
95, 10.71, 0.00, 11.72, 22.16, 0.000, 0.000, 0.000, 10:41:56.479
96, 5.19, 0.00, 5.90, 8.84, 0.000, 0.000, 0.000, 10:41:56.479
97, 8.91, 0.00, 13.58, 18.07, 0.000, 0.000, 0.000, 10:41:56.481
98, 22.67, 0.00, 30.62, 24.95, 0.000, 0.000, 0.000, 10:41:56.481
99, 14.13, 0.00, 17.25, 17.86, 0.000, 0.000, 0.000, 10:41:56.481
100, 5.50, 0.00, 4.75, 3.30, 0.000, 0.000, 0.000, 10:41:56.482
101, 12.00, 0.00, 19.88, 12.73, 0.000, 0.000, 0.000, 10:41:56.484
102, 20.00, 0.00, 23.99, 28.93, 0.000, 0.000, 0.000, 10:41:56.484
103, 15.17, 0.00, 17.55, 20.76, 0.000, 0.000, 0.000, 10:41:56.486
104, 4.52, 0.00, 2.25, 8.58, 0.000, 0.000, 0.000, 10:41:56.486
105, 7.78, 0.00, 15.21, 16.78, 0.000, 0.000, 0.000, 10:41:56.501
106, 19.95, 0.00, 26.00, 25.86, 0.000, 0.000, 0.000, 10:41:56.502
107, 11.06, 0.00, 7.13, 18.43, 0.000, 0.000, 0.000, 10:41:56.502
108, -0.82, 0.00, 8.27, 12.33, 0.000, 0.000, 0.000, 10:41:56.502
109, 11.58, 0.00, 12.73, 18.36, 0.000, 0.000, 0.000, 10:41:56.517
110, 23.10, 0.00, 23.75, 25.33, 0.000, 0.000, 0.000, 10:41:56.518
111, 11.69, 0.00, 14.91, 13.75, 0.000, 0.000, 0.000, 10:41:56.531
112, 6.41, 0.00, 7.83, 6.69, 0.000, 0.000, 0.000, 10:41:56.532
113, 14.76, 0.00, 18.40, 21.74, 0.000, 0.000, 0.000, 10:41:56.532
114, 21.70, 0.00, 26.98, 28.40, 0.000, 0.000, 0.000, 10:41:56.532
115, 12.87, 0.00, 15.10, 17.81, 0.000, 0.000, 0.000, 10:41:56.546
116, 6.75, 0.00, 3.47, 5.83, 0.000, 0.000, 0.000, 10:41:56.547
117, 13.76, 0.00, 17.99, 18.82, 0.000, 0.000, 0.000, 10:41:56.577
118, 18.24, 0.00, 28.17, 25.62, 0.000, 0.000, 0.000, 10:41:56.578
119, 16.71, 0.00, 19.52, 20.32, 0.000, 0.000, 0.000, 10:41:56.578
120, 7.23, 0.00, 10.37, 11.51, 0.000, 0.000, 0.000, 10:41:56.578
121, 12.31, 0.00, 15.29, 19.37, 0.000, 0.000, 0.000, 10:41:56.578
122, 24.32, 0.00, 25.15, 26.85, 0.000, 0.000, 0.000, 10:41:56.579
123, 12.29, 0.00, 17.80, 19.76, 0.000, 0.000, 0.000, 10:41:56.579
124, 4.69, 0.00, 6.07, 8.24, 0.000, 0.000, 0.000, 10:41:56.580
125, 11.09, 0.00, 17.80, 17.73, 0.000, 0.000, 0.000, 10:41:56.592
126, 22.34, 0.00, 27.99, 33.77, 0.000, 0.000, 0.000, 10:41:56.593
127, 13.09, 0.00, 15.27, 18.00, 0.000, 0.000, 0.000, 10:41:56.606
128, 2.97, 0.00, 3.54, 5.88, 0.000, 0.000, 0.000, 10:41:56.607
129, 13.07, 0.00, 16.03, 18.83, 0.000, 0.000, 0.000, 10:41:56.621
130, 21.61, 0.00, 24.71, 25.52, 0.000, 0.000, 0.000, 10:41:56.622
131, 12.40, 0.00, 17.93, 17.52, 0.000, 0.000, 0.000, 10:41:56.622
132, 6.53, 0.00, 6.87, 8.41, 0.000, 0.000, 0.000, 10:41:56.622
133, 13.42, 0.00, 18.84, 21.12, 0.000, 0.000, 0.000, 10:41:56.652
134, 26.81, 0.00, 26.95, 27.39, 0.000, 0.000, 0.000, 10:41:56.652
135, 9.67, 0.00, 15.20, 14.27, 0.000, 0.000, 0.000, 10:41:56.652
136, 3.28, 0.00, 2.43, 7.16, 0.000, 0.000, 0.000, 10:41:56.652
137, 14.71, 0.00, 17.70, 21.59, 0.000, 0.000, 0.000, 10:41:56.652
138, 25.26, 0.00, 25.33, 29.03, 0.000, 0.000, 0.000, 10:41:56.653
139, 10.48, 0.00, 13.40, 19.34, 0.000, 0.000, 0.000, 10:41:56.668
140, 5.11, 0.00, 11.06, 9.95, 0.000, 0.000, 0.000, 10:41:56.668
141, 11.17, 0.00, 12.35, 18.91, 0.000, 0.000, 0.000, 10:41:56.681
142, 21.15, 0.00, 26.02, 24.51, 0.000, 0.000, 0.000, 10:41:56.682
143, 14.51, 0.00, 13.62, 19.89, 0.000, 0.000, 0.000, 10:41:56.696
144, 3.90, 0.00, 3.74, 9.52, 0.000, 0.000, 0.000, 10:41:56.696
145, 15.88, 0.00, 22.07, 17.62, 0.000, 0.000, 0.000, 10:41:56.703
146, 21.29, 0.00, 20.24, 27.46, 0.000, 0.000, 0.000, 10:41:56.704
147, 16.64, 0.00, 12.65, 15.70, 0.000, 0.000, 0.000, 10:41:56.711
148, 2.52, 0.00, 4.00, 6.11, 0.000, 0.000, 0.000, 10:41:56.711
149, 11.00, 0.00, 16.62, 18.45, 0.000, 0.000, 0.000, 10:41:56.712
150, 16.90, 0.00, 26.05, 27.97, 0.000, 0.000, 0.000, 10:41:56.712
151, 12.29, 0.00, 13.90, 16.40, 0.000, 0.000, 0.000, 10:41:56.728
152, 0.58, 0.00, 6.46, 6.66, 0.000, 0.000, 0.000, 10:41:56.728
153, 14.40, 0.00, 17.85, 17.50, 0.000, 0.000, 0.000, 10:41:56.745
154, 22.54, 0.00, 29.08, 29.30, 0.000, 0.000, 0.000, 10:41:56.745
155, 9.03, 0.00, 13.65, 12.29, 0.000, 0.000, 0.000, 10:41:56.745
156, 2.54, 0.00, 1.75, 9.34, 0.000, 0.000, 0.000, 10:41:56.745
157, 14.80, 0.00, 20.49, 20.01, 0.000, 0.000, 0.000, 10:41:56.756
158, 21.88, 0.00, 31.90, 28.64, 0.000, 0.000, 0.000, 10:41:56.757
159, 7.49, 0.00, 10.22, 15.91, 0.000, 0.000, 0.000, 10:41:56.771
160, 3.69, 0.00, 6.67, 6.91, 0.000, 0.000, 0.000, 10:41:56.771
161, 16.95, 0.00, 22.59, 20.28, 0.000, 0.000, 0.000, 10:41:56.772
162, 21.94, 0.00, 22.03, 25.44, 0.000, 0.000, 0.000, 10:41:56.772
163, 10.87, 0.00, 17.87, 17.36, 0.000, 0.000, 0.000, 10:41:56.786
164, 2.98, 0.00, 6.95, 10.71, 0.000, 0.000, 0.000, 10:41:56.786
165, 12.06, 0.00, 14.33, 19.99, 0.000, 0.000, 0.000, 10:41:56.801
166, 23.35, 0.00, 23.87, 30.73, 0.000, 0.000, 0.000, 10:41:56.801
167, 10.04, 0.00, 11.47, 15.71, 0.000, 0.000, 0.000, 10:41:56.802
168, 8.76, 0.00, 4.66, 5.71, 0.000, 0.000, 0.000, 10:41:56.802
169, 18.33, 0.00, 14.75, 23.60, 0.000, 0.000, 0.000, 10:41:56.817
170, 21.16, 0.00, 26.50, 28.26, 0.000, 0.000, 0.000, 10:41:56.817
171, 9.70, 0.00, 9.41, 17.81, 0.000, 0.000, 0.000, 10:41:56.846
172, 1.14, 0.00, 6.79, 7.85, 0.000, 0.000, 0.000, 10:41:56.846
173, 15.82, 0.00, 22.36, 19.84, 0.000, 0.000, 0.000, 10:41:56.846
174, 22.25, 0.00, 28.86, 26.95, 0.000, 0.000, 0.000, 10:41:56.847
175, 10.29, 0.00, 10.85, 12.50, 0.000, 0.000, 0.000, 10:41:56.847
176, 4.45, 0.00, 9.12, 5.56, 0.000, 0.000, 0.000, 10:41:56.848
177, 13.24, 0.00, 21.68, 16.77, 0.000, 0.000, 0.000, 10:41:56.848
178, 21.02, 0.00, 27.38, 28.06, 0.000, 0.000, 0.000, 10:41:56.849
179, 13.93, 0.00, 18.40, 16.99, 0.000, 0.000, 0.000, 10:41:56.862
180, 7.83, 0.00, 9.71, 9.76, 0.000, 0.000, 0.000, 10:41:56.862
181, 18.64, 0.00, 21.11, 22.52, 0.000, 0.000, 0.000, 10:41:56.894
182, 21.89, 0.00, 28.56, 28.54, 0.000, 0.000, 0.000, 10:41:56.894
183, 9.38, 0.00, 11.99, 16.46, 0.000, 0.000, 0.000, 10:41:56.894
184, 6.08, 0.00, 6.85, 4.39, 0.000, 0.000, 0.000, 10:41:56.895
185, 16.28, 0.00, 21.59, 18.69, 0.000, 0.000, 0.000, 10:41:56.895
186, 17.58, 0.00, 23.97, 27.29, 0.000, 0.000, 0.000, 10:41:56.896
187, 7.75, 0.00, 9.65, 9.93, 0.000, 0.000, 0.000, 10:41:56.906
188, 5.45, 0.00, 6.30, 11.71, 0.000, 0.000, 0.000, 10:41:56.907
189, 11.65, 0.00, 17.97, 17.27, 0.000, 0.000, 0.000, 10:41:56.938
190, 19.22, 0.00, 22.86, 25.58, 0.000, 0.000, 0.000, 10:41:56.938
191, 12.03, 0.00, 15.09, 17.24, 0.000, 0.000, 0.000, 10:41:56.938
192, 5.91, 0.00, 4.48, 7.25, 0.000, 0.000, 0.000, 10:41:56.939
193, 15.18, 0.00, 18.89, 19.30, 0.000, 0.000, 0.000, 10:41:56.939
194, 17.76, 0.00, 28.93, 30.45, 0.000, 0.000, 0.000, 10:41:56.943
195, 7.07, 0.00, 6.94, 15.54, 0.000, 0.000, 0.000, 10:41:56.946
196, 5.82, 0.00, 4.18, 6.41, 0.000, 0.000, 0.000, 10:41:56.947
197, 18.43, 0.00, 15.41, 22.16, 0.000, 0.000, 0.000, 10:41:56.953
198, 22.49, 0.00, 26.87, 29.66, 0.000, 0.000, 0.000, 10:41:56.953
199, 8.86, 0.00, 11.32, 14.06, 0.000, 0.000, 0.000, 10:41:56.967
200, 6.08, 0.00, 9.08, 6.52, 0.000, 0.000, 0.000, 10:41:56.967
0, 16.34, 0.00, 20.14, 23.71, 0.000, 0.000, 0.000, 10:41:56.968
1, 22.95, 0.00, 28.32, 30.59, 0.000, 0.000, 0.000, 10:41:57.003
2, 9.19, 0.00, 13.98, 13.10, 0.000, 0.000, 0.000, 10:41:57.003
3, 2.37, 0.00, 5.87, 9.36, 0.000, 0.000, 0.000, 10:41:57.003
4, 17.84, 0.00, 18.28, 18.38, 0.000, 0.000, 0.000, 10:41:57.003
5, 20.47, 0.00, 26.32, 25.54, 0.000, 0.000, 0.000, 10:41:57.004
6, 12.74, 0.00, 12.49, 11.96, 0.000, 0.000, 0.000, 10:41:57.004
7, 2.93, 0.00, 4.39, 9.65, 0.000, 0.000, 0.000, 10:41:57.013
8, 15.30, 0.00, 20.91, 27.11, 0.000, 0.000, 0.000, 10:41:57.013
9, 17.48, 0.00, 23.88, 29.94, 0.000, 0.000, 0.000, 10:41:57.026
10, 9.68, 0.00, 10.14, 11.29, 0.000, 0.000, 0.000, 10:41:57.028
11, 7.74, 0.00, 9.57, 11.56, 0.000, 0.000, 0.000, 10:41:57.029
12, 14.60, 0.00, 20.97, 21.17, 0.000, 0.000, 0.000, 10:41:57.030
13, 24.14, 0.00, 21.15, 26.14, 0.000, 0.000, 0.000, 10:41:57.041
14, 10.80, 0.00, 12.70, 12.23, 0.000, 0.000, 0.000, 10:41:57.042
15, 6.90, 0.00, 3.36, 9.01, 0.000, 0.000, 0.000, 10:41:57.056
16, 14.09, 0.00, 19.61, 20.59, 0.000, 0.000, 0.000, 10:41:57.056
17, 19.02, 0.00, 24.17, 27.95, 0.000, 0.000, 0.000, 10:41:57.057
18, 12.18, 0.00, 12.44, 13.66, 0.000, 0.000, 0.000, 10:41:57.057
19, 4.89, 0.00, 9.43, 9.56, 0.000, 0.000, 0.000, 10:41:57.071
20, 14.54, 0.00, 19.43, 22.52, 0.000, 0.000, 0.000, 10:41:57.072
21, 25.29, 0.00, 27.02, 30.66, 0.000, 0.000, 0.000, 10:41:57.086
22, 10.29, 0.00, 11.27, 18.77, 0.000, 0.000, 0.000, 10:41:57.087
23, 1.73, 0.00, 8.65, 8.88, 0.000, 0.000, 0.000, 10:41:57.087
24, 17.34, 0.00, 21.34, 26.21, 0.000, 0.000, 0.000, 10:41:57.087
25, 22.74, 0.00, 23.56, 26.14, 0.000, 0.000, 0.000, 10:41:57.102
26, 9.67, 0.00, 8.58, 12.59, 0.000, 0.000, 0.000, 10:41:57.102
27, 6.79, 0.00, 4.01, 9.58, 0.000, 0.000, 0.000, 10:41:57.118
28, 17.06, 0.00, 21.81, 25.53, 0.000, 0.000, 0.000, 10:41:57.118
29, 20.07, 0.00, 27.45, 24.75, 0.000, 0.000, 0.000, 10:41:57.118
30, 10.91, 0.00, 12.15, 12.11, 0.000, 0.000, 0.000, 10:41:57.119
31, 7.22, 0.00, 7.10, 9.19, 0.000, 0.000, 0.000, 10:41:57.147
32, 13.85, 0.00, 20.49, 18.56, 0.000, 0.000, 0.000, 10:41:57.147
33, 21.63, 0.00, 26.10, 28.54, 0.000, 0.000, 0.000, 10:41:57.148
34, 3.04, 0.00, 10.49, 11.41, 0.000, 0.000, 0.000, 10:41:57.149
35, 0.80, 0.00, 3.60, 9.48, 0.000, 0.000, 0.000, 10:41:57.149
36, 14.08, 0.00, 24.76, 20.87, 0.000, 0.000, 0.000, 10:41:57.149
37, 22.77, 0.00, 26.41, 27.96, 0.000, 0.000, 0.000, 10:41:57.162
38, 8.72, 0.00, 11.24, 11.41, 0.000, 0.000, 0.000, 10:41:57.162
39, 4.57, 0.00, 6.64, 8.08, 0.000, 0.000, 0.000, 10:41:57.177
40, 17.67, 0.00, 16.02, 23.95, 0.000, 0.000, 0.000, 10:41:57.178
41, 18.93, 0.00, 22.56, 26.96, 0.000, 0.000, 0.000, 10:41:57.179
42, 7.14, 0.00, 10.34, 14.74, 0.000, 0.000, 0.000, 10:41:57.179
43, 7.22, 0.00, 13.82, 10.53, 0.000, 0.000, 0.000, 10:41:57.191
44, 18.75, 0.00, 16.74, 23.62, 0.000, 0.000, 0.000, 10:41:57.193
45, 17.74, 0.00, 23.84, 27.51, 0.000, 0.000, 0.000, 10:41:57.206
46, 6.50, 0.00, 11.47, 11.58, 0.000, 0.000, 0.000, 10:41:57.207
47, 3.80, 0.00, 8.91, 9.86, 0.000, 0.000, 0.000, 10:41:57.207
48, 19.19, 0.00, 20.19, 26.35, 0.000, 0.000, 0.000, 10:41:57.207
49, 21.40, 0.00, 27.60, 28.97, 0.000, 0.000, 0.000, 10:41:57.221
50, 9.35, 0.00, 10.61, 14.59, 0.000, 0.000, 0.000, 10:41:57.222
51, 5.57, 0.00, 6.96, 13.70, 0.000, 0.000, 0.000, 10:41:57.251
52, 17.01, 0.00, 20.97, 19.56, 0.000, 0.000, 0.000, 10:41:57.252
53, 20.04, 0.00, 22.51, 28.92, 0.000, 0.000, 0.000, 10:41:57.252
54, 10.99, 0.00, 12.89, 12.89, 0.000, 0.000, 0.000, 10:41:57.252
55, 5.58, 0.00, 3.98, 5.64, 0.000, 0.000, 0.000, 10:41:57.254
56, 20.34, 0.00, 23.53, 24.98, 0.000, 0.000, 0.000, 10:41:57.254
57, 18.17, 0.00, 21.93, 22.99, 0.000, 0.000, 0.000, 10:41:57.255
58, 7.92, 0.00, 12.00, 13.81, 0.000, 0.000, 0.000, 10:41:57.255
59, 7.18, 0.00, 5.44, 12.17, 0.000, 0.000, 0.000, 10:41:57.268
60, 13.71, 0.00, 21.90, 19.51, 0.000, 0.000, 0.000, 10:41:57.269
61, 23.55, 0.00, 27.40, 26.50, 0.000, 0.000, 0.000, 10:41:57.281
62, 6.66, 0.00, 13.84, 12.66, 0.000, 0.000, 0.000, 10:41:57.281
63, 7.62, 0.00, 11.29, 7.80, 0.000, 0.000, 0.000, 10:41:57.297
64, 16.64, 0.00, 23.76, 21.83, 0.000, 0.000, 0.000, 10:41:57.297
65, 23.57, 0.00, 24.49, 26.21, 0.000, 0.000, 0.000, 10:41:57.297
66, 10.27, 0.00, 15.94, 15.84, 0.000, 0.000, 0.000, 10:41:57.298
67, 4.76, 0.00, 11.06, 10.89, 0.000, 0.000, 0.000, 10:41:57.314
68, 11.95, 0.00, 19.80, 17.59, 0.000, 0.000, 0.000, 10:41:57.314
69, 17.95, 0.00, 21.63, 27.69, 0.000, 0.000, 0.000, 10:41:57.326
70, 8.67, 0.00, 10.19, 12.77, 0.000, 0.000, 0.000, 10:41:57.327
71, 3.55, 0.00, 12.60, 8.97, 0.000, 0.000, 0.000, 10:41:57.328
72, 19.60, 0.00, 21.41, 27.25, 0.000, 0.000, 0.000, 10:41:57.328
73, 16.14, 0.00, 24.86, 21.78, 0.000, 0.000, 0.000, 10:41:57.356
74, 3.86, 0.00, 6.74, 14.70, 0.000, 0.000, 0.000, 10:41:57.356
75, 7.05, 0.00, 5.15, 10.55, 0.000, 0.000, 0.000, 10:41:57.357
76, 19.22, 0.00, 20.23, 24.96, 0.000, 0.000, 0.000, 10:41:57.357
77, 23.78, 0.00, 24.62, 25.90, 0.000, 0.000, 0.000, 10:41:57.371
78, 4.50, 0.00, 9.79, 12.69, 0.000, 0.000, 0.000, 10:41:57.371
79, 3.26, 0.00, 6.97, 9.36, 0.000, 0.000, 0.000, 10:41:57.417
80, 19.35, 0.00, 24.68, 23.09, 0.000, 0.000, 0.000, 10:41:57.417
81, 16.75, 0.00, 25.31, 26.21, 0.000, 0.000, 0.000, 10:41:57.418
82, 7.29, 0.00, 9.46, 13.07, 0.000, 0.000, 0.000, 10:41:57.418
83, 6.34, 0.00, 7.11, 8.41, 0.000, 0.000, 0.000, 10:41:57.418
84, 19.36, 0.00, 20.73, 27.14, 0.000, 0.000, 0.000, 10:41:57.418
85, 21.82, 0.00, 23.11, 24.95, 0.000, 0.000, 0.000, 10:41:57.419
86, 6.48, 0.00, 10.24, 8.72, 0.000, 0.000, 0.000, 10:41:57.419
87, 6.47, 0.00, 11.96, 13.15, 0.000, 0.000, 0.000, 10:41:57.419
88, 17.90, 0.00, 23.28, 26.61, 0.000, 0.000, 0.000, 10:41:57.419
89, 18.03, 0.00, 20.29, 25.83, 0.000, 0.000, 0.000, 10:41:57.419
90, 9.18, 0.00, 9.23, 10.36, 0.000, 0.000, 0.000, 10:41:57.420
91, 12.05, 0.00, 7.88, 11.73, 0.000, 0.000, 0.000, 10:41:57.431
92, 20.87, 0.00, 19.61, 22.44, 0.000, 0.000, 0.000, 10:41:57.432
93, 19.79, 0.00, 27.79, 32.05, 0.000, 0.000, 0.000, 10:41:57.449
94, 5.09, 0.00, 10.03, 9.11, 0.000, 0.000, 0.000, 10:41:57.449
95, 6.65, 0.00, 8.42, 12.99, 0.000, 0.000, 0.000, 10:41:57.449
96, 20.65, 0.00, 22.83, 26.58, 0.000, 0.000, 0.000, 10:41:57.449
97, 15.15, 0.00, 22.07, 21.74, 0.000, 0.000, 0.000, 10:41:57.461
98, 6.15, 0.00, 11.31, 8.81, 0.000, 0.000, 0.000, 10:41:57.461
99, 3.31, 0.00, 5.29, 9.58, 0.000, 0.000, 0.000, 10:41:57.476
100, 23.01, 0.00, 23.90, 24.46, 0.000, 0.000, 0.000, 10:41:57.476
101, 19.89, 0.00, 26.79, 28.18, 0.000, 0.000, 0.000, 10:41:57.477
102, 6.71, 0.00, 6.11, 6.75, 0.000, 0.000, 0.000, 10:41:57.477
103, 1.60, 0.00, 5.28, 7.74, 0.000, 0.000, 0.000, 10:41:57.491
104, 19.22, 0.00, 19.61, 23.44, 0.000, 0.000, 0.000, 10:41:57.491
105, 19.81, 0.00, 21.41, 25.44, 0.000, 0.000, 0.000, 10:41:57.506
106, 7.04, 0.00, 9.17, 9.60, 0.000, 0.000, 0.000, 10:41:57.506
107, 7.04, 0.00, 5.56, 8.02, 0.000, 0.000, 0.000, 10:41:57.507
108, 19.88, 0.00, 27.10, 22.86, 0.000, 0.000, 0.000, 10:41:57.507
109, 13.75, 0.00, 22.86, 21.38, 0.000, 0.000, 0.000, 10:41:57.521
110, 7.73, 0.00, 9.33, 14.18, 0.000, 0.000, 0.000, 10:41:57.521
111, 8.06, 0.00, 12.45, 10.19, 0.000, 0.000, 0.000, 10:41:57.536
112, 16.59, 0.00, 19.71, 20.82, 0.000, 0.000, 0.000, 10:41:57.536
113, 21.17, 0.00, 21.97, 21.89, 0.000, 0.000, 0.000, 10:41:57.551
114, 6.48, 0.00, 9.95, 8.49, 0.000, 0.000, 0.000, 10:41:57.551
115, 7.64, 0.00, 7.34, 14.14, 0.000, 0.000, 0.000, 10:41:57.553
116, 19.23, 0.00, 22.21, 22.40, 0.000, 0.000, 0.000, 10:41:57.553
117, 17.11, 0.00, 25.25, 27.12, 0.000, 0.000, 0.000, 10:41:57.568
118, 3.11, 0.00, 6.26, 10.47, 0.000, 0.000, 0.000, 10:41:57.568
119, 8.11, 0.00, 6.06, 12.52, 0.000, 0.000, 0.000, 10:41:57.569
120, 22.44, 0.00, 24.74, 28.09, 0.000, 0.000, 0.000, 10:41:57.570
121, 17.42, 0.00, 20.57, 27.68, 0.000, 0.000, 0.000, 10:41:57.583
122, 7.29, 0.00, 10.67, 10.18, 0.000, 0.000, 0.000, 10:41:57.583
123, 7.83, 0.00, 12.19, 15.58, 0.000, 0.000, 0.000, 10:41:57.597
124, 18.90, 0.00, 25.41, 25.36, 0.000, 0.000, 0.000, 10:41:57.598
125, 18.27, 0.00, 16.42, 21.62, 0.000, 0.000, 0.000, 10:41:57.598
126, 7.22, 0.00, 10.63, 14.22, 0.000, 0.000, 0.000, 10:41:57.598
127, 7.22, 0.00, 9.90, 8.89, 0.000, 0.000, 0.000, 10:41:57.611
128, 22.25, 0.00, 24.74, 24.05, 0.000, 0.000, 0.000, 10:41:57.612
129, 19.19, 0.00, 26.99, 24.15, 0.000, 0.000, 0.000, 10:41:57.626
130, 7.60, 0.00, 8.35, 10.44, 0.000, 0.000, 0.000, 10:41:57.626
131, 13.87, 0.00, 12.46, 15.20, 0.000, 0.000, 0.000, 10:41:57.626
132, 14.25, 0.00, 20.91, 24.16, 0.000, 0.000, 0.000, 10:41:57.627
133, 17.86, 0.00, 16.32, 24.39, 0.000, 0.000, 0.000, 10:41:57.641
134, 5.39, 0.00, 2.30, 6.81, 0.000, 0.000, 0.000, 10:41:57.641
135, 6.96, 0.00, 13.43, 12.79, 0.000, 0.000, 0.000, 10:41:57.656
136, 20.85, 0.00, 23.71, 23.41, 0.000, 0.000, 0.000, 10:41:57.656
137, 15.66, 0.00, 20.64, 21.05, 0.000, 0.000, 0.000, 10:41:57.657
138, 4.09, 0.00, 10.24, 10.03, 0.000, 0.000, 0.000, 10:41:57.657
139, 8.18, 0.00, 10.97, 16.26, 0.000, 0.000, 0.000, 10:41:57.671
140, 19.59, 0.00, 23.22, 25.58, 0.000, 0.000, 0.000, 10:41:57.671
141, 18.69, 0.00, 22.16, 21.63, 0.000, 0.000, 0.000, 10:41:57.702
142, 5.27, 0.00, 3.72, 10.17, 0.000, 0.000, 0.000, 10:41:57.702
143, 5.79, 0.00, 11.17, 16.55, 0.000, 0.000, 0.000, 10:41:57.702
144, 18.33, 0.00, 25.27, 24.65, 0.000, 0.000, 0.000, 10:41:57.702
145, 15.11, 0.00, 23.96, 23.63, 0.000, 0.000, 0.000, 10:41:57.702
146, 3.20, 0.00, 8.84, 8.31, 0.000, 0.000, 0.000, 10:41:57.703
147, 8.83, 0.00, 17.52, 13.58, 0.000, 0.000, 0.000, 10:41:57.703
148, 22.39, 0.00, 26.96, 27.19, 0.000, 0.000, 0.000, 10:41:57.703
149, 16.45, 0.00, 21.09, 21.50, 0.000, 0.000, 0.000, 10:41:57.723
150, 7.36, 0.00, -0.21, 7.49, 0.000, 0.000, 0.000, 10:41:57.723
151, 9.39, 0.00, 16.48, 10.74, 0.000, 0.000, 0.000, 10:41:57.731
152, 18.54, 0.00, 27.37, 23.75, 0.000, 0.000, 0.000, 10:41:57.731
153, 17.69, 0.00, 19.17, 25.92, 0.000, 0.000, 0.000, 10:41:57.748
154, 9.66, 0.00, 11.89, 10.08, 0.000, 0.000, 0.000, 10:41:57.749
155, 9.16, 0.00, 9.66, 13.34, 0.000, 0.000, 0.000, 10:41:57.749
156, 21.56, 0.00, 23.75, 25.23, 0.000, 0.000, 0.000, 10:41:57.749
157, 16.04, 0.00, 22.61, 21.62, 0.000, 0.000, 0.000, 10:41:57.761
158, 4.91, 0.00, 5.44, 7.93, 0.000, 0.000, 0.000, 10:41:57.762
159, 6.30, 0.00, 5.87, 13.57, 0.000, 0.000, 0.000, 10:41:57.776
160, 19.19, 0.00, 20.54, 25.38, 0.000, 0.000, 0.000, 10:41:57.776
161, 17.12, 0.00, 25.20, 23.12, 0.000, 0.000, 0.000, 10:41:57.777
162, 6.09, 0.00, 6.68, 6.41, 0.000, 0.000, 0.000, 10:41:57.777
163, 8.35, 0.00, 9.53, 12.84, 0.000, 0.000, 0.000, 10:41:57.792
164, 22.19, 0.00, 23.47, 29.79, 0.000, 0.000, 0.000, 10:41:57.792
165, 17.88, 0.00, 22.44, 23.18, 0.000, 0.000, 0.000, 10:41:57.808
166, 4.30, 0.00, 5.82, 8.83, 0.000, 0.000, 0.000, 10:41:57.808
167, 8.90, 0.00, 11.94, 15.73, 0.000, 0.000, 0.000, 10:41:57.808
168, 20.10, 0.00, 25.52, 24.02, 0.000, 0.000, 0.000, 10:41:57.808
169, 15.12, 0.00, 17.26, 23.30, 0.000, 0.000, 0.000, 10:41:57.821
170, 9.83, 0.00, 3.40, 9.82, 0.000, 0.000, 0.000, 10:41:57.821
171, 11.96, 0.00, 12.89, 18.08, 0.000, 0.000, 0.000, 10:41:57.836
172, 18.37, 0.00, 23.24, 28.89, 0.000, 0.000, 0.000, 10:41:57.836
173, 16.82, 0.00, 18.63, 23.11, 0.000, 0.000, 0.000, 10:41:57.837
174, 8.34, 0.00, 4.73, 10.88, 0.000, 0.000, 0.000, 10:41:57.837
175, 8.86, 0.00, 9.98, 18.95, 0.000, 0.000, 0.000, 10:41:57.851
176, 22.08, 0.00, 24.30, 27.03, 0.000, 0.000, 0.000, 10:41:57.851
177, 14.75, 0.00, 19.50, 22.29, 0.000, 0.000, 0.000, 10:41:57.868
178, 0.95, 0.00, 10.13, 7.62, 0.000, 0.000, 0.000, 10:41:57.868
179, 7.60, 0.00, 16.48, 13.84, 0.000, 0.000, 0.000, 10:41:57.868
180, 18.51, 0.00, 27.13, 24.52, 0.000, 0.000, 0.000, 10:41:57.869
181, 17.33, 0.00, 18.34, 18.06, 0.000, 0.000, 0.000, 10:41:57.896
182, 5.72, 0.00, 4.99, 12.27, 0.000, 0.000, 0.000, 10:41:57.896
183, 10.23, 0.00, 14.69, 16.23, 0.000, 0.000, 0.000, 10:41:57.897
184, 22.39, 0.00, 27.44, 30.73, 0.000, 0.000, 0.000, 10:41:57.897
185, 17.26, 0.00, 17.98, 25.11, 0.000, 0.000, 0.000, 10:41:57.901
186, 3.86, 0.00, 10.46, 9.17, 0.000, 0.000, 0.000, 10:41:57.901
187, 8.39, 0.00, 11.68, 10.56, 0.000, 0.000, 0.000, 10:41:57.912
188, 17.70, 0.00, 28.67, 27.30, 0.000, 0.000, 0.000, 10:41:57.913
189, 16.89, 0.00, 17.16, 24.43, 0.000, 0.000, 0.000, 10:41:57.929
190, 4.50, 0.00, 5.43, 9.30, 0.000, 0.000, 0.000, 10:41:57.929
191, 9.91, 0.00, 8.76, 16.58, 0.000, 0.000, 0.000, 10:41:57.929
192, 18.05, 0.00, 27.73, 27.17, 0.000, 0.000, 0.000, 10:41:57.930
193, 13.60, 0.00, 19.25, 21.12, 0.000, 0.000, 0.000, 10:41:57.940
194, 3.55, 0.00, 5.34, 8.73, 0.000, 0.000, 0.000, 10:41:57.941
195, 10.38, 0.00, 18.69, 12.53, 0.000, 0.000, 0.000, 10:41:57.955
196, 21.06, 0.00, 25.52, 27.19, 0.000, 0.000, 0.000, 10:41:57.955
197, 17.07, 0.00, 19.37, 20.33, 0.000, 0.000, 0.000, 10:41:57.956
198, 3.89, 0.00, 8.57, 7.68, 0.000, 0.000, 0.000, 10:41:57.956
199, 9.96, 0.00, 11.56, 12.23, 0.000, 0.000, 0.000, 10:41:57.970
200, 22.02, 0.00, 16.86, 27.44, 0.000, 0.000, 0.000, 10:41:57.971
0, 18.60, 0.00, 17.35, 17.57, 0.000, 0.000, 0.000, 10:41:57.971
1, 4.41, 0.00, 5.66, 6.77, 0.000, 0.000, 0.000, 10:41:57.995
2, 12.14, 0.00, 11.64, 14.31, 0.000, 0.000, 0.000, 10:41:57.995
3, 17.18, 0.00, 25.03, 25.75, 0.000, 0.000, 0.000, 10:41:58.001
4, 15.68, 0.00, 18.48, 18.46, 0.000, 0.000, 0.000, 10:41:58.002
5, 5.72, 0.00, 9.01, 8.52, 0.000, 0.000, 0.000, 10:41:58.002
6, 11.91, 0.00, 12.34, 14.97, 0.000, 0.000, 0.000, 10:41:58.002
7, 24.92, 0.00, 26.87, 23.88, 0.000, 0.000, 0.000, 10:41:58.017
8, 13.47, 0.00, 13.43, 20.35, 0.000, 0.000, 0.000, 10:41:58.017
9, 3.70, 0.00, 7.17, 9.16, 0.000, 0.000, 0.000, 10:41:58.031
10, 9.74, 0.00, 13.30, 13.85, 0.000, 0.000, 0.000, 10:41:58.031
11, 23.27, 0.00, 29.91, 29.34, 0.000, 0.000, 0.000, 10:41:58.031
12, 16.85, 0.00, 17.10, 21.34, 0.000, 0.000, 0.000, 10:41:58.032
13, 4.84, 0.00, 8.56, 7.88, 0.000, 0.000, 0.000, 10:41:58.062
14, 10.80, 0.00, 14.53, 15.92, 0.000, 0.000, 0.000, 10:41:58.063
15, 23.58, 0.00, 27.48, 28.10, 0.000, 0.000, 0.000, 10:41:58.063
16, 12.82, 0.00, 18.08, 19.04, 0.000, 0.000, 0.000, 10:41:58.064
17, 7.61, 0.00, 8.52, 11.50, 0.000, 0.000, 0.000, 10:41:58.069
18, 7.53, 0.00, 11.79, 18.07, 0.000, 0.000, 0.000, 10:41:58.069
19, 19.55, 0.00, 28.33, 26.04, 0.000, 0.000, 0.000, 10:41:58.078
20, 12.73, 0.00, 18.76, 20.83, 0.000, 0.000, 0.000, 10:41:58.079
21, 2.57, 0.00, 5.97, 10.77, 0.000, 0.000, 0.000, 10:41:58.091
22, 9.48, 0.00, 15.54, 12.92, 0.000, 0.000, 0.000, 10:41:58.091
23, 20.36, 0.00, 23.64, 23.78, 0.000, 0.000, 0.000, 10:41:58.106
24, 16.53, 0.00, 15.39, 20.45, 0.000, 0.000, 0.000, 10:41:58.106
25, 0.48, 0.00, 6.49, 9.65, 0.000, 0.000, 0.000, 10:41:58.106
26, 7.47, 0.00, 13.21, 13.80, 0.000, 0.000, 0.000, 10:41:58.107
27, 20.79, 0.00, 26.79, 27.08, 0.000, 0.000, 0.000, 10:41:58.121
28, 17.34, 0.00, 16.34, 21.82, 0.000, 0.000, 0.000, 10:41:58.121
29, 4.50, 0.00, 4.48, 8.51, 0.000, 0.000, 0.000, 10:41:58.121
30, 13.10, 0.00, 14.76, 17.06, 0.000, 0.000, 0.000, 10:41:58.122
31, 20.80, 0.00, 28.05, 28.58, 0.000, 0.000, 0.000, 10:41:58.136
32, 13.46, 0.00, 16.15, 16.48, 0.000, 0.000, 0.000, 10:41:58.136
33, 7.66, 0.00, 8.69, 9.48, 0.000, 0.000, 0.000, 10:41:58.151
34, 12.18, 0.00, 18.74, 16.32, 0.000, 0.000, 0.000, 10:41:58.151
35, 27.19, 0.00, 31.47, 27.57, 0.000, 0.000, 0.000, 10:41:58.151
36, 13.65, 0.00, 15.67, 16.80, 0.000, 0.000, 0.000, 10:41:58.151
37, 2.63, 0.00, 9.22, 10.60, 0.000, 0.000, 0.000, 10:41:58.166
38, 10.77, 0.00, 13.35, 20.46, 0.000, 0.000, 0.000, 10:41:58.167
39, 20.49, 0.00, 25.09, 27.84, 0.000, 0.000, 0.000, 10:41:58.182
40, 18.38, 0.00, 14.86, 18.81, 0.000, 0.000, 0.000, 10:41:58.182
41, 7.06, 0.00, 5.48, 9.51, 0.000, 0.000, 0.000, 10:41:58.182
42, 13.44, 0.00, 8.94, 13.57, 0.000, 0.000, 0.000, 10:41:58.183
43, 21.64, 0.00, 27.02, 29.84, 0.000, 0.000, 0.000, 10:41:58.213
44, 15.37, 0.00, 17.32, 20.00, 0.000, 0.000, 0.000, 10:41:58.213
45, 4.01, 0.00, 5.42, 7.26, 0.000, 0.000, 0.000, 10:41:58.214
46, 12.67, 0.00, 12.29, 17.63, 0.000, 0.000, 0.000, 10:41:58.214
47, 19.35, 0.00, 27.25, 23.93, 0.000, 0.000, 0.000, 10:41:58.215
48, 12.56, 0.00, 15.87, 15.98, 0.000, 0.000, 0.000, 10:41:58.215
49, 5.06, 0.00, 3.91, 10.23, 0.000, 0.000, 0.000, 10:41:58.226
50, 16.21, 0.00, 16.22, 16.71, 0.000, 0.000, 0.000, 10:41:58.226
51, 21.33, 0.00, 26.53, 27.88, 0.000, 0.000, 0.000, 10:41:58.256
52, 9.16, 0.00, 17.08, 11.32, 0.000, 0.000, 0.000, 10:41:58.256
53, 1.53, 0.00, 5.01, 8.96, 0.000, 0.000, 0.000, 10:41:58.256
54, 11.25, 0.00, 13.79, 19.82, 0.000, 0.000, 0.000, 10:41:58.257
55, 21.48, 0.00, 29.90, 31.35, 0.000, 0.000, 0.000, 10:41:58.257
56, 12.44, 0.00, 18.51, 18.39, 0.000, 0.000, 0.000, 10:41:58.257
57, 2.75, 0.00, 3.59, 5.64, 0.000, 0.000, 0.000, 10:41:58.258
58, 11.94, 0.00, 13.05, 21.73, 0.000, 0.000, 0.000, 10:41:58.258
59, 21.86, 0.00, 26.95, 32.81, 0.000, 0.000, 0.000, 10:41:58.271
60, 14.22, 0.00, 17.57, 19.52, 0.000, 0.000, 0.000, 10:41:58.271
61, 10.02, 0.00, 5.64, 10.36, 0.000, 0.000, 0.000, 10:41:58.288
62, 18.39, 0.00, 16.19, 21.41, 0.000, 0.000, 0.000, 10:41:58.289
63, 20.98, 0.00, 22.75, 23.14, 0.000, 0.000, 0.000, 10:41:58.301
64, 16.26, 0.00, 15.83, 19.41, 0.000, 0.000, 0.000, 10:41:58.301
65, 4.27, 0.00, 3.26, 7.17, 0.000, 0.000, 0.000, 10:41:58.301
66, 10.20, 0.00, 18.39, 20.55, 0.000, 0.000, 0.000, 10:41:58.301
67, 21.33, 0.00, 24.43, 27.14, 0.000, 0.000, 0.000, 10:41:58.322
68, 13.72, 0.00, 11.63, 17.84, 0.000, 0.000, 0.000, 10:41:58.322
69, 3.66, 0.00, 8.71, 5.18, 0.000, 0.000, 0.000, 10:41:58.334
70, 7.35, 0.00, 15.46, 15.12, 0.000, 0.000, 0.000, 10:41:58.335
71, 18.62, 0.00, 26.49, 24.49, 0.000, 0.000, 0.000, 10:41:58.335
72, 11.85, 0.00, 10.27, 15.57, 0.000, 0.000, 0.000, 10:41:58.335
73, 7.12, 0.00, 6.35, 10.46, 0.000, 0.000, 0.000, 10:41:58.364
74, 10.72, 0.00, 18.14, 19.73, 0.000, 0.000, 0.000, 10:41:58.364
75, 20.63, 0.00, 31.16, 29.38, 0.000, 0.000, 0.000, 10:41:58.365
76, 14.32, 0.00, 16.90, 21.36, 0.000, 0.000, 0.000, 10:41:58.366
77, 5.47, 0.00, 7.80, 6.16, 0.000, 0.000, 0.000, 10:41:58.369
78, 11.25, 0.00, 17.60, 16.14, 0.000, 0.000, 0.000, 10:41:58.369
79, 23.97, 0.00, 25.76, 29.59, 0.000, 0.000, 0.000, 10:41:58.377
80, 10.60, 0.00, 16.03, 18.79, 0.000, 0.000, 0.000, 10:41:58.377
81, 2.06, 0.00, 5.81, 4.05, 0.000, 0.000, 0.000, 10:41:58.406
82, 13.91, 0.00, 17.25, 18.45, 0.000, 0.000, 0.000, 10:41:58.406
83, 18.86, 0.00, 25.15, 30.69, 0.000, 0.000, 0.000, 10:41:58.407
84, 12.27, 0.00, 13.92, 11.99, 0.000, 0.000, 0.000, 10:41:58.407
85, 5.92, 0.00, 5.64, 2.31, 0.000, 0.000, 0.000, 10:41:58.407
86, 11.63, 0.00, 14.20, 19.19, 0.000, 0.000, 0.000, 10:41:58.408
87, 22.48, 0.00, 26.59, 29.78, 0.000, 0.000, 0.000, 10:41:58.408
88, 8.42, 0.00, 11.17, 17.29, 0.000, 0.000, 0.000, 10:41:58.408
89, 1.05, 0.00, 2.68, 14.56, 0.000, 0.000, 0.000, 10:41:58.421
90, 13.24, 0.00, 18.46, 18.42, 0.000, 0.000, 0.000, 10:41:58.421
91, 22.89, 0.00, 28.50, 28.06, 0.000, 0.000, 0.000, 10:41:58.436
92, 13.90, 0.00, 14.19, 18.93, 0.000, 0.000, 0.000, 10:41:58.436
93, 4.07, 0.00, 5.74, 6.54, 0.000, 0.000, 0.000, 10:41:58.451
94, 19.65, 0.00, 16.75, 17.62, 0.000, 0.000, 0.000, 10:41:58.452
95, 21.18, 0.00, 24.96, 24.49, 0.000, 0.000, 0.000, 10:41:58.452
96, 9.20, 0.00, 16.43, 17.57, 0.000, 0.000, 0.000, 10:41:58.452
97, 8.54, 0.00, 7.73, 11.84, 0.000, 0.000, 0.000, 10:41:58.469
98, 13.10, 0.00, 20.85, 21.13, 0.000, 0.000, 0.000, 10:41:58.469
99, 20.72, 0.00, 25.44, 28.16, 0.000, 0.000, 0.000, 10:41:58.483
100, 9.98, 0.00, 10.64, 13.27, 0.000, 0.000, 0.000, 10:41:58.483
101, 5.43, 0.00, 5.24, 9.93, 0.000, 0.000, 0.000, 10:41:58.484
102, 17.18, 0.00, 15.72, 23.54, 0.000, 0.000, 0.000, 10:41:58.484
103, 23.26, 0.00, 26.22, 28.30, 0.000, 0.000, 0.000, 10:41:58.499
104, 15.13, 0.00, 18.39, 19.44, 0.000, 0.000, 0.000, 10:41:58.499
105, 3.30, 0.00, 7.23, 8.55, 0.000, 0.000, 0.000, 10:41:58.511
106, 15.66, 0.00, 18.54, 20.50, 0.000, 0.000, 0.000, 10:41:58.511
107, 20.54, 0.00, 27.26, 24.95, 0.000, 0.000, 0.000, 10:41:58.512
108, 8.80, 0.00, 11.32, 16.69, 0.000, 0.000, 0.000, 10:41:58.512
109, 5.26, 0.00, 3.13, 7.01, 0.000, 0.000, 0.000, 10:41:58.526
110, 15.52, 0.00, 21.70, 23.38, 0.000, 0.000, 0.000, 10:41:58.526
111, 22.10, 0.00, 25.34, 27.22, 0.000, 0.000, 0.000, 10:41:58.556
112, 10.80, 0.00, 9.26, 13.32, 0.000, 0.000, 0.000, 10:41:58.556
113, 2.93, 0.00, 8.40, 7.84, 0.000, 0.000, 0.000, 10:41:58.556
114, 13.19, 0.00, 17.60, 20.36, 0.000, 0.000, 0.000, 10:41:58.557
115, 19.23, 0.00, 27.41, 32.02, 0.000, 0.000, 0.000, 10:41:58.557
116, 9.99, 0.00, 12.94, 14.53, 0.000, 0.000, 0.000, 10:41:58.558
117, 1.54, 0.00, 2.34, 6.58, 0.000, 0.000, 0.000, 10:41:58.558
118, 11.68, 0.00, 17.44, 19.54, 0.000, 0.000, 0.000, 10:41:58.558
119, 18.15, 0.00, 22.03, 27.55, 0.000, 0.000, 0.000, 10:41:58.572
120, 14.55, 0.00, 14.38, 13.97, 0.000, 0.000, 0.000, 10:41:58.572
121, 1.26, 0.00, 2.42, 3.11, 0.000, 0.000, 0.000, 10:41:58.587
122, 14.66, 0.00, 19.12, 22.74, 0.000, 0.000, 0.000, 10:41:58.587
123, 22.61, 0.00, 22.79, 29.17, 0.000, 0.000, 0.000, 10:41:58.604
124, 6.12, 0.00, 7.80, 14.51, 0.000, 0.000, 0.000, 10:41:58.604
125, 5.20, 0.00, 7.67, 7.84, 0.000, 0.000, 0.000, 10:41:58.619
126, 16.58, 0.00, 22.28, 18.26, 0.000, 0.000, 0.000, 10:41:58.619
127, 25.00, 0.00, 23.43, 32.01, 0.000, 0.000, 0.000, 10:41:58.621
128, 7.41, 0.00, 12.14, 13.72, 0.000, 0.000, 0.000, 10:41:58.621
129, 5.62, 0.00, 7.78, 5.71, 0.000, 0.000, 0.000, 10:41:58.636
130, 16.86, 0.00, 21.97, 16.94, 0.000, 0.000, 0.000, 10:41:58.637
131, 20.89, 0.00, 26.43, 25.78, 0.000, 0.000, 0.000, 10:41:58.637
132, 8.57, 0.00, 11.70, 12.05, 0.000, 0.000, 0.000, 10:41:58.637
133, 4.58, 0.00, 9.54, 7.85, 0.000, 0.000, 0.000, 10:41:58.661
134, 16.44, 0.00, 17.90, 21.49, 0.000, 0.000, 0.000, 10:41:58.661
135, 20.88, 0.00, 25.38, 29.00, 0.000, 0.000, 0.000, 10:41:58.662
136, 11.43, 0.00, 12.83, 16.55, 0.000, 0.000, 0.000, 10:41:58.662
137, 5.47, 0.00, 6.78, 10.34, 0.000, 0.000, 0.000, 10:41:58.662
138, 9.65, 0.00, 18.48, 23.48, 0.000, 0.000, 0.000, 10:41:58.662
139, 20.00, 0.00, 27.27, 25.61, 0.000, 0.000, 0.000, 10:41:58.676
140, 12.20, 0.00, 10.21, 12.44, 0.000, 0.000, 0.000, 10:41:58.677
141, 5.04, 0.00, 8.55, 7.78, 0.000, 0.000, 0.000, 10:41:58.691
142, 17.79, 0.00, 22.40, 22.65, 0.000, 0.000, 0.000, 10:41:58.691
143, 19.14, 0.00, 25.28, 32.25, 0.000, 0.000, 0.000, 10:41:58.691
144, 10.59, 0.00, 9.32, 13.37, 0.000, 0.000, 0.000, 10:41:58.692
145, 5.55, 0.00, 9.89, 11.74, 0.000, 0.000, 0.000, 10:41:58.706
146, 12.09, 0.00, 20.63, 17.71, 0.000, 0.000, 0.000, 10:41:58.706
147, 18.88, 0.00, 25.53, 27.24, 0.000, 0.000, 0.000, 10:41:58.721
148, 10.09, 0.00, 11.11, 11.61, 0.000, 0.000, 0.000, 10:41:58.722
149, 5.65, 0.00, 8.11, 6.27, 0.000, 0.000, 0.000, 10:41:58.722
150, 16.67, 0.00, 15.34, 21.24, 0.000, 0.000, 0.000, 10:41:58.722
151, 18.82, 0.00, 25.03, 25.51, 0.000, 0.000, 0.000, 10:41:58.738
152, 8.52, 0.00, 12.50, 13.53, 0.000, 0.000, 0.000, 10:41:58.738
153, 6.12, 0.00, 6.61, 11.54, 0.000, 0.000, 0.000, 10:41:58.768
154, 15.85, 0.00, 18.87, 16.48, 0.000, 0.000, 0.000, 10:41:58.769
155, 15.04, 0.00, 22.64, 26.47, 0.000, 0.000, 0.000, 10:41:58.769
156, 14.98, 0.00, 10.69, 14.65, 0.000, 0.000, 0.000, 10:41:58.770
157, 1.63, 0.00, 3.61, 10.74, 0.000, 0.000, 0.000, 10:41:58.774
158, 15.91, 0.00, 20.05, 25.68, 0.000, 0.000, 0.000, 10:41:58.774
159, 19.85, 0.00, 22.11, 30.24, 0.000, 0.000, 0.000, 10:41:58.774
160, 7.02, 0.00, 8.44, 15.58, 0.000, 0.000, 0.000, 10:41:58.775
161, 8.55, 0.00, 8.35, 7.37, 0.000, 0.000, 0.000, 10:41:58.783
162, 16.47, 0.00, 21.47, 20.72, 0.000, 0.000, 0.000, 10:41:58.783
163, 17.63, 0.00, 27.68, 28.85, 0.000, 0.000, 0.000, 10:41:58.811
164, 12.89, 0.00, 12.72, 13.64, 0.000, 0.000, 0.000, 10:41:58.811
165, 5.88, 0.00, 8.08, 8.27, 0.000, 0.000, 0.000, 10:41:58.811
166, 16.26, 0.00, 22.60, 18.85, 0.000, 0.000, 0.000, 10:41:58.811
167, 21.40, 0.00, 27.81, 29.46, 0.000, 0.000, 0.000, 10:41:58.812
168, 9.20, 0.00, 11.16, 15.23, 0.000, 0.000, 0.000, 10:41:58.812
169, 8.57, 0.00, 11.71, 8.35, 0.000, 0.000, 0.000, 10:41:58.826
170, 20.49, 0.00, 24.42, 23.16, 0.000, 0.000, 0.000, 10:41:58.826
171, 12.88, 0.00, 28.25, 27.96, 0.000, 0.000, 0.000, 10:41:58.841
172, 5.98, 0.00, 7.54, 12.68, 0.000, 0.000, 0.000, 10:41:58.841
173, 7.12, 0.00, 6.51, 11.51, 0.000, 0.000, 0.000, 10:41:58.841
174, 17.31, 0.00, 23.90, 23.45, 0.000, 0.000, 0.000, 10:41:58.842
175, 21.34, 0.00, 25.14, 30.75, 0.000, 0.000, 0.000, 10:41:58.856
176, 9.04, 0.00, 6.89, 11.95, 0.000, 0.000, 0.000, 10:41:58.856
177, 5.28, 0.00, 7.78, 6.75, 0.000, 0.000, 0.000, 10:41:58.872
178, 21.39, 0.00, 23.21, 20.38, 0.000, 0.000, 0.000, 10:41:58.872
179, 21.35, 0.00, 26.12, 27.94, 0.000, 0.000, 0.000, 10:41:58.873
180, 8.99, 0.00, 7.95, 12.63, 0.000, 0.000, 0.000, 10:41:58.873
181, 3.47, 0.00, 5.03, 6.31, 0.000, 0.000, 0.000, 10:41:58.887
182, 13.60, 0.00, 22.29, 23.18, 0.000, 0.000, 0.000, 10:41:58.889
183, 17.58, 0.00, 19.91, 24.36, 0.000, 0.000, 0.000, 10:41:58.917
184, 10.29, 0.00, 12.63, 13.81, 0.000, 0.000, 0.000, 10:41:58.917
185, 3.49, 0.00, 5.72, 11.11, 0.000, 0.000, 0.000, 10:41:58.918
186, 21.54, 0.00, 26.03, 24.37, 0.000, 0.000, 0.000, 10:41:58.918
187, 21.28, 0.00, 19.84, 26.16, 0.000, 0.000, 0.000, 10:41:58.920
188, 8.68, 0.00, 13.26, 18.19, 0.000, 0.000, 0.000, 10:41:58.921
189, 4.56, 0.00, 11.16, 12.87, 0.000, 0.000, 0.000, 10:41:58.922
190, 17.50, 0.00, 20.01, 23.96, 0.000, 0.000, 0.000, 10:41:58.922
191, 16.54, 0.00, 27.45, 23.41, 0.000, 0.000, 0.000, 10:41:58.931
192, 7.50, 0.00, 8.01, 7.67, 0.000, 0.000, 0.000, 10:41:58.931
193, 2.02, 0.00, 5.65, 8.59, 0.000, 0.000, 0.000, 10:41:58.961
194, 18.17, 0.00, 20.88, 23.71, 0.000, 0.000, 0.000, 10:41:58.961
195, 18.96, 0.00, 19.54, 25.38, 0.000, 0.000, 0.000, 10:41:58.961
196, 6.20, 0.00, 8.35, 13.67, 0.000, 0.000, 0.000, 10:41:58.962
197, 7.51, 0.00, 8.67, 11.97, 0.000, 0.000, 0.000, 10:41:58.962
198, 16.37, 0.00, 21.35, 23.78, 0.000, 0.000, 0.000, 10:41:58.962
199, 23.08, 0.00, 22.36, 23.92, 0.000, 0.000, 0.000, 10:41:58.976
200, 10.18, 0.00, 11.48, 15.10, 0.000, 0.000, 0.000, 10:41:58.977
0, 4.76, 0.00, 6.59, 11.93, 0.000, 0.000, 0.000, 10:41:58.977
1, 14.11, 0.00, 18.49, 22.11, 0.000, 0.000, 0.000, 10:41:58.991
2, 21.62, 0.00, 20.91, 23.82, 0.000, 0.000, 0.000, 10:41:58.991
3, 5.09, 0.00, 8.41, 12.86, 0.000, 0.000, 0.000, 10:41:59.006
4, 4.44, 0.00, 7.77, 8.30, 0.000, 0.000, 0.000, 10:41:59.006
5, 20.80, 0.00, 25.43, 25.88, 0.000, 0.000, 0.000, 10:41:59.007
6, 23.90, 0.00, 29.90, 25.92, 0.000, 0.000, 0.000, 10:41:59.007
7, 10.78, 0.00, 11.61, 12.59, 0.000, 0.000, 0.000, 10:41:59.022
8, 4.43, 0.00, 9.72, 10.60, 0.000, 0.000, 0.000, 10:41:59.023
9, 16.36, 0.00, 24.55, 26.80, 0.000, 0.000, 0.000, 10:41:59.039
10, 19.80, 0.00, 24.48, 24.42, 0.000, 0.000, 0.000, 10:41:59.039
11, 9.38, 0.00, 11.65, 15.57, 0.000, 0.000, 0.000, 10:41:59.039
12, 5.75, 0.00, 7.66, 4.85, 0.000, 0.000, 0.000, 10:41:59.040
13, 18.40, 0.00, 22.59, 25.34, 0.000, 0.000, 0.000, 10:41:59.052
14, 20.36, 0.00, 24.50, 25.74, 0.000, 0.000, 0.000, 10:41:59.053
15, 7.95, 0.00, 8.48, 8.79, 0.000, 0.000, 0.000, 10:41:59.069
16, 10.19, 0.00, 5.45, 5.85, 0.000, 0.000, 0.000, 10:41:59.070
17, 17.00, 0.00, 22.03, 21.84, 0.000, 0.000, 0.000, 10:41:59.072
18, 16.41, 0.00, 21.62, 29.75, 0.000, 0.000, 0.000, 10:41:59.072
19, 5.84, 0.00, 5.90, 12.15, 0.000, 0.000, 0.000, 10:41:59.081
20, 5.13, 0.00, 7.96, 7.03, 0.000, 0.000, 0.000, 10:41:59.081
21, 20.06, 0.00, 25.49, 27.31, 0.000, 0.000, 0.000, 10:41:59.096
22, 22.47, 0.00, 26.81, 29.44, 0.000, 0.000, 0.000, 10:41:59.096
23, 8.02, 0.00, 7.86, 13.35, 0.000, 0.000, 0.000, 10:41:59.097
24, 8.25, 0.00, 5.59, 13.25, 0.000, 0.000, 0.000, 10:41:59.097
25, 18.50, 0.00, 21.86, 22.00, 0.000, 0.000, 0.000, 10:41:59.119
26, 18.01, 0.00, 23.09, 28.87, 0.000, 0.000, 0.000, 10:41:59.120
27, 7.11, 0.00, 12.66, 13.33, 0.000, 0.000, 0.000, 10:41:59.126
28, 9.56, 0.00, 14.45, 15.03, 0.000, 0.000, 0.000, 10:41:59.126
29, 17.46, 0.00, 24.27, 21.32, 0.000, 0.000, 0.000, 10:41:59.126
30, 17.27, 0.00, 22.62, 24.11, 0.000, 0.000, 0.000, 10:41:59.126
31, 6.32, 0.00, 12.58, 14.68, 0.000, 0.000, 0.000, 10:41:59.141
32, 8.36, 0.00, 7.61, 11.64, 0.000, 0.000, 0.000, 10:41:59.141
33, 17.87, 0.00, 26.97, 24.45, 0.000, 0.000, 0.000, 10:41:59.156
34, 17.53, 0.00, 22.45, 24.83, 0.000, 0.000, 0.000, 10:41:59.156
35, 4.75, 0.00, 6.86, 9.41, 0.000, 0.000, 0.000, 10:41:59.156
36, 12.76, 0.00, 8.50, 13.59, 0.000, 0.000, 0.000, 10:41:59.156
37, 17.52, 0.00, 22.89, 26.43, 0.000, 0.000, 0.000, 10:41:59.173
38, 13.84, 0.00, 23.53, 22.63, 0.000, 0.000, 0.000, 10:41:59.173
39, 9.59, 0.00, 10.08, 11.70, 0.000, 0.000, 0.000, 10:41:59.189
40, 6.55, 0.00, 8.35, 11.15, 0.000, 0.000, 0.000, 10:41:59.189
41, 20.61, 0.00, 21.19, 26.21, 0.000, 0.000, 0.000, 10:41:59.189
42, 20.22, 0.00, 24.80, 26.74, 0.000, 0.000, 0.000, 10:41:59.189
43, 7.14, 0.00, 9.61, 10.88, 0.000, 0.000, 0.000, 10:41:59.202
44, 9.39, 0.00, 5.97, 7.35, 0.000, 0.000, 0.000, 10:41:59.202
45, 17.30, 0.00, 23.40, 20.83, 0.000, 0.000, 0.000, 10:41:59.217
46, 17.68, 0.00, 24.61, 22.37, 0.000, 0.000, 0.000, 10:41:59.217
47, 7.86, 0.00, 7.00, 12.17, 0.000, 0.000, 0.000, 10:41:59.218
48, 7.17, 0.00, 10.83, 11.03, 0.000, 0.000, 0.000, 10:41:59.218
49, 18.05, 0.00, 24.26, 24.34, 0.000, 0.000, 0.000, 10:41:59.231
50, 19.40, 0.00, 22.32, 22.93, 0.000, 0.000, 0.000, 10:41:59.231
51, 2.94, 0.00, 8.14, 11.88, 0.000, 0.000, 0.000, 10:41:59.276
52, 9.01, 0.00, 10.77, 11.63, 0.000, 0.000, 0.000, 10:41:59.276
53, 21.00, 0.00, 26.16, 26.99, 0.000, 0.000, 0.000, 10:41:59.277
54, 17.66, 0.00, 19.46, 20.89, 0.000, 0.000, 0.000, 10:41:59.277
55, 6.85, 0.00, 11.22, 9.27, 0.000, 0.000, 0.000, 10:41:59.278
56, 12.31, 0.00, 11.75, 9.27, 0.000, 0.000, 0.000, 10:41:59.278
57, 19.19, 0.00, 22.94, 26.19, 0.000, 0.000, 0.000, 10:41:59.278
58, 19.02, 0.00, 23.44, 25.94, 0.000, 0.000, 0.000, 10:41:59.278
59, 7.60, 0.00, 6.86, 8.50, 0.000, 0.000, 0.000, 10:41:59.279
60, 10.98, 0.00, 11.70, 12.23, 0.000, 0.000, 0.000, 10:41:59.279
61, 23.11, 0.00, 25.46, 26.38, 0.000, 0.000, 0.000, 10:41:59.291
62, 15.70, 0.00, 23.15, 21.20, 0.000, 0.000, 0.000, 10:41:59.291
63, 5.45, 0.00, 6.96, 13.30, 0.000, 0.000, 0.000, 10:41:59.308
64, 6.51, 0.00, 6.02, 12.45, 0.000, 0.000, 0.000, 10:41:59.308
65, 16.53, 0.00, 24.32, 25.66, 0.000, 0.000, 0.000, 10:41:59.308
66, 17.48, 0.00, 19.58, 25.30, 0.000, 0.000, 0.000, 10:41:59.308
67, 4.28, 0.00, 5.02, 7.43, 0.000, 0.000, 0.000, 10:41:59.323
68, 8.72, 0.00, 11.51, 13.57, 0.000, 0.000, 0.000, 10:41:59.323
69, 19.49, 0.00, 23.11, 24.13, 0.000, 0.000, 0.000, 10:41:59.338
70, 17.84, 0.00, 20.08, 25.30, 0.000, 0.000, 0.000, 10:41:59.338
71, 3.34, 0.00, 8.91, 8.36, 0.000, 0.000, 0.000, 10:41:59.339
72, 6.97, 0.00, 9.59, 9.48, 0.000, 0.000, 0.000, 10:41:59.339
73, 20.31, 0.00, 22.56, 24.71, 0.000, 0.000, 0.000, 10:41:59.373
74, 18.52, 0.00, 21.50, 24.85, 0.000, 0.000, 0.000, 10:41:59.373
75, 3.96, 0.00, 5.45, 9.98, 0.000, 0.000, 0.000, 10:41:59.374
76, 8.10, 0.00, 6.65, 9.47, 0.000, 0.000, 0.000, 10:41:59.374
77, 18.93, 0.00, 23.13, 27.29, 0.000, 0.000, 0.000, 10:41:59.374
78, 16.81, 0.00, 18.32, 20.18, 0.000, 0.000, 0.000, 10:41:59.374
79, 5.88, 0.00, 10.22, 13.99, 0.000, 0.000, 0.000, 10:41:59.383
80, 5.63, 0.00, 13.78, 17.08, 0.000, 0.000, 0.000, 10:41:59.384
81, 19.78, 0.00, 24.08, 24.22, 0.000, 0.000, 0.000, 10:41:59.396
82, 18.37, 0.00, 20.74, 23.01, 0.000, 0.000, 0.000, 10:41:59.396
83, 4.58, 0.00, 8.23, 10.45, 0.000, 0.000, 0.000, 10:41:59.396
84, 4.77, 0.00, 7.77, 10.90, 0.000, 0.000, 0.000, 10:41:59.397
85, 18.96, 0.00, 23.84, 22.39, 0.000, 0.000, 0.000, 10:41:59.415
86, 19.61, 0.00, 24.07, 25.39, 0.000, 0.000, 0.000, 10:41:59.415
87, 7.98, 0.00, 12.49, 16.02, 0.000, 0.000, 0.000, 10:41:59.426
88, 5.59, 0.00, 11.88, 14.80, 0.000, 0.000, 0.000, 10:41:59.427
89, 18.68, 0.00, 21.91, 27.42, 0.000, 0.000, 0.000, 10:41:59.427
90, 17.50, 0.00, 19.04, 24.44, 0.000, 0.000, 0.000, 10:41:59.427
91, 6.99, 0.00, 9.93, 6.38, 0.000, 0.000, 0.000, 10:41:59.443
92, 9.84, 0.00, 11.94, 12.07, 0.000, 0.000, 0.000, 10:41:59.443
93, 16.13, 0.00, 24.29, 18.50, 0.000, 0.000, 0.000, 10:41:59.471
94, 17.56, 0.00, 17.61, 20.04, 0.000, 0.000, 0.000, 10:41:59.471
95, 7.72, 0.00, 5.78, 9.97, 0.000, 0.000, 0.000, 10:41:59.471
96, 4.88, 0.00, 10.82, 11.46, 0.000, 0.000, 0.000, 10:41:59.471
97, 19.62, 0.00, 23.21, 23.10, 0.000, 0.000, 0.000, 10:41:59.472
98, 12.90, 0.00, 15.21, 16.71, 0.000, 0.000, 0.000, 10:41:59.472
99, 7.87, 0.00, 10.16, 10.09, 0.000, 0.000, 0.000, 10:41:59.473
100, 9.27, 0.00, 13.74, 12.18, 0.000, 0.000, 0.000, 10:41:59.473
101, 21.12, 0.00, 24.35, 27.54, 0.000, 0.000, 0.000, 10:41:59.487
102, 16.26, 0.00, 20.37, 21.52, 0.000, 0.000, 0.000, 10:41:59.487
103, 6.84, 0.00, 6.41, 13.14, 0.000, 0.000, 0.000, 10:41:59.519
104, 8.22, 0.00, 9.36, 13.47, 0.000, 0.000, 0.000, 10:41:59.519
105, 15.99, 0.00, 22.77, 31.10, 0.000, 0.000, 0.000, 10:41:59.521
106, 14.80, 0.00, 18.96, 21.92, 0.000, 0.000, 0.000, 10:41:59.522
107, 11.10, 0.00, 6.73, 10.03, 0.000, 0.000, 0.000, 10:41:59.523
108, 8.83, 0.00, 13.03, 14.68, 0.000, 0.000, 0.000, 10:41:59.523
109, 13.29, 0.00, 23.87, 25.70, 0.000, 0.000, 0.000, 10:41:59.531
110, 20.14, 0.00, 19.67, 25.20, 0.000, 0.000, 0.000, 10:41:59.531
111, 5.15, 0.00, 9.24, 9.26, 0.000, 0.000, 0.000, 10:41:59.546
112, 7.83, 0.00, 17.34, 11.98, 0.000, 0.000, 0.000, 10:41:59.546
113, 20.02, 0.00, 25.18, 30.54, 0.000, 0.000, 0.000, 10:41:59.546
114, 22.08, 0.00, 22.84, 24.40, 0.000, 0.000, 0.000, 10:41:59.547
115, 10.11, 0.00, 11.94, 9.93, 0.000, 0.000, 0.000, 10:41:59.576
116, 9.93, 0.00, 9.82, 12.03, 0.000, 0.000, 0.000, 10:41:59.576
117, 21.29, 0.00, 28.97, 21.93, 0.000, 0.000, 0.000, 10:41:59.577
118, 13.86, 0.00, 19.14, 23.18, 0.000, 0.000, 0.000, 10:41:59.577
119, 4.87, 0.00, 8.91, 12.64, 0.000, 0.000, 0.000, 10:41:59.579
120, 8.55, 0.00, 10.99, 14.31, 0.000, 0.000, 0.000, 10:41:59.579
121, 22.06, 0.00, 25.61, 29.84, 0.000, 0.000, 0.000, 10:41:59.592
122, 17.10, 0.00, 23.54, 25.54, 0.000, 0.000, 0.000, 10:41:59.592
123, 6.93, 0.00, 8.17, 8.86, 0.000, 0.000, 0.000, 10:41:59.606
124, 5.43, 0.00, 14.02, 10.41, 0.000, 0.000, 0.000, 10:41:59.606
125, 19.25, 0.00, 22.83, 26.48, 0.000, 0.000, 0.000, 10:41:59.614
126, 11.40, 0.00, 18.14, 22.88, 0.000, 0.000, 0.000, 10:41:59.614
127, 6.64, 0.00, 6.74, 11.08, 0.000, 0.000, 0.000, 10:41:59.622
128, 11.10, 0.00, 11.32, 15.80, 0.000, 0.000, 0.000, 10:41:59.623
129, 20.91, 0.00, 25.15, 27.52, 0.000, 0.000, 0.000, 10:41:59.638
130, 18.39, 0.00, 19.43, 20.16, 0.000, 0.000, 0.000, 10:41:59.638
131, 4.28, 0.00, 6.85, 4.86, 0.000, 0.000, 0.000, 10:41:59.638
132, 9.65, 0.00, 12.71, 13.08, 0.000, 0.000, 0.000, 10:41:59.638
133, 22.15, 0.00, 24.03, 25.87, 0.000, 0.000, 0.000, 10:41:59.651
134, 17.03, 0.00, 17.53, 22.79, 0.000, 0.000, 0.000, 10:41:59.651
135, 2.78, 0.00, 4.65, 12.84, 0.000, 0.000, 0.000, 10:41:59.667
136, 11.42, 0.00, 6.76, 13.80, 0.000, 0.000, 0.000, 10:41:59.667
137, 22.03, 0.00, 25.81, 29.63, 0.000, 0.000, 0.000, 10:41:59.688
138, 17.23, 0.00, 20.92, 21.62, 0.000, 0.000, 0.000, 10:41:59.688
139, 3.16, 0.00, 9.08, 8.48, 0.000, 0.000, 0.000, 10:41:59.688
140, 13.08, 0.00, 14.94, 15.92, 0.000, 0.000, 0.000, 10:41:59.689
141, 17.90, 0.00, 27.67, 25.47, 0.000, 0.000, 0.000, 10:41:59.696
142, 17.42, 0.00, 17.92, 21.21, 0.000, 0.000, 0.000, 10:41:59.696
143, 6.24, 0.00, 1.68, 8.57, 0.000, 0.000, 0.000, 10:41:59.696
144, 8.12, 0.00, 13.39, 15.11, 0.000, 0.000, 0.000, 10:41:59.696
145, 18.80, 0.00, 24.72, 26.45, 0.000, 0.000, 0.000, 10:41:59.711
146, 15.19, 0.00, 17.26, 21.04, 0.000, 0.000, 0.000, 10:41:59.712
147, 4.04, 0.00, 8.41, 9.71, 0.000, 0.000, 0.000, 10:41:59.726
148, 11.34, 0.00, 11.07, 14.25, 0.000, 0.000, 0.000, 10:41:59.726
149, 19.27, 0.00, 25.24, 25.69, 0.000, 0.000, 0.000, 10:41:59.727
150, 16.19, 0.00, 14.03, 19.03, 0.000, 0.000, 0.000, 10:41:59.727
151, 2.05, 0.00, 3.83, 9.52, 0.000, 0.000, 0.000, 10:41:59.741
152, 13.41, 0.00, 17.88, 17.06, 0.000, 0.000, 0.000, 10:41:59.741
153, 21.79, 0.00, 27.33, 26.54, 0.000, 0.000, 0.000, 10:41:59.758
154, 17.67, 0.00, 20.90, 22.45, 0.000, 0.000, 0.000, 10:41:59.759
155, 6.45, 0.00, 3.45, 7.40, 0.000, 0.000, 0.000, 10:41:59.759
156, 11.38, 0.00, 15.76, 13.37, 0.000, 0.000, 0.000, 10:41:59.759
157, 18.22, 0.00, 28.76, 26.67, 0.000, 0.000, 0.000, 10:41:59.773
158, 13.53, 0.00, 16.99, 19.64, 0.000, 0.000, 0.000, 10:41:59.773
159, 4.29, 0.00, 8.28, 9.65, 0.000, 0.000, 0.000, 10:41:59.788
160, 9.20, 0.00, 12.17, 13.53, 0.000, 0.000, 0.000, 10:41:59.788
161, 21.54, 0.00, 27.41, 30.62, 0.000, 0.000, 0.000, 10:41:59.789
162, 19.80, 0.00, 19.94, 21.82, 0.000, 0.000, 0.000, 10:41:59.789
163, 8.48, 0.00, 4.49, 7.59, 0.000, 0.000, 0.000, 10:41:59.802
164, 6.72, 0.00, 13.79, 14.50, 0.000, 0.000, 0.000, 10:41:59.802
165, 19.23, 0.00, 25.23, 28.66, 0.000, 0.000, 0.000, 10:41:59.818
166, 14.28, 0.00, 15.08, 14.58, 0.000, 0.000, 0.000, 10:41:59.819
167, 4.14, 0.00, 8.02, 8.95, 0.000, 0.000, 0.000, 10:41:59.819
168, 8.16, 0.00, 12.05, 14.35, 0.000, 0.000, 0.000, 10:41:59.820
169, 24.09, 0.00, 24.54, 27.13, 0.000, 0.000, 0.000, 10:41:59.831
170, 9.69, 0.00, 17.95, 15.78, 0.000, 0.000, 0.000, 10:41:59.832
171, 4.17, 0.00, 9.37, 7.53, 0.000, 0.000, 0.000, 10:41:59.846
172, 13.26, 0.00, 12.63, 17.00, 0.000, 0.000, 0.000, 10:41:59.846
173, 21.45, 0.00, 24.04, 30.90, 0.000, 0.000, 0.000, 10:41:59.847
174, 14.78, 0.00, 18.95, 19.60, 0.000, 0.000, 0.000, 10:41:59.847
175, 6.37, 0.00, 4.70, 8.04, 0.000, 0.000, 0.000, 10:41:59.862
176, 14.93, 0.00, 17.37, 17.87, 0.000, 0.000, 0.000, 10:41:59.862
177, 21.39, 0.00, 28.74, 27.48, 0.000, 0.000, 0.000, 10:41:59.876
178, 14.33, 0.00, 20.82, 19.30, 0.000, 0.000, 0.000, 10:41:59.876
179, 5.95, 0.00, 12.47, 12.21, 0.000, 0.000, 0.000, 10:41:59.877
180, 17.69, 0.00, 16.26, 16.96, 0.000, 0.000, 0.000, 10:41:59.877
181, 27.71, 0.00, 26.48, 29.60, 0.000, 0.000, 0.000, 10:41:59.891
182, 15.95, 0.00, 14.43, 19.80, 0.000, 0.000, 0.000, 10:41:59.891
183, 0.34, 0.00, 7.95, 11.32, 0.000, 0.000, 0.000, 10:41:59.906
184, 11.03, 0.00, 14.88, 15.75, 0.000, 0.000, 0.000, 10:41:59.906
185, 21.34, 0.00, 26.10, 28.32, 0.000, 0.000, 0.000, 10:41:59.907
186, 17.56, 0.00, 13.20, 19.97, 0.000, 0.000, 0.000, 10:41:59.907
187, 6.88, 0.00, 5.89, 4.71, 0.000, 0.000, 0.000, 10:41:59.924
188, 10.18, 0.00, 15.72, 16.66, 0.000, 0.000, 0.000, 10:41:59.924
189, 21.59, 0.00, 30.09, 29.38, 0.000, 0.000, 0.000, 10:41:59.937
190, 11.59, 0.00, 17.82, 18.25, 0.000, 0.000, 0.000, 10:41:59.937
191, 5.22, 0.00, 8.42, 12.93, 0.000, 0.000, 0.000, 10:41:59.939
192, 11.61, 0.00, 13.50, 19.37, 0.000, 0.000, 0.000, 10:41:59.940
193, 20.94, 0.00, 24.36, 26.07, 0.000, 0.000, 0.000, 10:41:59.955
194, 18.67, 0.00, 12.14, 19.02, 0.000, 0.000, 0.000, 10:41:59.956
195, 3.81, 0.00, 7.19, 8.77, 0.000, 0.000, 0.000, 10:41:59.968
196, 11.17, 0.00, 13.26, 13.96, 0.000, 0.000, 0.000, 10:41:59.969
197, 21.77, 0.00, 27.27, 30.59, 0.000, 0.000, 0.000, 10:41:59.971
198, 11.80, 0.00, 17.08, 16.50, 0.000, 0.000, 0.000, 10:41:59.972
199, 0.20, 0.00, 8.69, 5.23, 0.000, 0.000, 0.000, 10:41:59.981
200, 8.80, 0.00, 12.02, 13.06, 0.000, 0.000, 0.000, 10:41:59.981
0, 22.94, 0.00, 25.26, 30.11, 0.000, 0.000, 0.000, 10:41:59.982
