%No., CH1, CH2, CH3, CH4, Accel X, Accel Y, Accel Z, 2017-05-31_10-28-14
0, 13.12, 0.00, 11.95, 15.75, 0.000, 0.000, 0.000, 10:28:18.392
1, 25.50, 0.00, 33.31, 30.55, 0.000, 0.000, 0.000, 10:28:18.407
2, 12.25, 0.00, 18.73, 16.96, 0.000, 0.000, 0.000, 10:28:18.410
3, 2.73, 0.00, 2.63, 7.92, 0.000, 0.000, 0.000, 10:28:18.422
4, 13.04, 0.00, 15.68, 24.05, 0.000, 0.000, 0.000, 10:28:18.423
5, 28.37, 0.00, 26.54, 34.05, 0.000, 0.000, 0.000, 10:28:18.424
6, 10.02, 0.00, 11.59, 12.06, 0.000, 0.000, 0.000, 10:28:18.425
7, 2.95, 0.00, 1.73, 8.01, 0.000, 0.000, 0.000, 10:28:18.452
8, 14.47, 0.00, 16.48, 18.09, 0.000, 0.000, 0.000, 10:28:18.453
9, 21.47, 0.00, 32.89, 28.55, 0.000, 0.000, 0.000, 10:28:18.454
10, 12.93, 0.00, 17.34, 16.67, 0.000, 0.000, 0.000, 10:28:18.454
11, 7.77, 0.00, 5.73, 7.61, 0.000, 0.000, 0.000, 10:28:18.455
12, 10.58, 0.00, 15.98, 22.24, 0.000, 0.000, 0.000, 10:28:18.456
13, 23.10, 0.00, 41.02, 31.24, 0.000, 0.000, 0.000, 10:28:18.464
14, 11.51, 0.00, 20.47, 14.12, 0.000, 0.000, 0.000, 10:28:18.466
15, 0.48, 0.00, -6.08, 3.38, 0.000, 0.000, 0.000, 10:28:18.482
16, 12.14, 0.00, 12.28, 13.73, 0.000, 0.000, 0.000, 10:28:18.486
17, 21.12, 0.00, 26.50, 28.13, 0.000, 0.000, 0.000, 10:28:18.491
18, 14.22, 0.00, 19.90, 17.96, 0.000, 0.000, 0.000, 10:28:18.494
19, 0.07, 0.00, 1.11, 5.98, 0.000, 0.000, 0.000, 10:28:18.497
20, 14.16, 0.00, 19.92, 21.77, 0.000, 0.000, 0.000, 10:28:18.498
21, 25.35, 0.00, 27.98, 30.72, 0.000, 0.000, 0.000, 10:28:18.513
22, 13.26, 0.00, 12.20, 19.97, 0.000, 0.000, 0.000, 10:28:18.514
23, 2.16, 0.00, 3.76, 4.96, 0.000, 0.000, 0.000, 10:28:18.515
24, 15.07, 0.00, 11.48, 15.94, 0.000, 0.000, 0.000, 10:28:18.516
25, 22.10, 0.00, 26.94, 29.68, 0.000, 0.000, 0.000, 10:28:18.524
26, 11.50, 0.00, 9.46, 18.44, 0.000, 0.000, 0.000, 10:28:18.525
27, 0.50, 0.00, -0.43, 4.21, 0.000, 0.000, 0.000, 10:28:18.539
28, 12.20, 0.00, 15.15, 17.91, 0.000, 0.000, 0.000, 10:28:18.541
29, 23.16, 0.00, 33.25, 28.12, 0.000, 0.000, 0.000, 10:28:18.541
30, 13.91, 0.00, 18.35, 20.15, 0.000, 0.000, 0.000, 10:28:18.542
31, 2.91, 0.00, 5.68, 9.82, 0.000, 0.000, 0.000, 10:28:18.554
32, 10.30, 0.00, 18.76, 21.12, 0.000, 0.000, 0.000, 10:28:18.555
33, 24.61, 0.00, 28.60, 28.98, 0.000, 0.000, 0.000, 10:28:18.569
34, 10.35, 0.00, 14.85, 16.26, 0.000, 0.000, 0.000, 10:28:18.570
35, 1.77, 0.00, -0.66, 3.46, 0.000, 0.000, 0.000, 10:28:18.570
36, 13.17, 0.00, 13.71, 18.74, 0.000, 0.000, 0.000, 10:28:18.571
37, 23.05, 0.00, 28.71, 29.85, 0.000, 0.000, 0.000, 10:28:18.584
38, 12.67, 0.00, 10.03, 14.92, 0.000, 0.000, 0.000, 10:28:18.585
39, -2.97, 0.00, 0.73, 3.67, 0.000, 0.000, 0.000, 10:28:18.599
40, 12.15, 0.00, 15.45, 16.36, 0.000, 0.000, 0.000, 10:28:18.600
41, 25.94, 0.00, 32.06, 32.16, 0.000, 0.000, 0.000, 10:28:18.600
42, 16.73, 0.00, 17.31, 17.08, 0.000, 0.000, 0.000, 10:28:18.600
43, 3.84, 0.00, 4.12, 6.15, 0.000, 0.000, 0.000, 10:28:18.614
44, 13.60, 0.00, 18.85, 18.10, 0.000, 0.000, 0.000, 10:28:18.614
45, 24.22, 0.00, 29.90, 35.27, 0.000, 0.000, 0.000, 10:28:18.628
46, 8.37, 0.00, 15.63, 16.20, 0.000, 0.000, 0.000, 10:28:18.629
47, 1.31, 0.00, 3.66, 10.17, 0.000, 0.000, 0.000, 10:28:18.629
48, 14.60, 0.00, 21.10, 13.63, 0.000, 0.000, 0.000, 10:28:18.630
49, 21.82, 0.00, 28.25, 23.80, 0.000, 0.000, 0.000, 10:28:18.644
50, 14.34, 0.00, 13.05, 14.60, 0.000, 0.000, 0.000, 10:28:18.644
51, -0.22, 0.00, 5.41, 7.03, 0.000, 0.000, 0.000, 10:28:18.659
52, 15.07, 0.00, 16.89, 20.71, 0.000, 0.000, 0.000, 10:28:18.659
53, 25.87, 0.00, 32.82, 36.52, 0.000, 0.000, 0.000, 10:28:18.659
54, 15.39, 0.00, 19.87, 20.95, 0.000, 0.000, 0.000, 10:28:18.660
55, 0.54, 0.00, 8.88, 5.44, 0.000, 0.000, 0.000, 10:28:18.674
56, 13.55, 0.00, 11.00, 17.01, 0.000, 0.000, 0.000, 10:28:18.675
57, 26.63, 0.00, 28.65, 31.50, 0.000, 0.000, 0.000, 10:28:18.695
58, 10.91, 0.00, 18.35, 15.93, 0.000, 0.000, 0.000, 10:28:18.695
59, -0.64, 0.00, 1.10, 4.91, 0.000, 0.000, 0.000, 10:28:18.698
60, 16.04, 0.00, 15.21, 17.10, 0.000, 0.000, 0.000, 10:28:18.699
61, 25.97, 0.00, 32.10, 32.82, 0.000, 0.000, 0.000, 10:28:18.705
62, 13.08, 0.00, 13.72, 19.59, 0.000, 0.000, 0.000, 10:28:18.705
63, -3.87, 0.00, 0.65, 6.60, 0.000, 0.000, 0.000, 10:28:18.719
64, 9.73, 0.00, 16.90, 14.24, 0.000, 0.000, 0.000, 10:28:18.720
65, 22.36, 0.00, 30.49, 29.00, 0.000, 0.000, 0.000, 10:28:18.722
66, 11.57, 0.00, 22.17, 18.10, 0.000, 0.000, 0.000, 10:28:18.723
67, 5.05, 0.00, -2.88, 5.91, 0.000, 0.000, 0.000, 10:28:18.734
68, 8.20, 0.00, 13.15, 14.94, 0.000, 0.000, 0.000, 10:28:18.734
69, 25.43, 0.00, 35.33, 31.80, 0.000, 0.000, 0.000, 10:28:18.749
70, 10.09, 0.00, 12.52, 14.74, 0.000, 0.000, 0.000, 10:28:18.749
71, 2.41, 0.00, 5.42, 8.83, 0.000, 0.000, 0.000, 10:28:18.750
72, 14.32, 0.00, 14.27, 19.66, 0.000, 0.000, 0.000, 10:28:18.750
73, 24.14, 0.00, 33.45, 30.95, 0.000, 0.000, 0.000, 10:28:18.764
74, 12.56, 0.00, 12.14, 17.53, 0.000, 0.000, 0.000, 10:28:18.765
75, -0.05, 0.00, 10.34, 4.76, 0.000, 0.000, 0.000, 10:28:18.779
76, 13.58, 0.00, 12.69, 18.86, 0.000, 0.000, 0.000, 10:28:18.780
77, 26.98, 0.00, 24.60, 31.42, 0.000, 0.000, 0.000, 10:28:18.780
78, 12.35, 0.00, 14.34, 18.52, 0.000, 0.000, 0.000, 10:28:18.780
79, 3.00, 0.00, 5.07, 9.76, 0.000, 0.000, 0.000, 10:28:18.795
80, 13.98, 0.00, 11.65, 18.42, 0.000, 0.000, 0.000, 10:28:18.795
81, 25.27, 0.00, 35.44, 32.12, 0.000, 0.000, 0.000, 10:28:18.809
82, 10.56, 0.00, 14.09, 17.30, 0.000, 0.000, 0.000, 10:28:18.809
83, 0.96, 0.00, 6.76, 2.99, 0.000, 0.000, 0.000, 10:28:18.809
84, 12.12, 0.00, 17.01, 15.51, 0.000, 0.000, 0.000, 10:28:18.810
85, 24.01, 0.00, 30.49, 32.49, 0.000, 0.000, 0.000, 10:28:18.825
86, 13.79, 0.00, 12.64, 16.77, 0.000, 0.000, 0.000, 10:28:18.825
87, -0.27, 0.00, 3.29, 5.99, 0.000, 0.000, 0.000, 10:28:18.839
88, 11.84, 0.00, 11.64, 21.11, 0.000, 0.000, 0.000, 10:28:18.839
89, 25.22, 0.00, 25.23, 31.13, 0.000, 0.000, 0.000, 10:28:18.839
90, 10.51, 0.00, 11.46, 16.00, 0.000, 0.000, 0.000, 10:28:18.840
91, 2.35, 0.00, 0.46, 4.59, 0.000, 0.000, 0.000, 10:28:18.854
92, 13.48, 0.00, 14.43, 18.19, 0.000, 0.000, 0.000, 10:28:18.855
93, 21.11, 0.00, 28.16, 32.01, 0.000, 0.000, 0.000, 10:28:18.869
94, 9.53, 0.00, 12.41, 16.79, 0.000, 0.000, 0.000, 10:28:18.869
95, 6.62, 0.00, 2.12, 5.02, 0.000, 0.000, 0.000, 10:28:18.870
96, 14.32, 0.00, 18.16, 15.75, 0.000, 0.000, 0.000, 10:28:18.870
97, 23.29, 0.00, 32.99, 29.14, 0.000, 0.000, 0.000, 10:28:18.886
98, 12.00, 0.00, 3.84, 19.44, 0.000, 0.000, 0.000, 10:28:18.886
99, -1.22, 0.00, 0.70, 5.37, 0.000, 0.000, 0.000, 10:28:18.901
100, 11.45, 0.00, 18.77, 19.58, 0.000, 0.000, 0.000, 10:28:18.902
101, 20.71, 0.00, 32.79, 28.98, 0.000, 0.000, 0.000, 10:28:18.902
102, 13.81, 0.00, 16.63, 14.22, 0.000, 0.000, 0.000, 10:28:18.902
103, 2.15, 0.00, 5.90, 6.51, 0.000, 0.000, 0.000, 10:28:18.914
104, 14.11, 0.00, 19.64, 15.41, 0.000, 0.000, 0.000, 10:28:18.915
105, 21.86, 0.00, 30.52, 32.14, 0.000, 0.000, 0.000, 10:28:18.929
106, 9.92, 0.00, 19.50, 16.00, 0.000, 0.000, 0.000, 10:28:18.929
107, -1.72, 0.00, 5.15, 7.26, 0.000, 0.000, 0.000, 10:28:18.929
108, 15.84, 0.00, 17.45, 23.80, 0.000, 0.000, 0.000, 10:28:18.930
109, 26.42, 0.00, 32.68, 32.04, 0.000, 0.000, 0.000, 10:28:18.945
110, 10.21, 0.00, 16.93, 16.92, 0.000, 0.000, 0.000, 10:28:18.945
111, -0.60, 0.00, 2.18, 6.18, 0.000, 0.000, 0.000, 10:28:18.958
112, 13.41, 0.00, 14.76, 17.98, 0.000, 0.000, 0.000, 10:28:18.959
113, 26.90, 0.00, 25.73, 31.09, 0.000, 0.000, 0.000, 10:28:18.959
114, 14.41, 0.00, 11.41, 14.16, 0.000, 0.000, 0.000, 10:28:18.959
115, 0.35, 0.00, 0.97, 7.63, 0.000, 0.000, 0.000, 10:28:18.974
116, 12.41, 0.00, 14.51, 20.92, 0.000, 0.000, 0.000, 10:28:18.974
117, 28.54, 0.00, 29.16, 32.54, 0.000, 0.000, 0.000, 10:28:18.989
118, 14.34, 0.00, 15.07, 15.98, 0.000, 0.000, 0.000, 10:28:18.989
119, 3.05, 0.00, 5.60, 2.85, 0.000, 0.000, 0.000, 10:28:18.990
120, 13.55, 0.00, 12.53, 18.19, 0.000, 0.000, 0.000, 10:28:18.990
121, 25.20, 0.00, 25.37, 33.23, 0.000, 0.000, 0.000, 10:28:19.019
122, 15.41, 0.00, 12.45, 14.05, 0.000, 0.000, 0.000, 10:28:19.020
123, 1.62, 0.00, 3.72, 6.12, 0.000, 0.000, 0.000, 10:28:19.020
124, 13.10, 0.00, 8.44, 17.61, 0.000, 0.000, 0.000, 10:28:19.021
125, 23.51, 0.00, 29.01, 36.33, 0.000, 0.000, 0.000, 10:28:19.024
126, 13.45, 0.00, 16.54, 18.03, 0.000, 0.000, 0.000, 10:28:19.125
127, 3.37, 0.00, 13.47, 2.26, 0.000, 0.000, 0.000, 10:28:19.126
128, 9.99, 0.00, 21.48, 15.27, 0.000, 0.000, 0.000, 10:28:19.127
129, 24.07, 0.00, 21.15, 34.43, 0.000, 0.000, 0.000, 10:28:19.127
130, 12.19, 0.00, 19.89, 19.23, 0.000, 0.000, 0.000, 10:28:19.127
131, 2.17, 0.00, 6.08, 4.56, 0.000, 0.000, 0.000, 10:28:19.128
132, 13.17, 0.00, 27.55, 15.34, 0.000, 0.000, 0.000, 10:28:19.128
133, 21.70, 0.00, 24.46, 28.79, 0.000, 0.000, 0.000, 10:28:19.129
134, 10.16, 0.00, 6.81, 14.96, 0.000, 0.000, 0.000, 10:28:19.129
135, -1.40, 0.00, 3.85, 7.58, 0.000, 0.000, 0.000, 10:28:19.130
136, 13.75, 0.00, 19.18, 17.40, 0.000, 0.000, 0.000, 10:28:19.131
137, 24.77, 0.00, 30.24, 34.66, 0.000, 0.000, 0.000, 10:28:19.131
138, 8.88, 0.00, 9.64, 17.10, 0.000, 0.000, 0.000, 10:28:19.132
139, 1.84, 0.00, 1.67, 4.44, 0.000, 0.000, 0.000, 10:28:19.132
140, 16.09, 0.00, 17.90, 20.18, 0.000, 0.000, 0.000, 10:28:19.132
141, 22.56, 0.00, 30.79, 31.59, 0.000, 0.000, 0.000, 10:28:19.133
142, 10.51, 0.00, 16.03, 17.66, 0.000, 0.000, 0.000, 10:28:19.133
143, -0.35, 0.00, -1.90, 7.85, 0.000, 0.000, 0.000, 10:28:19.134
144, 15.52, 0.00, 16.70, 21.09, 0.000, 0.000, 0.000, 10:28:19.134
145, 24.40, 0.00, 30.27, 31.28, 0.000, 0.000, 0.000, 10:28:19.135
146, 10.19, 0.00, 7.70, 18.66, 0.000, 0.000, 0.000, 10:28:19.135
147, 0.91, 0.00, 10.73, 10.33, 0.000, 0.000, 0.000, 10:28:19.152
148, 11.01, 0.00, 15.44, 16.12, 0.000, 0.000, 0.000, 10:28:19.153
149, 23.25, 0.00, 32.31, 31.18, 0.000, 0.000, 0.000, 10:28:19.154
150, 11.50, 0.00, 18.24, 14.62, 0.000, 0.000, 0.000, 10:28:19.154
151, 2.25, 0.00, -1.31, 7.35, 0.000, 0.000, 0.000, 10:28:19.159
152, 12.41, 0.00, 22.79, 20.77, 0.000, 0.000, 0.000, 10:28:19.160
153, 25.69, 0.00, 30.45, 30.87, 0.000, 0.000, 0.000, 10:28:19.169
154, 15.45, 0.00, 13.12, 17.30, 0.000, 0.000, 0.000, 10:28:19.170
155, 1.70, 0.00, -1.92, 7.34, 0.000, 0.000, 0.000, 10:28:19.171
156, 13.67, 0.00, 13.04, 17.50, 0.000, 0.000, 0.000, 10:28:19.171
157, 23.48, 0.00, 31.28, 27.60, 0.000, 0.000, 0.000, 10:28:19.184
158, 13.84, 0.00, 13.73, 19.48, 0.000, 0.000, 0.000, 10:28:19.184
159, 2.92, 0.00, 6.81, 7.70, 0.000, 0.000, 0.000, 10:28:19.199
160, 13.81, 0.00, 19.79, 15.11, 0.000, 0.000, 0.000, 10:28:19.200
161, 20.47, 0.00, 36.44, 32.45, 0.000, 0.000, 0.000, 10:28:19.200
162, 10.75, 0.00, 12.15, 16.72, 0.000, 0.000, 0.000, 10:28:19.200
163, 3.95, 0.00, 7.59, 1.66, 0.000, 0.000, 0.000, 10:28:19.214
164, 12.26, 0.00, 20.92, 19.57, 0.000, 0.000, 0.000, 10:28:19.214
165, 26.02, 0.00, 35.10, 33.46, 0.000, 0.000, 0.000, 10:28:19.228
166, 9.39, 0.00, 6.62, 16.25, 0.000, 0.000, 0.000, 10:28:19.229
167, 3.49, 0.00, -2.86, 5.33, 0.000, 0.000, 0.000, 10:28:19.229
168, 13.46, 0.00, 17.28, 19.93, 0.000, 0.000, 0.000, 10:28:19.230
169, 24.07, 0.00, 33.79, 33.65, 0.000, 0.000, 0.000, 10:28:19.244
170, 10.58, 0.00, 9.10, 15.75, 0.000, 0.000, 0.000, 10:28:19.245
171, 3.97, 0.00, 3.06, 7.12, 0.000, 0.000, 0.000, 10:28:19.259
172, 11.95, 0.00, 14.64, 15.38, 0.000, 0.000, 0.000, 10:28:19.259
173, 24.40, 0.00, 24.94, 32.24, 0.000, 0.000, 0.000, 10:28:19.260
174, 12.35, 0.00, 9.64, 16.95, 0.000, 0.000, 0.000, 10:28:19.261
175, 3.80, 0.00, 6.46, 3.63, 0.000, 0.000, 0.000, 10:28:19.274
176, 8.42, 0.00, 8.35, 16.75, 0.000, 0.000, 0.000, 10:28:19.274
177, 26.04, 0.00, 27.29, 26.84, 0.000, 0.000, 0.000, 10:28:19.289
178, 9.14, 0.00, 9.59, 13.24, 0.000, 0.000, 0.000, 10:28:19.289
179, 2.92, 0.00, -2.81, 3.90, 0.000, 0.000, 0.000, 10:28:19.289
180, 13.56, 0.00, 17.35, 18.75, 0.000, 0.000, 0.000, 10:28:19.289
181, 25.29, 0.00, 26.61, 35.62, 0.000, 0.000, 0.000, 10:28:19.305
182, 11.52, 0.00, 16.99, 16.26, 0.000, 0.000, 0.000, 10:28:19.305
183, 3.81, 0.00, 4.81, 4.23, 0.000, 0.000, 0.000, 10:28:19.320
184, 13.01, 0.00, 14.18, 20.89, 0.000, 0.000, 0.000, 10:28:19.320
185, 23.39, 0.00, 33.78, 31.44, 0.000, 0.000, 0.000, 10:28:19.320
186, 13.41, 0.00, 10.65, 11.88, 0.000, 0.000, 0.000, 10:28:19.321
187, 0.45, 0.00, 5.70, -1.44, 0.000, 0.000, 0.000, 10:28:19.336
188, 15.20, 0.00, 16.23, 19.88, 0.000, 0.000, 0.000, 10:28:19.339
189, 20.39, 0.00, 37.49, 32.53, 0.000, 0.000, 0.000, 10:28:19.352
190, 10.68, 0.00, 7.94, 14.19, 0.000, 0.000, 0.000, 10:28:19.354
191, 4.47, 0.00, 3.16, 5.84, 0.000, 0.000, 0.000, 10:28:19.354
192, 11.70, 0.00, 14.92, 23.23, 0.000, 0.000, 0.000, 10:28:19.354
193, 24.60, 0.00, 34.24, 32.20, 0.000, 0.000, 0.000, 10:28:19.364
194, 8.79, 0.00, 13.01, 12.69, 0.000, 0.000, 0.000, 10:28:19.364
195, 0.45, 0.00, -2.85, 7.26, 0.000, 0.000, 0.000, 10:28:19.380
196, 14.90, 0.00, 28.57, 18.49, 0.000, 0.000, 0.000, 10:28:19.380
197, 23.53, 0.00, 28.71, 33.30, 0.000, 0.000, 0.000, 10:28:19.380
198, 13.49, 0.00, 19.43, 16.67, 0.000, 0.000, 0.000, 10:28:19.380
199, 1.16, 0.00, -0.95, 3.07, 0.000, 0.000, 0.000, 10:28:19.398
200, 17.22, 0.00, 25.34, 18.31, 0.000, 0.000, 0.000, 10:28:19.398
0, 22.79, 0.00, 38.68, 26.87, 0.000, 0.000, 0.000, 10:28:19.399
1, 11.18, 0.00, 11.16, 15.71, 0.000, 0.000, 0.000, 10:28:19.409
2, -0.38, 0.00, -8.64, 4.55, 0.000, 0.000, 0.000, 10:28:19.410
3, 13.92, 0.00, 17.59, 21.32, 0.000, 0.000, 0.000, 10:28:19.424
4, 23.65, 0.00, 33.01, 31.10, 0.000, 0.000, 0.000, 10:28:19.424
5, 9.89, 0.00, 12.64, 17.67, 0.000, 0.000, 0.000, 10:28:19.425
6, 2.45, 0.00, -0.00, 7.82, 0.000, 0.000, 0.000, 10:28:19.426
7, 14.18, 0.00, 22.49, 20.29, 0.000, 0.000, 0.000, 10:28:19.440
8, 25.48, 0.00, 24.12, 29.05, 0.000, 0.000, 0.000, 10:28:19.440
9, 8.96, 0.00, 7.50, 10.74, 0.000, 0.000, 0.000, 10:28:19.454
10, 4.02, 0.00, 3.75, 7.42, 0.000, 0.000, 0.000, 10:28:19.455
11, 16.86, 0.00, 22.32, 17.39, 0.000, 0.000, 0.000, 10:28:19.456
12, 27.73, 0.00, 27.06, 30.80, 0.000, 0.000, 0.000, 10:28:19.457
13, 12.50, 0.00, 13.69, 13.35, 0.000, 0.000, 0.000, 10:28:19.469
14, 2.74, 0.00, 1.62, 7.28, 0.000, 0.000, 0.000, 10:28:19.469
15, 11.04, 0.00, 14.99, 17.67, 0.000, 0.000, 0.000, 10:28:19.484
16, 22.68, 0.00, 27.66, 31.28, 0.000, 0.000, 0.000, 10:28:19.484
17, 11.26, 0.00, 10.01, 20.33, 0.000, 0.000, 0.000, 10:28:19.485
18, 0.78, 0.00, 6.53, 5.69, 0.000, 0.000, 0.000, 10:28:19.485
19, 15.58, 0.00, 17.09, 21.30, 0.000, 0.000, 0.000, 10:28:19.500
20, 22.32, 0.00, 26.39, 28.05, 0.000, 0.000, 0.000, 10:28:19.500
21, 13.54, 0.00, 13.53, 17.05, 0.000, 0.000, 0.000, 10:28:19.529
22, 1.46, 0.00, 5.23, 9.22, 0.000, 0.000, 0.000, 10:28:19.530
23, 13.58, 0.00, 23.88, 22.23, 0.000, 0.000, 0.000, 10:28:19.530
24, 21.19, 0.00, 36.14, 30.68, 0.000, 0.000, 0.000, 10:28:19.530
25, 13.17, 0.00, 17.41, 16.29, 0.000, 0.000, 0.000, 10:28:19.530
26, 0.55, 0.00, -0.98, 4.30, 0.000, 0.000, 0.000, 10:28:19.530
27, 16.00, 0.00, 23.78, 15.81, 0.000, 0.000, 0.000, 10:28:19.531
28, 24.74, 0.00, 25.40, 31.08, 0.000, 0.000, 0.000, 10:28:19.531
29, 12.27, 0.00, 13.96, 12.88, 0.000, 0.000, 0.000, 10:28:19.545
30, 0.66, 0.00, 1.24, 2.74, 0.000, 0.000, 0.000, 10:28:19.545
31, 12.66, 0.00, 10.69, 21.77, 0.000, 0.000, 0.000, 10:28:19.559
32, 27.64, 0.00, 30.44, 33.44, 0.000, 0.000, 0.000, 10:28:19.559
33, 15.07, 0.00, 16.41, 19.43, 0.000, 0.000, 0.000, 10:28:19.574
34, -1.28, 0.00, -3.90, 3.32, 0.000, 0.000, 0.000, 10:28:19.575
35, 12.64, 0.00, 15.82, 19.74, 0.000, 0.000, 0.000, 10:28:19.575
36, 25.92, 0.00, 31.46, 34.70, 0.000, 0.000, 0.000, 10:28:19.575
37, 8.72, 0.00, 13.77, 17.62, 0.000, 0.000, 0.000, 10:28:19.589
38, 2.27, 0.00, 0.70, 8.01, 0.000, 0.000, 0.000, 10:28:19.590
39, 16.17, 0.00, 18.57, 22.68, 0.000, 0.000, 0.000, 10:28:19.606
40, 24.08, 0.00, 31.69, 30.84, 0.000, 0.000, 0.000, 10:28:19.606
41, 13.25, 0.00, 13.53, 17.97, 0.000, 0.000, 0.000, 10:28:19.606
42, 3.18, 0.00, 4.35, 2.53, 0.000, 0.000, 0.000, 10:28:19.606
43, 15.37, 0.00, 18.25, 21.65, 0.000, 0.000, 0.000, 10:28:19.621
44, 22.57, 0.00, 29.46, 28.54, 0.000, 0.000, 0.000, 10:28:19.621
45, 8.00, 0.00, 14.13, 15.71, 0.000, 0.000, 0.000, 10:28:19.634
46, 2.31, 0.00, 3.03, 4.68, 0.000, 0.000, 0.000, 10:28:19.635
47, 14.02, 0.00, 14.98, 14.72, 0.000, 0.000, 0.000, 10:28:19.638
48, 25.96, 0.00, 29.16, 28.62, 0.000, 0.000, 0.000, 10:28:19.638
49, 13.04, 0.00, 13.04, 16.57, 0.000, 0.000, 0.000, 10:28:19.648
50, 0.08, 0.00, -5.68, 4.08, 0.000, 0.000, 0.000, 10:28:19.649
51, 13.01, 0.00, 17.19, 17.79, 0.000, 0.000, 0.000, 10:28:19.663
52, 22.12, 0.00, 29.01, 28.65, 0.000, 0.000, 0.000, 10:28:19.664
53, 9.40, 0.00, 13.94, 14.92, 0.000, 0.000, 0.000, 10:28:19.664
54, 2.44, 0.00, 1.09, 3.52, 0.000, 0.000, 0.000, 10:28:19.664
55, 10.42, 0.00, 17.02, 19.81, 0.000, 0.000, 0.000, 10:28:19.681
56, 24.92, 0.00, 30.73, 31.28, 0.000, 0.000, 0.000, 10:28:19.681
57, 9.51, 0.00, 15.53, 18.47, 0.000, 0.000, 0.000, 10:28:19.695
58, -0.44, 0.00, -1.77, 6.04, 0.000, 0.000, 0.000, 10:28:19.695
59, 15.01, 0.00, 22.02, 20.44, 0.000, 0.000, 0.000, 10:28:19.696
60, 26.23, 0.00, 29.60, 30.90, 0.000, 0.000, 0.000, 10:28:19.696
61, 10.58, 0.00, 20.63, 14.00, 0.000, 0.000, 0.000, 10:28:19.709
62, 2.34, 0.00, 4.22, 2.00, 0.000, 0.000, 0.000, 10:28:19.709
63, 13.64, 0.00, 22.97, 19.05, 0.000, 0.000, 0.000, 10:28:19.723
64, 25.62, 0.00, 26.27, 32.19, 0.000, 0.000, 0.000, 10:28:19.724
65, 10.91, 0.00, 19.17, 16.18, 0.000, 0.000, 0.000, 10:28:19.724
66, 0.10, 0.00, 3.49, -0.79, 0.000, 0.000, 0.000, 10:28:19.724
67, 15.29, 0.00, 15.03, 20.85, 0.000, 0.000, 0.000, 10:28:19.738
68, 23.19, 0.00, 29.74, 30.74, 0.000, 0.000, 0.000, 10:28:19.739
69, 11.51, 0.00, 6.51, 11.79, 0.000, 0.000, 0.000, 10:28:19.753
70, -2.92, 0.00, -5.42, 2.66, 0.000, 0.000, 0.000, 10:28:19.754
71, 15.37, 0.00, 17.60, 24.59, 0.000, 0.000, 0.000, 10:28:19.754
72, 25.47, 0.00, 20.43, 32.75, 0.000, 0.000, 0.000, 10:28:19.754
73, 11.62, 0.00, 11.07, 15.54, 0.000, 0.000, 0.000, 10:28:19.768
74, 0.77, 0.00, 3.62, 3.96, 0.000, 0.000, 0.000, 10:28:19.769
75, 15.43, 0.00, 16.66, 20.27, 0.000, 0.000, 0.000, 10:28:19.785
76, 25.14, 0.00, 24.92, 30.74, 0.000, 0.000, 0.000, 10:28:19.785
77, 14.91, 0.00, 14.31, 18.93, 0.000, 0.000, 0.000, 10:28:19.786
78, 0.00, 0.00, -0.05, 1.37, 0.000, 0.000, 0.000, 10:28:19.786
79, 14.78, 0.00, 21.64, 20.99, 0.000, 0.000, 0.000, 10:28:19.802
80, 21.39, 0.00, 29.19, 30.91, 0.000, 0.000, 0.000, 10:28:19.804
81, 11.63, 0.00, 17.93, 15.04, 0.000, 0.000, 0.000, 10:28:19.820
82, 1.55, 0.00, 0.35, 8.73, 0.000, 0.000, 0.000, 10:28:19.820
83, 14.35, 0.00, 20.97, 14.17, 0.000, 0.000, 0.000, 10:28:19.821
84, 26.74, 0.00, 29.47, 31.91, 0.000, 0.000, 0.000, 10:28:19.821
85, 12.12, 0.00, 14.81, 21.52, 0.000, 0.000, 0.000, 10:28:19.829
86, 3.87, 0.00, -1.22, 3.49, 0.000, 0.000, 0.000, 10:28:19.829
87, 13.27, 0.00, 18.94, 20.51, 0.000, 0.000, 0.000, 10:28:19.844
88, 23.85, 0.00, 36.81, 31.87, 0.000, 0.000, 0.000, 10:28:19.845
89, 9.36, 0.00, 16.15, 15.23, 0.000, 0.000, 0.000, 10:28:19.846
90, 1.59, 0.00, -1.24, 5.42, 0.000, 0.000, 0.000, 10:28:19.846
91, 18.26, 0.00, 20.83, 19.69, 0.000, 0.000, 0.000, 10:28:19.859
92, 23.40, 0.00, 32.27, 32.07, 0.000, 0.000, 0.000, 10:28:19.863
93, 12.23, 0.00, 14.36, 12.64, 0.000, 0.000, 0.000, 10:28:19.874
94, 0.44, 0.00, 6.81, 6.35, 0.000, 0.000, 0.000, 10:28:19.874
95, 17.72, 0.00, 21.41, 21.29, 0.000, 0.000, 0.000, 10:28:19.874
96, 23.86, 0.00, 28.26, 30.85, 0.000, 0.000, 0.000, 10:28:19.875
97, 6.67, 0.00, 16.20, 15.47, 0.000, 0.000, 0.000, 10:28:19.889
98, -0.53, 0.00, 2.12, 4.04, 0.000, 0.000, 0.000, 10:28:19.889
99, 16.37, 0.00, 15.74, 19.35, 0.000, 0.000, 0.000, 10:28:19.904
100, 24.29, 0.00, 29.01, 29.65, 0.000, 0.000, 0.000, 10:28:19.904
101, 11.85, 0.00, 11.29, 13.94, 0.000, 0.000, 0.000, 10:28:19.905
102, -2.56, 0.00, -2.30, 4.89, 0.000, 0.000, 0.000, 10:28:19.905
103, 13.27, 0.00, 20.29, 21.12, 0.000, 0.000, 0.000, 10:28:19.920
104, 26.18, 0.00, 30.32, 31.26, 0.000, 0.000, 0.000, 10:28:19.920
105, 10.50, 0.00, 9.99, 14.71, 0.000, 0.000, 0.000, 10:28:19.934
106, 3.78, 0.00, 2.20, 4.41, 0.000, 0.000, 0.000, 10:28:19.934
107, 12.41, 0.00, 22.62, 22.64, 0.000, 0.000, 0.000, 10:28:19.935
108, 22.87, 0.00, 32.59, 31.88, 0.000, 0.000, 0.000, 10:28:19.935
109, 11.64, 0.00, 10.26, 13.71, 0.000, 0.000, 0.000, 10:28:19.949
110, 2.60, 0.00, 3.44, 2.15, 0.000, 0.000, 0.000, 10:28:19.949
111, 17.21, 0.00, 21.69, 20.20, 0.000, 0.000, 0.000, 10:28:19.965
112, 23.26, 0.00, 26.23, 30.37, 0.000, 0.000, 0.000, 10:28:19.965
113, 8.96, 0.00, 14.72, 15.01, 0.000, 0.000, 0.000, 10:28:19.971
114, 2.47, 0.00, 4.65, 8.01, 0.000, 0.000, 0.000, 10:28:19.972
115, 14.48, 0.00, 22.04, 23.39, 0.000, 0.000, 0.000, 10:28:19.980
116, 24.85, 0.00, 29.13, 31.00, 0.000, 0.000, 0.000, 10:28:19.981
117, 9.57, 0.00, 10.48, 14.87, 0.000, 0.000, 0.000, 10:28:19.995
118, 2.87, 0.00, -9.63, 3.60, 0.000, 0.000, 0.000, 10:28:19.995
119, 14.67, 0.00, 19.35, 20.95, 0.000, 0.000, 0.000, 10:28:19.996
120, 22.06, 0.00, 33.06, 31.78, 0.000, 0.000, 0.000, 10:28:19.996
121, 9.36, 0.00, 10.91, 13.22, 0.000, 0.000, 0.000, 10:28:20.009
122, 1.44, 0.00, -1.39, 5.89, 0.000, 0.000, 0.000, 10:28:20.010
123, 13.35, 0.00, 24.29, 22.88, 0.000, 0.000, 0.000, 10:28:20.024
124, 28.10, 0.00, 29.83, 26.24, 0.000, 0.000, 0.000, 10:28:20.024
125, 9.22, 0.00, 10.71, 13.41, 0.000, 0.000, 0.000, 10:28:20.025
126, 0.66, 0.00, 2.91, 4.17, 0.000, 0.000, 0.000, 10:28:20.025
127, 15.49, 0.00, 16.46, 19.78, 0.000, 0.000, 0.000, 10:28:20.039
128, 25.01, 0.00, 29.10, 32.84, 0.000, 0.000, 0.000, 10:28:20.039
129, 12.44, 0.00, 12.34, 14.39, 0.000, 0.000, 0.000, 10:28:20.054
130, 1.78, 0.00, -4.21, 4.35, 0.000, 0.000, 0.000, 10:28:20.054
131, 12.81, 0.00, 20.83, 20.00, 0.000, 0.000, 0.000, 10:28:20.054
132, 22.93, 0.00, 27.72, 27.59, 0.000, 0.000, 0.000, 10:28:20.054
133, 10.42, 0.00, 15.86, 18.84, 0.000, 0.000, 0.000, 10:28:20.068
134, 3.64, 0.00, 1.47, 7.95, 0.000, 0.000, 0.000, 10:28:20.069
135, 14.79, 0.00, 19.55, 23.71, 0.000, 0.000, 0.000, 10:28:20.084
136, 22.40, 0.00, 30.52, 33.94, 0.000, 0.000, 0.000, 10:28:20.084
137, 13.21, 0.00, 12.50, 16.62, 0.000, 0.000, 0.000, 10:28:20.084
138, 4.23, 0.00, 3.58, 8.00, 0.000, 0.000, 0.000, 10:28:20.084
139, 10.94, 0.00, 16.33, 17.74, 0.000, 0.000, 0.000, 10:28:20.099
140, 24.54, 0.00, 32.42, 33.03, 0.000, 0.000, 0.000, 10:28:20.099
141, 8.33, 0.00, 14.82, 14.59, 0.000, 0.000, 0.000, 10:28:20.114
142, -1.64, 0.00, 8.77, 4.29, 0.000, 0.000, 0.000, 10:28:20.115
143, 15.65, 0.00, 20.96, 20.73, 0.000, 0.000, 0.000, 10:28:20.115
144, 24.89, 0.00, 25.13, 29.51, 0.000, 0.000, 0.000, 10:28:20.115
145, 10.71, 0.00, 9.59, 13.94, 0.000, 0.000, 0.000, 10:28:20.128
146, 4.36, 0.00, 1.33, 6.12, 0.000, 0.000, 0.000, 10:28:20.130
147, 12.21, 0.00, 21.79, 21.30, 0.000, 0.000, 0.000, 10:28:20.144
148, 21.50, 0.00, 27.23, 26.03, 0.000, 0.000, 0.000, 10:28:20.144
149, 8.82, 0.00, 7.95, 16.38, 0.000, 0.000, 0.000, 10:28:20.144
150, 2.72, 0.00, -1.25, 4.71, 0.000, 0.000, 0.000, 10:28:20.145
151, 15.21, 0.00, 18.67, 19.85, 0.000, 0.000, 0.000, 10:28:20.158
152, 23.07, 0.00, 30.05, 32.89, 0.000, 0.000, 0.000, 10:28:20.159
153, 11.26, 0.00, 10.62, 15.62, 0.000, 0.000, 0.000, 10:28:20.173
154, 1.23, 0.00, 4.36, 7.68, 0.000, 0.000, 0.000, 10:28:20.173
155, 12.67, 0.00, 24.14, 19.90, 0.000, 0.000, 0.000, 10:28:20.174
156, 20.91, 0.00, 26.41, 30.07, 0.000, 0.000, 0.000, 10:28:20.174
157, 7.84, 0.00, 13.28, 14.69, 0.000, 0.000, 0.000, 10:28:20.189
158, 3.27, 0.00, 1.99, 5.49, 0.000, 0.000, 0.000, 10:28:20.190
159, 21.85, 0.00, 19.73, 21.75, 0.000, 0.000, 0.000, 10:28:20.205
160, 26.67, 0.00, 30.06, 33.90, 0.000, 0.000, 0.000, 10:28:20.205
161, 8.44, 0.00, 15.02, 16.63, 0.000, 0.000, 0.000, 10:28:20.205
162, 6.08, 0.00, 1.35, 4.14, 0.000, 0.000, 0.000, 10:28:20.206
163, 18.64, 0.00, 17.18, 21.96, 0.000, 0.000, 0.000, 10:28:20.219
164, 26.41, 0.00, 24.45, 30.38, 0.000, 0.000, 0.000, 10:28:20.220
165, 11.32, 0.00, 17.51, 15.37, 0.000, 0.000, 0.000, 10:28:20.234
166, -0.26, 0.00, -4.18, 5.56, 0.000, 0.000, 0.000, 10:28:20.234
167, 15.18, 0.00, 17.43, 22.84, 0.000, 0.000, 0.000, 10:28:20.235
168, 27.19, 0.00, 34.58, 32.24, 0.000, 0.000, 0.000, 10:28:20.235
169, 8.57, 0.00, 15.44, 14.71, 0.000, 0.000, 0.000, 10:28:20.249
170, 2.77, 0.00, 1.58, 5.46, 0.000, 0.000, 0.000, 10:28:20.249
171, 15.39, 0.00, 19.03, 22.51, 0.000, 0.000, 0.000, 10:28:20.265
172, 25.72, 0.00, 30.46, 31.01, 0.000, 0.000, 0.000, 10:28:20.265
173, 9.11, 0.00, 12.24, 15.57, 0.000, 0.000, 0.000, 10:28:20.266
174, 0.84, 0.00, -0.72, 4.78, 0.000, 0.000, 0.000, 10:28:20.266
175, 11.09, 0.00, 19.04, 23.49, 0.000, 0.000, 0.000, 10:28:20.281
176, 25.87, 0.00, 30.68, 34.07, 0.000, 0.000, 0.000, 10:28:20.282
177, 7.44, 0.00, 13.42, 12.83, 0.000, 0.000, 0.000, 10:28:20.295
178, -0.02, 0.00, 1.83, 3.71, 0.000, 0.000, 0.000, 10:28:20.295
179, 13.34, 0.00, 18.90, 19.73, 0.000, 0.000, 0.000, 10:28:20.296
180, 23.10, 0.00, 30.87, 26.87, 0.000, 0.000, 0.000, 10:28:20.297
181, 9.22, 0.00, 10.67, 12.34, 0.000, 0.000, 0.000, 10:28:20.309
182, 0.35, 0.00, 2.65, 4.02, 0.000, 0.000, 0.000, 10:28:20.309
183, 19.76, 0.00, 18.70, 21.30, 0.000, 0.000, 0.000, 10:28:20.324
184, 22.47, 0.00, 26.56, 30.33, 0.000, 0.000, 0.000, 10:28:20.324
185, 9.01, 0.00, 9.71, 12.24, 0.000, 0.000, 0.000, 10:28:20.325
186, 0.68, 0.00, -2.10, 6.87, 0.000, 0.000, 0.000, 10:28:20.325
187, 13.71, 0.00, 19.33, 19.43, 0.000, 0.000, 0.000, 10:28:20.354
188, 22.96, 0.00, 24.41, 31.94, 0.000, 0.000, 0.000, 10:28:20.354
189, 8.14, 0.00, 11.14, 15.65, 0.000, 0.000, 0.000, 10:28:20.355
190, -0.02, 0.00, 3.61, 0.30, 0.000, 0.000, 0.000, 10:28:20.355
191, 14.24, 0.00, 22.00, 19.02, 0.000, 0.000, 0.000, 10:28:20.361
192, 25.57, 0.00, 29.22, 29.93, 0.000, 0.000, 0.000, 10:28:20.362
193, 9.09, 0.00, 16.12, 17.01, 0.000, 0.000, 0.000, 10:28:20.368
194, 2.37, 0.00, 0.55, 8.62, 0.000, 0.000, 0.000, 10:28:20.369
195, 14.36, 0.00, 21.10, 24.20, 0.000, 0.000, 0.000, 10:28:20.399
196, 24.11, 0.00, 29.88, 32.45, 0.000, 0.000, 0.000, 10:28:20.399
197, 9.56, 0.00, 15.25, 12.73, 0.000, 0.000, 0.000, 10:28:20.399
198, 4.49, 0.00, 6.53, 1.60, 0.000, 0.000, 0.000, 10:28:20.400
199, 14.27, 0.00, 22.81, 19.94, 0.000, 0.000, 0.000, 10:28:20.400
200, 24.61, 0.00, 34.22, 32.79, 0.000, 0.000, 0.000, 10:28:20.400
0, 6.87, 0.00, 11.62, 13.89, 0.000, 0.000, 0.000, 10:28:20.436
1, -1.70, 0.00, 0.50, 8.30, 0.000, 0.000, 0.000, 10:28:20.436
2, 14.52, 0.00, 19.04, 23.30, 0.000, 0.000, 0.000, 10:28:20.437
3, 25.56, 0.00, 32.21, 31.54, 0.000, 0.000, 0.000, 10:28:20.438
4, 9.19, 0.00, 12.88, 11.62, 0.000, 0.000, 0.000, 10:28:20.438
5, -0.92, 0.00, 6.97, 9.72, 0.000, 0.000, 0.000, 10:28:20.438
6, 18.06, 0.00, 22.94, 23.16, 0.000, 0.000, 0.000, 10:28:20.438
7, 23.21, 0.00, 29.23, 32.77, 0.000, 0.000, 0.000, 10:28:20.445
8, 11.53, 0.00, 14.14, 13.26, 0.000, 0.000, 0.000, 10:28:20.445
9, 3.84, 0.00, 0.31, 4.45, 0.000, 0.000, 0.000, 10:28:20.459
10, 16.48, 0.00, 16.02, 25.11, 0.000, 0.000, 0.000, 10:28:20.459
11, 26.27, 0.00, 22.41, 28.13, 0.000, 0.000, 0.000, 10:28:20.460
12, 11.06, 0.00, 5.77, 12.64, 0.000, 0.000, 0.000, 10:28:20.461
13, 2.06, 0.00, 11.54, 4.56, 0.000, 0.000, 0.000, 10:28:20.473
14, 16.60, 0.00, 22.50, 20.58, 0.000, 0.000, 0.000, 10:28:20.474
15, 22.81, 0.00, 30.33, 29.72, 0.000, 0.000, 0.000, 10:28:20.489
16, 10.95, 0.00, 12.42, 11.12, 0.000, 0.000, 0.000, 10:28:20.489
17, 2.83, 0.00, 11.15, 5.88, 0.000, 0.000, 0.000, 10:28:20.489
18, 15.11, 0.00, 24.97, 21.78, 0.000, 0.000, 0.000, 10:28:20.489
19, 22.16, 0.00, 31.56, 33.88, 0.000, 0.000, 0.000, 10:28:20.504
20, 6.90, 0.00, -0.72, 9.82, 0.000, 0.000, 0.000, 10:28:20.504
21, 2.21, 0.00, 0.56, 7.88, 0.000, 0.000, 0.000, 10:28:20.520
22, 18.53, 0.00, 15.78, 23.91, 0.000, 0.000, 0.000, 10:28:20.520
23, 26.43, 0.00, 27.88, 33.56, 0.000, 0.000, 0.000, 10:28:20.520
24, 8.73, 0.00, 10.88, 15.06, 0.000, 0.000, 0.000, 10:28:20.520
25, 0.11, 0.00, -2.13, 3.40, 0.000, 0.000, 0.000, 10:28:20.534
26, 17.25, 0.00, 14.28, 18.33, 0.000, 0.000, 0.000, 10:28:20.535
27, 27.17, 0.00, 25.50, 28.68, 0.000, 0.000, 0.000, 10:28:20.549
28, 11.90, 0.00, 11.00, 10.84, 0.000, 0.000, 0.000, 10:28:20.549
29, -2.46, 0.00, 0.54, 5.21, 0.000, 0.000, 0.000, 10:28:20.549
30, 13.88, 0.00, 21.41, 22.01, 0.000, 0.000, 0.000, 10:28:20.550
31, 24.03, 0.00, 27.43, 34.66, 0.000, 0.000, 0.000, 10:28:20.566
32, 9.49, 0.00, 12.02, 12.22, 0.000, 0.000, 0.000, 10:28:20.566
33, 1.55, 0.00, 5.73, 7.44, 0.000, 0.000, 0.000, 10:28:20.579
34, 12.87, 0.00, 19.89, 18.58, 0.000, 0.000, 0.000, 10:28:20.580
35, 24.01, 0.00, 31.64, 30.95, 0.000, 0.000, 0.000, 10:28:20.580
36, 8.32, 0.00, 4.48, 11.90, 0.000, 0.000, 0.000, 10:28:20.580
37, 0.18, 0.00, 2.89, 7.46, 0.000, 0.000, 0.000, 10:28:20.595
38, 15.60, 0.00, 20.35, 20.58, 0.000, 0.000, 0.000, 10:28:20.596
39, 23.47, 0.00, 33.79, 31.81, 0.000, 0.000, 0.000, 10:28:20.609
40, 11.55, 0.00, 12.39, 14.67, 0.000, 0.000, 0.000, 10:28:20.610
41, 2.66, 0.00, 2.79, 4.29, 0.000, 0.000, 0.000, 10:28:20.612
42, 18.33, 0.00, 22.02, 24.13, 0.000, 0.000, 0.000, 10:28:20.612
43, 21.53, 0.00, 17.73, 33.24, 0.000, 0.000, 0.000, 10:28:20.624
44, 5.74, 0.00, 1.34, 11.58, 0.000, 0.000, 0.000, 10:28:20.624
45, 0.06, 0.00, 12.33, 3.48, 0.000, 0.000, 0.000, 10:28:20.639
46, 17.56, 0.00, 27.29, 21.83, 0.000, 0.000, 0.000, 10:28:20.639
47, 21.10, 0.00, 31.03, 28.82, 0.000, 0.000, 0.000, 10:28:20.639
48, 10.12, 0.00, 10.69, 9.55, 0.000, 0.000, 0.000, 10:28:20.639
49, 0.77, 0.00, -3.16, 1.62, 0.000, 0.000, 0.000, 10:28:20.654
50, 16.91, 0.00, 22.34, 23.34, 0.000, 0.000, 0.000, 10:28:20.654
51, 25.33, 0.00, 34.12, 32.64, 0.000, 0.000, 0.000, 10:28:20.669
52, 8.20, 0.00, 12.09, 16.38, 0.000, 0.000, 0.000, 10:28:20.669
53, 2.85, 0.00, 5.64, 4.84, 0.000, 0.000, 0.000, 10:28:20.670
54, 17.44, 0.00, 17.90, 22.52, 0.000, 0.000, 0.000, 10:28:20.670
55, 25.91, 0.00, 28.69, 31.14, 0.000, 0.000, 0.000, 10:28:20.684
56, 8.86, 0.00, 12.41, 10.71, 0.000, 0.000, 0.000, 10:28:20.685
57, 5.08, 0.00, 3.03, 4.67, 0.000, 0.000, 0.000, 10:28:20.699
58, 15.57, 0.00, 23.44, 22.71, 0.000, 0.000, 0.000, 10:28:20.699
59, 25.61, 0.00, 30.64, 29.02, 0.000, 0.000, 0.000, 10:28:20.700
60, 6.18, 0.00, 9.17, 12.84, 0.000, 0.000, 0.000, 10:28:20.700
61, 0.44, 0.00, 2.63, 6.64, 0.000, 0.000, 0.000, 10:28:20.714
62, 16.09, 0.00, 24.15, 23.64, 0.000, 0.000, 0.000, 10:28:20.714
63, 23.64, 0.00, 28.99, 33.69, 0.000, 0.000, 0.000, 10:28:20.729
64, 12.09, 0.00, 3.10, 15.69, 0.000, 0.000, 0.000, 10:28:20.731
65, -0.58, 0.00, 6.89, 6.68, 0.000, 0.000, 0.000, 10:28:20.733
66, 16.86, 0.00, 23.35, 23.65, 0.000, 0.000, 0.000, 10:28:20.733
67, 23.21, 0.00, 26.28, 31.47, 0.000, 0.000, 0.000, 10:28:20.745
68, 12.94, 0.00, 10.60, 15.64, 0.000, 0.000, 0.000, 10:28:20.746
69, 1.51, 0.00, 2.95, 8.29, 0.000, 0.000, 0.000, 10:28:20.758
70, 15.77, 0.00, 23.09, 27.87, 0.000, 0.000, 0.000, 10:28:20.758
71, 23.96, 0.00, 28.97, 32.68, 0.000, 0.000, 0.000, 10:28:20.759
72, 9.22, 0.00, 12.56, 15.47, 0.000, 0.000, 0.000, 10:28:20.761
73, 4.01, 0.00, -1.81, 0.14, 0.000, 0.000, 0.000, 10:28:20.774
74, 16.43, 0.00, 23.88, 22.50, 0.000, 0.000, 0.000, 10:28:20.774
75, 25.80, 0.00, 33.48, 29.76, 0.000, 0.000, 0.000, 10:28:20.788
76, 9.27, 0.00, 5.99, 12.32, 0.000, 0.000, 0.000, 10:28:20.788
77, 1.15, 0.00, -3.23, 5.18, 0.000, 0.000, 0.000, 10:28:20.789
78, 18.62, 0.00, 21.04, 20.83, 0.000, 0.000, 0.000, 10:28:20.789
79, 25.44, 0.00, 32.19, 31.26, 0.000, 0.000, 0.000, 10:28:20.804
80, 7.12, 0.00, 10.27, 14.16, 0.000, 0.000, 0.000, 10:28:20.804
81, 0.97, 0.00, -3.63, 5.01, 0.000, 0.000, 0.000, 10:28:20.819
82, 17.83, 0.00, 26.38, 24.27, 0.000, 0.000, 0.000, 10:28:20.819
83, 22.35, 0.00, 33.34, 31.79, 0.000, 0.000, 0.000, 10:28:20.819
84, 10.51, 0.00, 14.57, 11.54, 0.000, 0.000, 0.000, 10:28:20.820
85, 0.07, 0.00, -4.60, 4.11, 0.000, 0.000, 0.000, 10:28:20.834
86, 17.48, 0.00, 20.60, 22.04, 0.000, 0.000, 0.000, 10:28:20.834
87, 25.90, 0.00, 25.19, 33.19, 0.000, 0.000, 0.000, 10:28:20.849
88, 9.17, 0.00, 10.74, 15.31, 0.000, 0.000, 0.000, 10:28:20.849
89, 5.14, 0.00, 5.42, 5.57, 0.000, 0.000, 0.000, 10:28:20.850
90, 13.63, 0.00, 24.25, 19.38, 0.000, 0.000, 0.000, 10:28:20.850
91, 26.76, 0.00, 26.54, 33.86, 0.000, 0.000, 0.000, 10:28:20.870
92, 7.32, 0.00, 9.55, 8.45, 0.000, 0.000, 0.000, 10:28:20.871
93, 3.58, 0.00, 3.43, 3.28, 0.000, 0.000, 0.000, 10:28:20.879
94, 12.14, 0.00, 25.56, 21.87, 0.000, 0.000, 0.000, 10:28:20.879
95, 26.66, 0.00, 33.93, 29.18, 0.000, 0.000, 0.000, 10:28:20.881
96, 6.54, 0.00, 3.86, 13.99, 0.000, 0.000, 0.000, 10:28:20.882
97, 1.63, 0.00, 0.40, 2.93, 0.000, 0.000, 0.000, 10:28:20.895
98, 16.52, 0.00, 15.85, 21.52, 0.000, 0.000, 0.000, 10:28:20.895
99, 20.72, 0.00, 28.57, 30.51, 0.000, 0.000, 0.000, 10:28:20.909
100, 11.51, 0.00, 5.91, 12.09, 0.000, 0.000, 0.000, 10:28:20.909
101, 3.12, 0.00, 3.88, 6.77, 0.000, 0.000, 0.000, 10:28:20.911
102, 15.24, 0.00, 19.96, 22.83, 0.000, 0.000, 0.000, 10:28:20.911
103, 23.40, 0.00, 28.60, 27.96, 0.000, 0.000, 0.000, 10:28:20.924
104, 8.02, 0.00, 11.34, 13.26, 0.000, 0.000, 0.000, 10:28:20.924
105, -1.64, 0.00, 1.27, 4.60, 0.000, 0.000, 0.000, 10:28:20.939
106, 14.13, 0.00, 21.83, 23.91, 0.000, 0.000, 0.000, 10:28:20.939
107, 26.10, 0.00, 32.05, 36.36, 0.000, 0.000, 0.000, 10:28:20.939
108, 9.65, 0.00, 12.97, 15.63, 0.000, 0.000, 0.000, 10:28:20.939
109, 0.53, 0.00, 1.43, 6.37, 0.000, 0.000, 0.000, 10:28:20.954
110, 14.57, 0.00, 24.22, 23.76, 0.000, 0.000, 0.000, 10:28:20.954
111, 23.75, 0.00, 27.27, 29.12, 0.000, 0.000, 0.000, 10:28:20.969
112, 9.45, 0.00, 13.79, 13.19, 0.000, 0.000, 0.000, 10:28:20.969
113, 2.46, 0.00, 0.34, 4.63, 0.000, 0.000, 0.000, 10:28:20.969
114, 12.81, 0.00, 23.90, 24.25, 0.000, 0.000, 0.000, 10:28:20.969
115, 27.41, 0.00, 32.86, 29.27, 0.000, 0.000, 0.000, 10:28:20.984
116, 5.66, 0.00, 9.12, 7.87, 0.000, 0.000, 0.000, 10:28:20.984
117, 0.60, 0.00, 0.43, 5.28, 0.000, 0.000, 0.000, 10:28:20.998
118, 18.56, 0.00, 15.66, 22.26, 0.000, 0.000, 0.000, 10:28:20.999
119, 25.51, 0.00, 30.41, 33.18, 0.000, 0.000, 0.000, 10:28:20.999
120, 8.30, 0.00, 9.21, 13.18, 0.000, 0.000, 0.000, 10:28:21.000
121, 4.09, 0.00, 1.08, 6.63, 0.000, 0.000, 0.000, 10:28:21.016
122, 17.55, 0.00, 20.12, 23.63, 0.000, 0.000, 0.000, 10:28:21.016
123, 20.93, 0.00, 30.50, 31.14, 0.000, 0.000, 0.000, 10:28:21.029
124, 8.49, 0.00, 14.65, 12.03, 0.000, 0.000, 0.000, 10:28:21.029
125, -3.15, 0.00, 0.92, 3.50, 0.000, 0.000, 0.000, 10:28:21.031
126, 12.21, 0.00, 20.42, 22.06, 0.000, 0.000, 0.000, 10:28:21.032
127, 25.14, 0.00, 28.46, 30.28, 0.000, 0.000, 0.000, 10:28:21.045
128, 10.22, 0.00, 14.89, 14.62, 0.000, 0.000, 0.000, 10:28:21.045
129, 2.54, 0.00, 2.49, 5.04, 0.000, 0.000, 0.000, 10:28:21.059
130, 10.19, 0.00, 21.41, 18.45, 0.000, 0.000, 0.000, 10:28:21.059
131, 24.67, 0.00, 29.78, 32.30, 0.000, 0.000, 0.000, 10:28:21.061
132, 10.46, 0.00, 10.83, 15.63, 0.000, 0.000, 0.000, 10:28:21.061
133, -0.89, 0.00, 0.11, 7.25, 0.000, 0.000, 0.000, 10:28:21.074
134, 21.55, 0.00, 21.43, 20.12, 0.000, 0.000, 0.000, 10:28:21.074
135, 22.78, 0.00, 26.93, 29.00, 0.000, 0.000, 0.000, 10:28:21.089
136, 8.59, 0.00, 10.74, 13.42, 0.000, 0.000, 0.000, 10:28:21.090
137, 3.74, 0.00, 5.02, 10.91, 0.000, 0.000, 0.000, 10:28:21.090
138, 16.81, 0.00, 20.27, 17.90, 0.000, 0.000, 0.000, 10:28:21.090
139, 24.44, 0.00, 26.99, 29.27, 0.000, 0.000, 0.000, 10:28:21.104
140, 11.05, 0.00, 9.23, 17.82, 0.000, 0.000, 0.000, 10:28:21.104
141, 3.65, 0.00, 2.75, 9.60, 0.000, 0.000, 0.000, 10:28:21.119
142, 19.15, 0.00, 22.39, 22.81, 0.000, 0.000, 0.000, 10:28:21.120
143, 28.43, 0.00, 29.76, 33.30, 0.000, 0.000, 0.000, 10:28:21.120
144, 5.94, 0.00, 8.49, 11.33, 0.000, 0.000, 0.000, 10:28:21.120
145, 0.96, 0.00, 3.00, 4.65, 0.000, 0.000, 0.000, 10:28:21.134
146, 16.72, 0.00, 25.90, 26.32, 0.000, 0.000, 0.000, 10:28:21.135
147, 25.69, 0.00, 30.98, 34.13, 0.000, 0.000, 0.000, 10:28:21.150
148, 7.69, 0.00, 15.50, 9.06, 0.000, 0.000, 0.000, 10:28:21.150
149, -2.12, 0.00, 0.20, 7.43, 0.000, 0.000, 0.000, 10:28:21.150
150, 12.80, 0.00, 18.65, 22.27, 0.000, 0.000, 0.000, 10:28:21.150
151, 26.16, 0.00, 28.62, 35.64, 0.000, 0.000, 0.000, 10:28:21.166
152, 10.32, 0.00, 7.00, 15.09, 0.000, 0.000, 0.000, 10:28:21.166
153, -0.28, 0.00, 7.63, 6.46, 0.000, 0.000, 0.000, 10:28:21.179
154, 17.69, 0.00, 26.33, 20.86, 0.000, 0.000, 0.000, 10:28:21.180
155, 28.86, 0.00, 22.78, 35.53, 0.000, 0.000, 0.000, 10:28:21.182
156, 9.47, 0.00, 1.38, 8.24, 0.000, 0.000, 0.000, 10:28:21.183
157, 3.32, 0.00, 2.62, 5.74, 0.000, 0.000, 0.000, 10:28:21.195
158, 16.69, 0.00, 19.08, 20.46, 0.000, 0.000, 0.000, 10:28:21.195
159, 24.31, 0.00, 32.09, 31.14, 0.000, 0.000, 0.000, 10:28:21.224
160, 5.82, 0.00, 4.35, 11.44, 0.000, 0.000, 0.000, 10:28:21.224
161, 0.00, 0.00, 5.27, 6.30, 0.000, 0.000, 0.000, 10:28:21.224
162, 15.36, 0.00, 22.24, 20.46, 0.000, 0.000, 0.000, 10:28:21.224
163, 22.73, 0.00, 20.67, 29.87, 0.000, 0.000, 0.000, 10:28:21.225
164, 11.12, 0.00, 9.96, 12.37, 0.000, 0.000, 0.000, 10:28:21.225
165, -0.29, 0.00, 5.53, 1.58, 0.000, 0.000, 0.000, 10:28:21.226
166, 18.27, 0.00, 7.46, 22.27, 0.000, 0.000, 0.000, 10:28:21.226
167, 22.35, 0.00, 30.76, 27.46, 0.000, 0.000, 0.000, 10:28:21.239
168, 7.01, 0.00, 7.67, 11.07, 0.000, 0.000, 0.000, 10:28:21.239
169, -0.22, 0.00, 5.91, 3.14, 0.000, 0.000, 0.000, 10:28:21.265
170, 17.74, 0.00, 25.52, 23.76, 0.000, 0.000, 0.000, 10:28:21.266
171, 21.52, 0.00, 29.28, 26.98, 0.000, 0.000, 0.000, 10:28:21.286
172, 8.17, 0.00, 18.25, 10.82, 0.000, 0.000, 0.000, 10:28:21.286
173, 0.24, 0.00, 6.48, 4.65, 0.000, 0.000, 0.000, 10:28:21.287
174, 17.31, 0.00, 24.26, 22.58, 0.000, 0.000, 0.000, 10:28:21.287
175, 25.18, 0.00, 20.23, 32.66, 0.000, 0.000, 0.000, 10:28:21.288
176, 10.66, 0.00, 9.82, 13.37, 0.000, 0.000, 0.000, 10:28:21.288
177, 0.70, 0.00, 4.83, 2.78, 0.000, 0.000, 0.000, 10:28:21.288
178, 14.78, 0.00, 21.08, 24.84, 0.000, 0.000, 0.000, 10:28:21.288
179, 24.00, 0.00, 30.86, 33.32, 0.000, 0.000, 0.000, 10:28:21.300
180, 7.27, 0.00, -0.54, 12.90, 0.000, 0.000, 0.000, 10:28:21.300
181, 1.33, 0.00, 1.50, 8.87, 0.000, 0.000, 0.000, 10:28:21.316
182, 19.24, 0.00, 24.20, 24.37, 0.000, 0.000, 0.000, 10:28:21.316
183, 27.36, 0.00, 24.67, 30.86, 0.000, 0.000, 0.000, 10:28:21.329
184, 6.10, 0.00, 9.53, 15.24, 0.000, 0.000, 0.000, 10:28:21.329
185, 1.53, 0.00, 0.01, 3.86, 0.000, 0.000, 0.000, 10:28:21.330
186, 14.87, 0.00, 24.52, 19.82, 0.000, 0.000, 0.000, 10:28:21.331
187, 24.51, 0.00, 32.95, 28.83, 0.000, 0.000, 0.000, 10:28:21.344
188, 13.15, 0.00, 18.52, 15.57, 0.000, 0.000, 0.000, 10:28:21.344
189, -0.11, 0.00, 1.63, 5.57, 0.000, 0.000, 0.000, 10:28:21.373
190, 19.49, 0.00, 26.43, 23.64, 0.000, 0.000, 0.000, 10:28:21.374
191, 24.43, 0.00, 33.55, 29.12, 0.000, 0.000, 0.000, 10:28:21.374
192, 5.08, 0.00, 10.14, 14.27, 0.000, 0.000, 0.000, 10:28:21.374
193, 4.20, 0.00, 4.18, 5.07, 0.000, 0.000, 0.000, 10:28:21.374
194, 19.69, 0.00, 26.10, 24.44, 0.000, 0.000, 0.000, 10:28:21.375
195, 27.18, 0.00, 30.89, 34.55, 0.000, 0.000, 0.000, 10:28:21.375
196, 10.97, 0.00, 10.47, 12.53, 0.000, 0.000, 0.000, 10:28:21.376
197, 1.13, 0.00, 1.15, 10.53, 0.000, 0.000, 0.000, 10:28:21.389
198, 16.76, 0.00, 21.87, 22.29, 0.000, 0.000, 0.000, 10:28:21.389
199, 23.80, 0.00, 28.94, 29.58, 0.000, 0.000, 0.000, 10:28:21.404
200, 3.31, 0.00, 14.26, 15.87, 0.000, 0.000, 0.000, 10:28:21.404
0, -3.58, 0.00, -3.16, 4.37, 0.000, 0.000, 0.000, 10:28:21.405
1, 19.02, 0.00, 21.76, 21.23, 0.000, 0.000, 0.000, 10:28:21.418
2, 25.69, 0.00, 26.49, 30.50, 0.000, 0.000, 0.000, 10:28:21.419
3, 6.13, 0.00, 10.13, 10.28, 0.000, 0.000, 0.000, 10:28:21.433
4, 1.86, 0.00, -0.52, 3.35, 0.000, 0.000, 0.000, 10:28:21.434
5, 18.61, 0.00, 20.96, 24.21, 0.000, 0.000, 0.000, 10:28:21.434
6, 27.28, 0.00, 28.28, 28.29, 0.000, 0.000, 0.000, 10:28:21.434
7, 10.89, 0.00, 13.35, 9.91, 0.000, 0.000, 0.000, 10:28:21.449
8, 4.06, 0.00, -1.23, 5.01, 0.000, 0.000, 0.000, 10:28:21.449
9, 15.39, 0.00, 24.07, 28.60, 0.000, 0.000, 0.000, 10:28:21.466
10, 23.39, 0.00, 30.29, 32.12, 0.000, 0.000, 0.000, 10:28:21.466
11, 7.46, 0.00, 7.12, 11.73, 0.000, 0.000, 0.000, 10:28:21.467
12, -0.48, 0.00, 2.10, 1.23, 0.000, 0.000, 0.000, 10:28:21.467
13, 17.79, 0.00, 24.70, 22.23, 0.000, 0.000, 0.000, 10:28:21.481
14, 25.14, 0.00, 30.08, 30.68, 0.000, 0.000, 0.000, 10:28:21.484
15, 4.29, 0.00, 5.02, 12.52, 0.000, 0.000, 0.000, 10:28:21.495
16, -2.65, 0.00, 2.81, 5.62, 0.000, 0.000, 0.000, 10:28:21.495
17, 16.53, 0.00, 21.64, 26.95, 0.000, 0.000, 0.000, 10:28:21.496
18, 28.98, 0.00, 24.82, 32.28, 0.000, 0.000, 0.000, 10:28:21.498
19, 4.98, 0.00, 14.43, 14.21, 0.000, 0.000, 0.000, 10:28:21.509
20, 0.61, 0.00, 6.60, 5.84, 0.000, 0.000, 0.000, 10:28:21.509
21, 16.91, 0.00, 22.58, 25.60, 0.000, 0.000, 0.000, 10:28:21.523
22, 23.46, 0.00, 30.64, 25.09, 0.000, 0.000, 0.000, 10:28:21.524
23, 3.42, 0.00, 7.89, 10.47, 0.000, 0.000, 0.000, 10:28:21.524
24, 2.79, 0.00, 2.63, 4.86, 0.000, 0.000, 0.000, 10:28:21.524
25, 18.28, 0.00, 21.27, 22.69, 0.000, 0.000, 0.000, 10:28:21.538
26, 25.38, 0.00, 29.88, 34.95, 0.000, 0.000, 0.000, 10:28:21.539
27, 10.12, 0.00, 12.35, 14.45, 0.000, 0.000, 0.000, 10:28:21.553
28, 3.01, 0.00, -1.05, 7.94, 0.000, 0.000, 0.000, 10:28:21.554
29, 17.50, 0.00, 17.44, 21.55, 0.000, 0.000, 0.000, 10:28:21.554
30, 26.51, 0.00, 37.23, 31.39, 0.000, 0.000, 0.000, 10:28:21.554
31, 2.79, 0.00, 5.77, 12.72, 0.000, 0.000, 0.000, 10:28:21.569
32, 2.18, 0.00, 0.37, 5.28, 0.000, 0.000, 0.000, 10:28:21.569
33, 18.34, 0.00, 22.75, 25.07, 0.000, 0.000, 0.000, 10:28:21.583
34, 24.77, 0.00, 27.63, 29.57, 0.000, 0.000, 0.000, 10:28:21.584
35, 6.25, 0.00, 9.22, 10.88, 0.000, 0.000, 0.000, 10:28:21.584
36, 4.27, 0.00, 5.29, 5.48, 0.000, 0.000, 0.000, 10:28:21.584
37, 20.23, 0.00, 25.85, 21.13, 0.000, 0.000, 0.000, 10:28:21.600
38, 24.04, 0.00, 34.44, 28.13, 0.000, 0.000, 0.000, 10:28:21.600
39, 5.60, 0.00, 8.64, 12.14, 0.000, 0.000, 0.000, 10:28:21.616
40, -1.04, 0.00, 0.99, 4.41, 0.000, 0.000, 0.000, 10:28:21.616
41, 17.62, 0.00, 20.36, 23.59, 0.000, 0.000, 0.000, 10:28:21.616
42, 21.34, 0.00, 31.07, 30.22, 0.000, 0.000, 0.000, 10:28:21.616
43, 6.87, 0.00, 9.12, 11.23, 0.000, 0.000, 0.000, 10:28:21.644
44, 1.66, 0.00, 0.72, 2.03, 0.000, 0.000, 0.000, 10:28:21.644
45, 17.74, 0.00, 24.49, 28.54, 0.000, 0.000, 0.000, 10:28:21.645
46, 28.67, 0.00, 32.19, 30.75, 0.000, 0.000, 0.000, 10:28:21.645
47, 9.28, 0.00, 2.24, 11.21, 0.000, 0.000, 0.000, 10:28:21.645
48, 1.23, 0.00, 1.87, 6.09, 0.000, 0.000, 0.000, 10:28:21.646
49, 14.21, 0.00, 30.09, 21.22, 0.000, 0.000, 0.000, 10:28:21.659
50, 22.95, 0.00, 28.31, 34.35, 0.000, 0.000, 0.000, 10:28:21.660
51, 7.90, 0.00, 9.71, 14.01, 0.000, 0.000, 0.000, 10:28:21.673
52, -0.69, 0.00, 1.71, 2.28, 0.000, 0.000, 0.000, 10:28:21.674
53, 17.45, 0.00, 24.13, 26.45, 0.000, 0.000, 0.000, 10:28:21.674
54, 28.39, 0.00, 27.39, 32.46, 0.000, 0.000, 0.000, 10:28:21.674
55, 11.14, 0.00, 9.27, 8.68, 0.000, 0.000, 0.000, 10:28:21.689
56, 4.44, 0.00, 5.13, 5.40, 0.000, 0.000, 0.000, 10:28:21.689
57, 16.67, 0.00, 22.95, 24.43, 0.000, 0.000, 0.000, 10:28:21.704
58, 21.62, 0.00, 27.99, 31.06, 0.000, 0.000, 0.000, 10:28:21.704
59, 5.42, 0.00, 9.99, 13.11, 0.000, 0.000, 0.000, 10:28:21.704
60, 2.49, 0.00, -0.94, 6.53, 0.000, 0.000, 0.000, 10:28:21.705
61, 19.00, 0.00, 25.57, 26.02, 0.000, 0.000, 0.000, 10:28:21.719
62, 21.53, 0.00, 25.65, 31.07, 0.000, 0.000, 0.000, 10:28:21.719
63, 7.47, 0.00, 6.43, 11.99, 0.000, 0.000, 0.000, 10:28:21.734
64, 5.77, 0.00, 4.14, 5.83, 0.000, 0.000, 0.000, 10:28:21.735
65, 18.25, 0.00, 21.55, 26.21, 0.000, 0.000, 0.000, 10:28:21.735
66, 24.03, 0.00, 31.81, 35.12, 0.000, 0.000, 0.000, 10:28:21.735
67, 13.13, 0.00, 9.68, 11.81, 0.000, 0.000, 0.000, 10:28:21.749
68, -2.05, 0.00, 2.63, 1.51, 0.000, 0.000, 0.000, 10:28:21.749
69, 17.73, 0.00, 25.96, 22.21, 0.000, 0.000, 0.000, 10:28:21.765
70, 23.16, 0.00, 30.76, 31.95, 0.000, 0.000, 0.000, 10:28:21.765
71, 10.72, 0.00, 19.48, 11.19, 0.000, 0.000, 0.000, 10:28:21.765
72, 2.97, 0.00, 5.63, 5.67, 0.000, 0.000, 0.000, 10:28:21.765
73, 16.74, 0.00, 15.17, 24.79, 0.000, 0.000, 0.000, 10:28:21.784
74, 25.57, 0.00, 34.60, 32.02, 0.000, 0.000, 0.000, 10:28:21.785
75, 8.65, 0.00, 11.83, 10.92, 0.000, 0.000, 0.000, 10:28:21.798
76, -0.56, 0.00, -0.15, 3.47, 0.000, 0.000, 0.000, 10:28:21.798
77, 16.51, 0.00, 16.62, 25.24, 0.000, 0.000, 0.000, 10:28:21.799
78, 26.12, 0.00, 29.69, 29.23, 0.000, 0.000, 0.000, 10:28:21.799
79, 7.01, 0.00, -1.56, 11.01, 0.000, 0.000, 0.000, 10:28:21.809
80, 3.86, 0.00, -1.72, 7.48, 0.000, 0.000, 0.000, 10:28:21.809
81, 16.82, 0.00, 17.33, 26.31, 0.000, 0.000, 0.000, 10:28:21.823
82, 25.54, 0.00, 24.92, 29.33, 0.000, 0.000, 0.000, 10:28:21.824
83, 5.68, 0.00, 11.17, 13.45, 0.000, 0.000, 0.000, 10:28:21.825
84, -2.13, 0.00, 1.12, 7.38, 0.000, 0.000, 0.000, 10:28:21.825
85, 14.49, 0.00, 25.19, 24.85, 0.000, 0.000, 0.000, 10:28:21.838
86, 23.93, 0.00, 27.49, 31.72, 0.000, 0.000, 0.000, 10:28:21.838
87, 7.68, 0.00, 9.36, 11.43, 0.000, 0.000, 0.000, 10:28:21.853
88, 2.29, 0.00, 3.18, 6.23, 0.000, 0.000, 0.000, 10:28:21.854
89, 19.86, 0.00, 23.90, 24.19, 0.000, 0.000, 0.000, 10:28:21.858
90, 21.73, 0.00, 28.20, 30.18, 0.000, 0.000, 0.000, 10:28:21.859
91, 3.75, 0.00, 9.21, 8.72, 0.000, 0.000, 0.000, 10:28:21.885
92, 0.78, 0.00, -4.48, 4.69, 0.000, 0.000, 0.000, 10:28:21.886
93, 16.47, 0.00, 14.67, 24.85, 0.000, 0.000, 0.000, 10:28:21.886
94, 25.31, 0.00, 34.28, 32.16, 0.000, 0.000, 0.000, 10:28:21.886
95, 6.94, 0.00, 10.35, 10.97, 0.000, 0.000, 0.000, 10:28:21.886
96, 0.79, 0.00, 7.25, 4.15, 0.000, 0.000, 0.000, 10:28:21.886
97, 17.27, 0.00, 26.57, 23.19, 0.000, 0.000, 0.000, 10:28:21.899
98, 26.24, 0.00, 31.39, 31.19, 0.000, 0.000, 0.000, 10:28:21.899
99, 3.74, 0.00, 9.37, 5.64, 0.000, 0.000, 0.000, 10:28:21.915
100, 4.74, 0.00, 1.59, 4.47, 0.000, 0.000, 0.000, 10:28:21.916
101, 17.20, 0.00, 33.80, 25.02, 0.000, 0.000, 0.000, 10:28:21.916
102, 28.16, 0.00, 33.46, 31.56, 0.000, 0.000, 0.000, 10:28:21.916
103, 3.45, 0.00, 12.71, 7.33, 0.000, 0.000, 0.000, 10:28:21.929
104, 3.80, 0.00, -7.65, 6.57, 0.000, 0.000, 0.000, 10:28:21.930
105, 20.83, 0.00, 31.91, 25.21, 0.000, 0.000, 0.000, 10:28:21.944
106, 23.77, 0.00, 22.47, 29.75, 0.000, 0.000, 0.000, 10:28:21.944
107, 9.90, 0.00, 9.61, 11.83, 0.000, 0.000, 0.000, 10:28:21.945
108, 1.44, 0.00, 4.58, 6.81, 0.000, 0.000, 0.000, 10:28:21.945
109, 19.78, 0.00, 23.42, 27.15, 0.000, 0.000, 0.000, 10:28:21.958
110, 21.49, 0.00, 23.57, 28.21, 0.000, 0.000, 0.000, 10:28:21.959
111, 6.77, 0.00, 10.34, 7.33, 0.000, 0.000, 0.000, 10:28:21.974
112, 1.59, 0.00, 1.05, 7.50, 0.000, 0.000, 0.000, 10:28:21.974
113, 23.07, 0.00, 22.13, 26.11, 0.000, 0.000, 0.000, 10:28:21.974
114, 23.82, 0.00, 32.74, 32.50, 0.000, 0.000, 0.000, 10:28:21.974
115, 8.96, 0.00, 16.39, 9.52, 0.000, 0.000, 0.000, 10:28:21.995
116, 0.11, 0.00, 2.54, 3.98, 0.000, 0.000, 0.000, 10:28:21.996
117, 20.46, 0.00, 13.86, 27.62, 0.000, 0.000, 0.000, 10:28:22.018
118, 21.09, 0.00, 35.15, 24.98, 0.000, 0.000, 0.000, 10:28:22.018
119, 9.34, 0.00, 6.63, 14.78, 0.000, 0.000, 0.000, 10:28:22.019
120, 3.77, 0.00, 1.22, 8.53, 0.000, 0.000, 0.000, 10:28:22.019
121, 13.70, 0.00, 25.73, 28.31, 0.000, 0.000, 0.000, 10:28:22.019
122, 19.49, 0.00, 23.36, 29.03, 0.000, 0.000, 0.000, 10:28:22.019
123, 7.17, 0.00, 7.03, 11.26, 0.000, 0.000, 0.000, 10:28:22.020
124, 4.35, 0.00, 5.25, 8.10, 0.000, 0.000, 0.000, 10:28:22.020
125, 22.44, 0.00, 27.23, 29.62, 0.000, 0.000, 0.000, 10:28:22.035
126, 25.53, 0.00, 29.51, 28.83, 0.000, 0.000, 0.000, 10:28:22.035
127, 8.06, 0.00, 4.25, 7.07, 0.000, 0.000, 0.000, 10:28:22.048
128, 3.18, 0.00, 5.86, 7.78, 0.000, 0.000, 0.000, 10:28:22.048
129, 17.58, 0.00, 21.28, 20.12, 0.000, 0.000, 0.000, 10:28:22.064
130, 26.13, 0.00, 26.46, 30.06, 0.000, 0.000, 0.000, 10:28:22.064
131, 3.93, 0.00, 18.20, 7.69, 0.000, 0.000, 0.000, 10:28:22.064
132, 2.61, 0.00, 2.20, 9.82, 0.000, 0.000, 0.000, 10:28:22.064
133, 16.11, 0.00, 26.05, 22.76, 0.000, 0.000, 0.000, 10:28:22.078
134, 24.78, 0.00, 31.49, 30.65, 0.000, 0.000, 0.000, 10:28:22.078
135, 8.08, 0.00, 9.97, 9.64, 0.000, 0.000, 0.000, 10:28:22.094
136, 2.74, 0.00, -1.47, 9.39, 0.000, 0.000, 0.000, 10:28:22.094
137, 18.22, 0.00, 24.76, 23.02, 0.000, 0.000, 0.000, 10:28:22.097
138, 21.49, 0.00, 30.44, 27.31, 0.000, 0.000, 0.000, 10:28:22.097
139, 8.63, 0.00, 10.39, 12.07, 0.000, 0.000, 0.000, 10:28:22.109
140, 3.13, 0.00, 3.21, 5.15, 0.000, 0.000, 0.000, 10:28:22.109
141, 18.57, 0.00, 21.45, 26.52, 0.000, 0.000, 0.000, 10:28:22.124
142, 23.80, 0.00, 24.31, 31.96, 0.000, 0.000, 0.000, 10:28:22.124
143, 6.90, 0.00, 5.34, 8.02, 0.000, 0.000, 0.000, 10:28:22.124
144, -1.48, 0.00, 5.37, 9.91, 0.000, 0.000, 0.000, 10:28:22.125
145, 18.58, 0.00, 24.46, 28.28, 0.000, 0.000, 0.000, 10:28:22.139
146, 25.26, 0.00, 30.41, 31.53, 0.000, 0.000, 0.000, 10:28:22.139
147, 11.02, 0.00, 11.95, 14.16, 0.000, 0.000, 0.000, 10:28:22.153
148, -0.22, 0.00, 6.88, 10.33, 0.000, 0.000, 0.000, 10:28:22.154
149, 19.18, 0.00, 30.72, 23.97, 0.000, 0.000, 0.000, 10:28:22.154
150, 21.78, 0.00, 30.07, 29.80, 0.000, 0.000, 0.000, 10:28:22.154
151, 8.96, 0.00, 2.54, 7.17, 0.000, 0.000, 0.000, 10:28:22.169
152, 4.57, 0.00, 2.80, 4.96, 0.000, 0.000, 0.000, 10:28:22.169
153, 19.18, 0.00, 25.93, 29.69, 0.000, 0.000, 0.000, 10:28:22.186
154, 23.43, 0.00, 25.24, 27.88, 0.000, 0.000, 0.000, 10:28:22.186
155, 7.12, 0.00, 5.53, 10.21, 0.000, 0.000, 0.000, 10:28:22.186
156, 5.57, 0.00, 7.37, 4.99, 0.000, 0.000, 0.000, 10:28:22.187
157, 20.00, 0.00, 23.15, 24.66, 0.000, 0.000, 0.000, 10:28:22.201
158, 25.03, 0.00, 25.31, 32.60, 0.000, 0.000, 0.000, 10:28:22.201
159, 6.21, 0.00, 7.67, 7.04, 0.000, 0.000, 0.000, 10:28:22.216
160, 1.56, 0.00, -2.65, 5.65, 0.000, 0.000, 0.000, 10:28:22.216
161, 20.58, 0.00, 17.23, 25.79, 0.000, 0.000, 0.000, 10:28:22.216
162, 22.02, 0.00, 26.36, 30.35, 0.000, 0.000, 0.000, 10:28:22.216
163, 4.07, 0.00, 7.33, 11.27, 0.000, 0.000, 0.000, 10:28:22.233
164, 1.36, 0.00, 14.46, 7.12, 0.000, 0.000, 0.000, 10:28:22.234
165, 18.62, 0.00, 21.15, 28.09, 0.000, 0.000, 0.000, 10:28:22.245
166, 20.71, 0.00, 29.41, 28.88, 0.000, 0.000, 0.000, 10:28:22.245
167, 7.79, 0.00, 5.74, 10.54, 0.000, 0.000, 0.000, 10:28:22.246
168, 2.27, 0.00, 3.52, 6.33, 0.000, 0.000, 0.000, 10:28:22.246
169, 17.18, 0.00, 24.89, 22.03, 0.000, 0.000, 0.000, 10:28:22.259
170, 23.20, 0.00, 29.00, 28.83, 0.000, 0.000, 0.000, 10:28:22.259
171, 3.86, 0.00, 9.74, 6.80, 0.000, 0.000, 0.000, 10:28:22.274
172, 2.74, 0.00, 3.66, 5.31, 0.000, 0.000, 0.000, 10:28:22.274
173, 16.25, 0.00, 25.74, 25.63, 0.000, 0.000, 0.000, 10:28:22.275
174, 23.30, 0.00, 26.04, 28.37, 0.000, 0.000, 0.000, 10:28:22.275
175, 4.39, 0.00, 6.82, 15.38, 0.000, 0.000, 0.000, 10:28:22.304
176, 3.30, 0.00, 4.43, 4.83, 0.000, 0.000, 0.000, 10:28:22.304
177, 20.10, 0.00, 24.49, 27.79, 0.000, 0.000, 0.000, 10:28:22.305
178, 23.79, 0.00, 26.99, 28.47, 0.000, 0.000, 0.000, 10:28:22.305
179, 8.88, 0.00, 5.43, 11.78, 0.000, 0.000, 0.000, 10:28:22.305
180, 3.63, 0.00, 5.61, 4.69, 0.000, 0.000, 0.000, 10:28:22.306
