%OpenBCI Raw EEG Data
%
%Sample Rate = 200.0 Hz
%First Column = SampleIndex
%Last Column = Timestamp 
%Other Columns = EEG data in microvolts followed by Accel Data (in G) interleaved with Aux Data
0, 9.75, 12.80, 13.02, 9.80, 0.000, 0.000, 0.000, 14:43:24.380, L
1, 8.30, 8.83, -2.96, 10.42, 0.000, 0.000, 0.000, 14:43:24.395, L
2, 9.12, 14.25, 13.68, 12.04, 0.000, 0.000, 0.000, 14:43:24.396, L
3, 12.65, 12.36, 12.20, 15.81, 0.000, 0.000, 0.000, 14:43:24.408, L
4, 13.42, 10.32, 8.79, 8.69, 0.000, 0.000, 0.000, 14:43:24.409, L
5, 12.47, 9.81, 1.95, 13.44, 0.000, 0.000, 0.000, 14:43:24.409, L
6, 13.12, 11.71, 12.19, 18.08, 0.000, 0.000, 0.000, 14:43:24.410, L
7, 13.61, 15.87, 5.30, 15.43, 0.000, 0.000, 0.000, 14:43:24.438, L
8, 16.27, 13.94, 7.06, 16.81, 0.000, 0.000, 0.000, 14:43:24.439, L
9, 12.73, 12.19, 3.89, 11.99, 0.000, 0.000, 0.000, 14:43:24.440, L
10, 8.64, 12.11, 6.40, 15.16, 0.000, 0.000, 0.000, 14:43:24.440, L
11, 10.47, 14.26, 1.95, 15.57, 0.000, 0.000, 0.000, 14:43:24.440, L
12, 10.70, 10.52, 5.49, 8.67, 0.000, 0.000, 0.000, 14:43:24.441, L
13, 11.73, 8.03, 19.59, 9.54, 0.000, 0.000, 0.000, 14:43:24.453, L
14, 8.04, 8.22, 12.40, 14.68, 0.000, 0.000, 0.000, 14:43:24.454, L
15, 11.31, 15.05, 13.78, 16.75, 0.000, 0.000, 0.000, 14:43:24.469, L
16, 11.78, 11.58, 13.09, 14.99, 0.000, 0.000, 0.000, 14:43:24.470, L
17, 16.94, 9.76, 11.96, 11.46, 0.000, 0.000, 0.000, 14:43:24.471, L
18, 10.63, 13.95, 3.89, 11.75, 0.000, 0.000, 0.000, 14:43:24.473, L
19, 9.71, 14.18, 11.44, 17.57, 0.000, 0.000, 0.000, 14:43:24.497, L
20, 16.62, 12.52, 10.19, 12.62, 0.000, 0.000, 0.000, 14:43:24.498, L
21, 15.77, 12.10, 5.78, 11.60, 0.000, 0.000, 0.000, 14:43:24.499, L
22, 12.05, 10.98, 12.26, 13.51, 0.000, 0.000, 0.000, 14:43:24.499, L
23, 15.34, 13.60, 9.30, 9.93, 0.000, 0.000, 0.000, 14:43:24.502, L
24, 14.10, 13.15, 11.13, 15.80, 0.000, 0.000, 0.000, 14:43:24.503, L
25, 8.25, 10.88, 5.99, 10.54, 0.000, 0.000, 0.000, 14:43:24.513, L
26, 8.68, 14.46, 4.64, 13.73, 0.000, 0.000, 0.000, 14:43:24.513, L
27, 14.03, 14.85, 13.98, 18.14, 0.000, 0.000, 0.000, 14:43:24.528, L
28, 8.54, 13.47, 8.74, 11.34, 0.000, 0.000, 0.000, 14:43:24.529, L
29, 8.46, 7.58, 1.82, 10.13, 0.000, 0.000, 0.000, 14:43:24.536, L
30, 11.33, 9.68, 6.48, 14.90, 0.000, 0.000, 0.000, 14:43:24.539, L
31, 14.12, 11.73, 1.98, 12.12, 0.000, 0.000, 0.000, 14:43:24.558, L
32, 9.98, 14.97, 9.75, 11.51, 0.000, 0.000, 0.000, 14:43:24.558, L
33, 12.22, 11.44, 9.17, 14.21, 0.000, 0.000, 0.000, 14:43:24.559, L
34, 10.77, 9.01, 9.60, 13.35, 0.000, 0.000, 0.000, 14:43:24.559, L
35, 14.64, 13.21, 11.38, 13.99, 0.000, 0.000, 0.000, 14:43:24.560, L
36, 9.52, 11.18, 16.98, 8.55, 0.000, 0.000, 0.000, 14:43:24.560, L
37, 9.43, 12.22, -1.73, 12.67, 0.000, 0.000, 0.000, 14:43:24.573, L
38, 8.58, 10.60, 4.81, 16.13, 0.000, 0.000, 0.000, 14:43:24.574, L
39, 13.50, 8.76, 12.61, 15.98, 0.000, 0.000, 0.000, 14:43:24.590, L
40, 11.42, 11.42, 6.88, 12.11, 0.000, 0.000, 0.000, 14:43:24.591, L
41, 9.11, 12.12, 4.24, 7.79, 0.000, 0.000, 0.000, 14:43:24.591, L
42, 12.36, 8.62, 2.71, 17.77, 0.000, 0.000, 0.000, 14:43:24.591, L
43, 11.60, 11.25, 9.87, 14.76, 0.000, 0.000, 0.000, 14:43:24.603, L
44, 12.55, 11.74, 10.10, 10.45, 0.000, 0.000, 0.000, 14:43:24.604, L
45, 10.68, 9.69, 6.18, 10.17, 0.000, 0.000, 0.000, 14:43:24.619, L
46, 14.04, 9.76, 3.31, 9.32, 0.000, 0.000, 0.000, 14:43:24.620, L
47, 16.63, 16.89, 9.41, 13.95, 0.000, 0.000, 0.000, 14:43:24.620, L
48, 11.58, 13.02, 6.71, 12.14, 0.000, 0.000, 0.000, 14:43:24.621, L
49, 11.71, 9.94, 8.72, 12.67, 0.000, 0.000, 0.000, 14:43:24.633, L
50, 14.31, 12.04, 3.91, 10.59, 0.000, 0.000, 0.000, 14:43:24.633, L
51, 15.06, 12.74, 15.86, 20.57, 0.000, 0.000, 0.000, 14:43:24.648, L
52, 10.53, 11.40, 6.09, 16.50, 0.000, 0.000, 0.000, 14:43:24.649, L
53, 8.28, 10.83, -1.70, 10.19, 0.000, 0.000, 0.000, 14:43:24.649, L
54, 16.63, 16.98, 12.03, 12.38, 0.000, 0.000, 0.000, 14:43:24.649, L
55, 11.91, 8.70, 9.25, 13.16, 0.000, 0.000, 0.000, 14:43:24.663, L
56, 14.34, 10.80, 14.39, 15.87, 0.000, 0.000, 0.000, 14:43:24.663, L
57, 10.26, 14.10, 11.98, 11.46, 0.000, 0.000, 0.000, 14:43:24.680, L
58, 7.35, 9.12, 7.97, 12.00, 0.000, 0.000, 0.000, 14:43:24.680, L
59, 16.35, 11.23, 12.77, 14.92, 0.000, 0.000, 0.000, 14:43:24.680, L
60, 14.32, 12.83, 6.03, 12.99, 0.000, 0.000, 0.000, 14:43:24.681, L
61, 8.70, 10.68, 6.57, 11.86, 0.000, 0.000, 0.000, 14:43:24.693, L
62, 10.32, 13.77, 1.62, 13.79, 0.000, 0.000, 0.000, 14:43:24.693, L
63, 11.27, 12.25, 11.38, 13.69, 0.000, 0.000, 0.000, 14:43:24.708, L
64, 7.01, 7.71, 2.83, 13.76, 0.000, 0.000, 0.000, 14:43:24.708, L
65, 9.52, 9.94, 1.81, 9.03, 0.000, 0.000, 0.000, 14:43:24.709, L
66, 14.76, 11.50, 5.02, 14.23, 0.000, 0.000, 0.000, 14:43:24.709, L
67, 13.39, 14.58, 12.65, 14.52, 0.000, 0.000, 0.000, 14:43:24.723, L
68, 12.84, 11.60, 9.62, 11.11, 0.000, 0.000, 0.000, 14:43:24.723, L
69, 10.07, 13.82, 7.60, 11.88, 0.000, 0.000, 0.000, 14:43:24.739, L
70, 11.02, 10.86, 12.34, 14.06, 0.000, 0.000, 0.000, 14:43:24.739, L
71, 13.14, 13.07, 17.76, 11.78, 0.000, 0.000, 0.000, 14:43:24.740, L
72, 7.29, 15.76, 9.81, 12.48, 0.000, 0.000, 0.000, 14:43:24.740, L
73, 10.55, 10.29, 6.69, 12.60, 0.000, 0.000, 0.000, 14:43:24.752, L
74, 13.48, 13.35, 3.66, 15.83, 0.000, 0.000, 0.000, 14:43:24.753, L
75, 16.78, 12.31, 10.98, 16.22, 0.000, 0.000, 0.000, 14:43:24.768, L
76, 8.77, 10.51, 5.95, 8.66, 0.000, 0.000, 0.000, 14:43:24.769, L
77, 11.37, 11.66, 12.79, 15.85, 0.000, 0.000, 0.000, 14:43:24.770, L
78, 5.72, 12.89, 6.77, 12.97, 0.000, 0.000, 0.000, 14:43:24.770, L
79, 10.36, 11.33, 8.98, 15.76, 0.000, 0.000, 0.000, 14:43:24.783, L
80, 12.29, 11.69, 10.88, 13.05, 0.000, 0.000, 0.000, 14:43:24.783, L
81, 10.38, 9.22, 5.66, 10.74, 0.000, 0.000, 0.000, 14:43:24.798, L
82, 13.94, 12.00, 7.47, 14.16, 0.000, 0.000, 0.000, 14:43:24.798, L
83, 14.55, 11.94, 8.24, 11.93, 0.000, 0.000, 0.000, 14:43:24.798, L
84, 9.38, 9.90, 12.25, 15.95, 0.000, 0.000, 0.000, 14:43:24.799, L
85, 9.98, 11.22, 8.50, 11.79, 0.000, 0.000, 0.000, 14:43:24.813, L
86, 15.25, 12.32, 13.31, 15.76, 0.000, 0.000, 0.000, 14:43:24.813, L
87, 11.98, 11.35, 9.58, 17.57, 0.000, 0.000, 0.000, 14:43:24.828, L
88, 14.14, 13.20, 13.37, 11.00, 0.000, 0.000, 0.000, 14:43:24.828, L
89, 11.52, 10.31, 6.40, 12.60, 0.000, 0.000, 0.000, 14:43:24.828, L
90, 9.03, 12.16, 5.58, 12.10, 0.000, 0.000, 0.000, 14:43:24.828, L
91, 12.98, 13.08, 8.72, 16.79, 0.000, 0.000, 0.000, 14:43:24.843, L
92, 9.99, 11.54, 8.08, 12.64, 0.000, 0.000, 0.000, 14:43:24.844, L
93, 11.60, 9.90, 1.27, 10.22, 0.000, 0.000, 0.000, 14:43:24.858, L
94, 12.03, 14.49, 15.54, 13.86, 0.000, 0.000, 0.000, 14:43:24.858, L
95, 16.12, 14.92, 17.60, 18.59, 0.000, 0.000, 0.000, 14:43:24.858, L
96, 11.92, 11.71, 8.10, 14.92, 0.000, 0.000, 0.000, 14:43:24.859, L
97, 11.56, 9.39, 4.68, 9.88, 0.000, 0.000, 0.000, 14:43:24.874, L
98, 13.19, 12.35, 5.80, 14.54, 0.000, 0.000, 0.000, 14:43:24.874, L
99, 11.80, 14.48, 8.61, 13.12, 0.000, 0.000, 0.000, 14:43:24.889, L
100, 14.11, 11.28, 4.22, 13.96, 0.000, 0.000, 0.000, 14:43:24.890, L
101, 14.19, 10.54, 11.11, 12.82, 0.000, 0.000, 0.000, 14:43:24.891, L
102, 11.49, 13.84, 16.82, 9.27, 0.000, 0.000, 0.000, 14:43:24.891, L
103, 12.17, 15.63, 11.05, 12.91, 0.000, 0.000, 0.000, 14:43:24.903, L
104, 15.95, 9.78, 10.84, 13.63, 0.000, 0.000, 0.000, 14:43:24.903, L
105, 12.44, 6.16, 6.55, 11.04, 0.000, 0.000, 0.000, 14:43:24.933, L
106, 10.88, 6.31, 10.70, 19.14, 0.000, 0.000, 0.000, 14:43:24.933, L
107, 14.48, 16.45, 6.41, 12.22, 0.000, 0.000, 0.000, 14:43:24.933, L
108, 12.85, 13.95, 6.23, 18.19, 0.000, 0.000, 0.000, 14:43:24.934, L
109, 11.75, 12.31, 11.52, 11.20, 0.000, 0.000, 0.000, 14:43:24.935, L
110, 11.22, 11.48, 7.50, 13.29, 0.000, 0.000, 0.000, 14:43:24.935, L
111, 13.24, 9.21, 11.45, 11.09, 0.000, 0.000, 0.000, 14:43:24.936, L
112, 14.29, 13.45, 1.77, 17.72, 0.000, 0.000, 0.000, 14:43:24.936, L
113, 13.11, 9.50, 9.87, 11.25, 0.000, 0.000, 0.000, 14:43:24.954, L
114, 4.85, 10.24, 4.72, 10.84, 0.000, 0.000, 0.000, 14:43:24.955, L
115, 12.97, 12.32, 10.43, 14.64, 0.000, 0.000, 0.000, 14:43:24.963, L
116, 13.31, 16.69, 12.16, 17.82, 0.000, 0.000, 0.000, 14:43:24.963, L
117, 12.66, 15.26, 5.51, 14.17, 0.000, 0.000, 0.000, 14:43:24.978, L
118, 11.94, 9.39, 6.22, 16.52, 0.000, 0.000, 0.000, 14:43:24.978, L
119, 12.17, 14.18, 7.49, 13.93, 0.000, 0.000, 0.000, 14:43:24.979, L
120, 14.31, 14.54, 6.57, 12.74, 0.000, 0.000, 0.000, 14:43:24.979, L
121, 9.90, 12.23, 2.82, 11.47, 0.000, 0.000, 0.000, 14:43:24.993, L
122, 12.76, 14.13, 11.74, 8.64, 0.000, 0.000, 0.000, 14:43:24.993, L
123, 10.27, 11.10, 3.33, 12.38, 0.000, 0.000, 0.000, 14:43:25.008, L
124, 11.28, 14.69, 12.90, 11.14, 0.000, 0.000, 0.000, 14:43:25.008, L
125, 8.46, 10.45, 8.50, 8.93, 0.000, 0.000, 0.000, 14:43:25.008, L
126, 12.58, 8.67, 16.41, 16.41, 0.000, 0.000, 0.000, 14:43:25.009, L
127, 14.65, 13.02, 6.35, 16.58, 0.000, 0.000, 0.000, 14:43:25.023, L
128, 9.93, 12.71, 9.31, 12.92, 0.000, 0.000, 0.000, 14:43:25.023, L
129, 10.53, 10.68, 11.16, 12.92, 0.000, 0.000, 0.000, 14:43:25.038, L
130, 9.86, 10.62, 5.13, 9.71, 0.000, 0.000, 0.000, 14:43:25.038, L
131, 14.82, 11.26, 0.85, 13.13, 0.000, 0.000, 0.000, 14:43:25.053, L
132, 10.80, 12.18, 2.59, 13.82, 0.000, 0.000, 0.000, 14:43:25.053, L
133, 7.61, 9.28, 7.33, 11.82, 0.000, 0.000, 0.000, 14:43:25.053, L
134, 12.29, 12.76, 17.57, 13.26, 0.000, 0.000, 0.000, 14:43:25.054, L
135, 13.68, 13.93, 12.11, 14.82, 0.000, 0.000, 0.000, 14:43:25.069, L
136, 7.90, 8.46, 9.30, 13.02, 0.000, 0.000, 0.000, 14:43:25.070, L
137, 14.05, 10.35, 5.32, 16.18, 0.000, 0.000, 0.000, 14:43:25.070, L
138, 11.26, 10.27, 6.16, 15.89, 0.000, 0.000, 0.000, 14:43:25.071, L
139, 16.37, 10.42, 7.49, 11.92, 0.000, 0.000, 0.000, 14:43:25.083, L
140, 14.74, 11.78, 8.27, 15.84, 0.000, 0.000, 0.000, 14:43:25.083, L
141, 10.58, 12.59, 5.33, 13.20, 0.000, 0.000, 0.000, 14:43:25.097, L
142, 12.47, 13.01, 7.80, 14.90, 0.000, 0.000, 0.000, 14:43:25.098, L
143, 11.85, 15.23, 14.82, 19.00, 0.000, 0.000, 0.000, 14:43:25.098, L
144, 11.66, 14.13, 17.92, 12.75, 0.000, 0.000, 0.000, 14:43:25.098, L
145, 15.46, 12.24, -3.08, 12.59, 0.000, 0.000, 0.000, 14:43:25.112, L
146, 12.63, 17.13, 6.00, 15.30, 0.000, 0.000, 0.000, 14:43:25.113, L
147, 13.30, 13.80, 12.22, 11.34, 0.000, 0.000, 0.000, 14:43:25.127, L
148, 10.27, 11.91, 10.40, 13.30, 0.000, 0.000, 0.000, 14:43:25.128, L
149, 8.57, 12.60, 8.19, 13.10, 0.000, 0.000, 0.000, 14:43:25.128, L
150, 15.03, 11.52, 4.36, 12.57, 0.000, 0.000, 0.000, 14:43:25.128, L
151, 12.82, 11.18, 12.01, 12.31, 0.000, 0.000, 0.000, 14:43:25.142, L
152, 8.78, 7.41, 2.54, 12.25, 0.000, 0.000, 0.000, 14:43:25.143, L
153, 15.07, 8.22, 9.19, 12.66, 0.000, 0.000, 0.000, 14:43:25.157, L
154, 10.92, 5.70, 4.69, 10.98, 0.000, 0.000, 0.000, 14:43:25.158, L
155, 15.88, 7.53, 12.47, 10.89, 0.000, 0.000, 0.000, 14:43:25.158, L
156, 13.08, 11.66, 12.45, 9.62, 0.000, 0.000, 0.000, 14:43:25.158, L
157, 11.02, 9.37, 0.62, 9.74, 0.000, 0.000, 0.000, 14:43:25.172, L
158, 11.12, 12.50, 10.71, 12.84, 0.000, 0.000, 0.000, 14:43:25.173, L
159, 12.56, 14.72, 14.62, 15.66, 0.000, 0.000, 0.000, 14:43:25.188, L
160, 13.42, 13.56, 11.62, 16.61, 0.000, 0.000, 0.000, 14:43:25.189, L
161, 8.86, 11.54, 7.64, 12.23, 0.000, 0.000, 0.000, 14:43:25.189, L
162, 12.36, 12.17, 7.61, 15.38, 0.000, 0.000, 0.000, 14:43:25.189, L
163, 13.56, 10.14, 11.94, 14.16, 0.000, 0.000, 0.000, 14:43:25.203, L
164, 11.50, 8.39, 14.37, 16.54, 0.000, 0.000, 0.000, 14:43:25.203, L
165, 9.45, 13.89, 7.46, 10.30, 0.000, 0.000, 0.000, 14:43:25.219, L
166, 14.00, 14.10, 6.16, 14.44, 0.000, 0.000, 0.000, 14:43:25.219, L
167, 15.17, 11.60, 13.96, 17.49, 0.000, 0.000, 0.000, 14:43:25.220, L
168, 11.67, 13.60, 10.74, 14.90, 0.000, 0.000, 0.000, 14:43:25.221, L
169, 10.54, 8.19, -5.43, 10.83, 0.000, 0.000, 0.000, 14:43:25.233, L
170, 7.41, 12.17, 6.76, 11.71, 0.000, 0.000, 0.000, 14:43:25.234, L
171, 14.34, 14.20, 13.34, 15.95, 0.000, 0.000, 0.000, 14:43:25.248, L
172, 11.27, 13.55, 12.86, 11.93, 0.000, 0.000, 0.000, 14:43:25.248, L
173, 11.82, 10.90, 13.52, 11.59, 0.000, 0.000, 0.000, 14:43:25.251, L
174, 13.36, 13.44, 2.78, 12.83, 0.000, 0.000, 0.000, 14:43:25.252, L
175, 9.67, 15.15, 6.91, 12.38, 0.000, 0.000, 0.000, 14:43:25.263, L
176, 6.92, 11.31, 18.08, 12.72, 0.000, 0.000, 0.000, 14:43:25.263, L
177, 9.07, 9.38, 2.02, 12.43, 0.000, 0.000, 0.000, 14:43:25.278, L
178, 13.62, 15.83, 5.82, 14.98, 0.000, 0.000, 0.000, 14:43:25.278, L
179, 12.96, 11.62, 14.43, 13.96, 0.000, 0.000, 0.000, 14:43:25.285, L
180, 17.24, 12.03, 7.19, 12.07, 0.000, 0.000, 0.000, 14:43:25.286, L
181, 13.09, 10.28, 15.45, 10.71, 0.000, 0.000, 0.000, 14:43:25.293, L
182, 12.29, 15.30, 9.62, 13.73, 0.000, 0.000, 0.000, 14:43:25.293, L
183, 11.98, 16.75, 16.72, 14.72, 0.000, 0.000, 0.000, 14:43:25.309, L
184, 12.90, 12.54, 11.56, 12.27, 0.000, 0.000, 0.000, 14:43:25.309, L
185, 11.99, 9.70, 4.73, 10.63, 0.000, 0.000, 0.000, 14:43:25.309, L
186, 9.60, 9.14, 7.75, 9.03, 0.000, 0.000, 0.000, 14:43:25.309, L
187, 12.88, 14.60, 4.24, 15.03, 0.000, 0.000, 0.000, 14:43:25.323, L
188, 4.88, 9.61, 5.36, 15.35, 0.000, 0.000, 0.000, 14:43:25.323, L
189, 6.91, 6.89, 4.28, 9.55, 0.000, 0.000, 0.000, 14:43:25.339, L
190, 12.55, 8.51, 3.95, 16.61, 0.000, 0.000, 0.000, 14:43:25.339, L
191, 12.95, 15.33, 9.56, 17.05, 0.000, 0.000, 0.000, 14:43:25.339, L
192, 19.40, 13.95, 5.23, 12.80, 0.000, 0.000, 0.000, 14:43:25.339, L
193, 10.58, 10.49, 6.50, 13.18, 0.000, 0.000, 0.000, 14:43:25.353, L
194, 12.20, 9.64, 8.26, 15.42, 0.000, 0.000, 0.000, 14:43:25.353, L
195, 17.67, 15.43, 8.47, 18.97, 0.000, 0.000, 0.000, 14:43:25.368, L
196, 13.61, 10.61, 2.96, 13.11, 0.000, 0.000, 0.000, 14:43:25.369, L
197, 8.85, 11.48, 1.37, 9.15, 0.000, 0.000, 0.000, 14:43:25.370, L
198, 11.30, 16.22, 8.59, 13.98, 0.000, 0.000, 0.000, 14:43:25.370, L
199, 12.51, 10.77, 9.93, 12.83, 0.000, 0.000, 0.000, 14:43:25.382, L
200, 14.31, 15.86, 8.24, 13.67, 0.000, 0.000, 0.000, 14:43:25.383, L
0, 10.42, 9.41, 8.14, 9.66, 0.000, 0.000, 0.000, 14:43:25.383, L
1, 16.06, 14.62, 10.31, 11.04, 0.000, 0.000, 0.000, 14:43:25.398, L
2, 12.53, 11.40, 7.53, 15.82, 0.000, 0.000, 0.000, 14:43:25.398, L
3, 13.35, 15.62, 12.72, 13.41, 0.000, 0.000, 0.000, 14:43:25.427, L
4, 10.08, 8.83, 8.81, 11.88, 0.000, 0.000, 0.000, 14:43:25.427, L
5, 11.88, 7.98, 7.17, 13.07, 0.000, 0.000, 0.000, 14:43:25.428, L
6, 12.79, 13.86, 9.39, 13.59, 0.000, 0.000, 0.000, 14:43:25.428, L
7, 13.08, 8.36, 11.43, 15.36, 0.000, 0.000, 0.000, 14:43:25.428, L
8, 12.49, 10.53, 6.88, 12.34, 0.000, 0.000, 0.000, 14:43:25.429, L
9, 11.44, 10.81, 8.08, 13.39, 0.000, 0.000, 0.000, 14:43:25.429, L
10, 11.60, 12.09, 10.50, 13.12, 0.000, 0.000, 0.000, 14:43:25.429, L
11, 11.66, 10.41, 11.62, 14.64, 0.000, 0.000, 0.000, 14:43:25.443, L
12, 8.44, 10.47, 8.36, 10.20, 0.000, 0.000, 0.000, 14:43:25.443, L
13, 6.88, 12.80, 8.85, 15.73, 0.000, 0.000, 0.000, 14:43:25.458, L
14, 12.88, 14.15, 6.06, 12.50, 0.000, 0.000, 0.000, 14:43:25.458, L
15, 9.82, 9.77, 9.50, 10.57, 0.000, 0.000, 0.000, 14:43:25.473, L
16, 11.08, 12.61, 9.49, 11.26, 0.000, 0.000, 0.000, 14:43:25.473, L
17, 8.61, 10.29, 9.61, 14.78, 0.000, 0.000, 0.000, 14:43:25.473, L
18, 17.73, 15.26, 8.79, 20.41, 0.000, 0.000, 0.000, 14:43:25.473, L
19, 11.85, 16.46, 7.58, 15.14, 0.000, 0.000, 0.000, 14:43:25.488, L
20, 10.13, 13.34, 8.62, 11.09, 0.000, 0.000, 0.000, 14:43:25.490, L
21, 8.95, 14.14, 11.15, 17.35, 0.000, 0.000, 0.000, 14:43:25.504, L
22, 10.59, 12.14, 11.37, 15.00, 0.000, 0.000, 0.000, 14:43:25.504, L
23, 13.59, 13.85, 4.59, 8.91, 0.000, 0.000, 0.000, 14:43:25.507, L
24, 13.92, 11.60, 9.82, 10.36, 0.000, 0.000, 0.000, 14:43:25.507, L
25, 17.58, 14.07, 10.07, 15.91, 0.000, 0.000, 0.000, 14:43:25.519, L
26, 12.23, 14.71, 10.41, 13.25, 0.000, 0.000, 0.000, 14:43:25.519, L
27, 9.78, 12.94, 5.01, 12.84, 0.000, 0.000, 0.000, 14:43:25.548, L
28, 11.61, 6.18, 9.38, 9.74, 0.000, 0.000, 0.000, 14:43:25.548, L
29, 15.49, 14.21, 14.74, 12.85, 0.000, 0.000, 0.000, 14:43:25.548, L
30, 16.82, 13.82, 12.70, 19.97, 0.000, 0.000, 0.000, 14:43:25.548, L
31, 11.35, 12.91, 11.85, 17.16, 0.000, 0.000, 0.000, 14:43:25.549, L
32, 12.86, 11.10, 8.45, 14.16, 0.000, 0.000, 0.000, 14:43:25.549, L
33, 9.68, 9.29, 8.80, 14.91, 0.000, 0.000, 0.000, 14:43:25.550, L
34, 13.08, 12.22, 8.99, 13.34, 0.000, 0.000, 0.000, 14:43:25.550, L
35, 12.49, 6.93, 3.48, 11.72, 0.000, 0.000, 0.000, 14:43:25.563, L
36, 11.58, 11.85, 4.47, 11.46, 0.000, 0.000, 0.000, 14:43:25.563, L
37, 10.86, 13.29, 11.73, 14.83, 0.000, 0.000, 0.000, 14:43:25.578, L
38, 14.11, 14.91, 13.12, 12.87, 0.000, 0.000, 0.000, 14:43:25.578, L
39, 13.38, 12.81, 8.12, 14.99, 0.000, 0.000, 0.000, 14:43:25.593, L
40, 11.05, 10.95, 4.86, 12.63, 0.000, 0.000, 0.000, 14:43:25.593, L
41, 11.34, 13.49, 6.77, 15.54, 0.000, 0.000, 0.000, 14:43:25.593, L
42, 14.59, 12.43, 12.37, 13.48, 0.000, 0.000, 0.000, 14:43:25.594, L
43, 9.33, 8.07, 0.89, 10.25, 0.000, 0.000, 0.000, 14:43:25.608, L
44, 8.56, 10.10, 6.75, 12.58, 0.000, 0.000, 0.000, 14:43:25.608, L
45, 11.92, 10.73, 5.89, 14.63, 0.000, 0.000, 0.000, 14:43:25.623, L
46, 13.24, 10.08, 7.40, 15.05, 0.000, 0.000, 0.000, 14:43:25.623, L
47, 10.82, 7.40, 9.42, 6.99, 0.000, 0.000, 0.000, 14:43:25.623, L
48, 9.68, 10.73, 10.35, 15.55, 0.000, 0.000, 0.000, 14:43:25.623, L
49, 10.93, 12.51, 6.19, 12.79, 0.000, 0.000, 0.000, 14:43:25.639, L
50, 13.07, 13.30, 5.76, 14.20, 0.000, 0.000, 0.000, 14:43:25.640, L
51, 16.57, 13.13, 7.98, 15.59, 0.000, 0.000, 0.000, 14:43:25.653, L
52, 9.08, 10.52, 11.90, 11.51, 0.000, 0.000, 0.000, 14:43:25.653, L
53, 8.32, 9.62, 2.95, 12.20, 0.000, 0.000, 0.000, 14:43:25.653, L
54, 14.02, 11.62, 13.21, 12.05, 0.000, 0.000, 0.000, 14:43:25.654, L
55, 13.40, 19.70, 11.47, 16.93, 0.000, 0.000, 0.000, 14:43:25.668, L
56, 9.67, 12.77, 11.95, 14.72, 0.000, 0.000, 0.000, 14:43:25.669, L
57, 13.13, 9.61, 5.54, 13.05, 0.000, 0.000, 0.000, 14:43:25.683, L
58, 12.44, 14.68, 12.86, 14.76, 0.000, 0.000, 0.000, 14:43:25.683, L
59, 13.67, 11.10, 6.86, 14.85, 0.000, 0.000, 0.000, 14:43:25.688, L
60, 13.88, 12.47, 8.95, 14.30, 0.000, 0.000, 0.000, 14:43:25.688, L
61, 13.17, 12.51, 6.16, 14.73, 0.000, 0.000, 0.000, 14:43:25.699, L
62, 12.13, 15.84, 12.36, 12.61, 0.000, 0.000, 0.000, 14:43:25.699, L
63, 14.20, 10.76, 13.61, 15.49, 0.000, 0.000, 0.000, 14:43:25.712, L
64, 8.87, 11.50, 2.67, 11.97, 0.000, 0.000, 0.000, 14:43:25.713, L
65, 10.30, 13.55, 5.94, 13.74, 0.000, 0.000, 0.000, 14:43:25.713, L
66, 14.78, 12.22, 9.62, 17.97, 0.000, 0.000, 0.000, 14:43:25.713, L
67, 11.52, 10.77, 6.56, 14.28, 0.000, 0.000, 0.000, 14:43:25.727, L
68, 9.73, 12.28, 6.64, 8.44, 0.000, 0.000, 0.000, 14:43:25.728, L
69, 12.24, 14.44, -1.02, 13.56, 0.000, 0.000, 0.000, 14:43:25.742, L
70, 15.55, 14.76, 7.06, 15.61, 0.000, 0.000, 0.000, 14:43:25.743, L
71, 14.85, 12.23, 5.65, 15.02, 0.000, 0.000, 0.000, 14:43:25.743, L
72, 12.35, 7.03, 7.53, 11.11, 0.000, 0.000, 0.000, 14:43:25.743, L
73, 12.12, 12.27, 11.52, 10.45, 0.000, 0.000, 0.000, 14:43:25.758, L
74, 14.73, 12.10, 7.67, 14.54, 0.000, 0.000, 0.000, 14:43:25.758, L
75, 12.60, 14.57, 6.86, 14.47, 0.000, 0.000, 0.000, 14:43:25.773, L
76, 10.79, 8.05, 7.54, 11.39, 0.000, 0.000, 0.000, 14:43:25.773, L
77, 11.03, 7.99, 10.05, 12.43, 0.000, 0.000, 0.000, 14:43:25.773, L
78, 8.33, 11.89, 10.25, 13.37, 0.000, 0.000, 0.000, 14:43:25.773, L
79, 11.97, 10.94, 10.89, 13.34, 0.000, 0.000, 0.000, 14:43:25.789, L
80, 11.60, 9.56, 5.56, 17.03, 0.000, 0.000, 0.000, 14:43:25.789, L
81, 12.92, 11.47, 6.92, 13.37, 0.000, 0.000, 0.000, 14:43:25.803, L
82, 9.63, 15.72, 13.47, 16.23, 0.000, 0.000, 0.000, 14:43:25.804, L
83, 9.89, 11.43, 3.31, 11.42, 0.000, 0.000, 0.000, 14:43:25.805, L
84, 13.66, 12.35, 2.36, 16.07, 0.000, 0.000, 0.000, 14:43:25.806, L
85, 11.98, 12.78, 6.52, 11.34, 0.000, 0.000, 0.000, 14:43:25.818, L
86, 9.85, 12.27, 8.36, 11.49, 0.000, 0.000, 0.000, 14:43:25.819, L
87, 9.09, 13.22, 3.59, 9.95, 0.000, 0.000, 0.000, 14:43:25.833, L
88, 7.82, 11.14, 7.04, 9.51, 0.000, 0.000, 0.000, 14:43:25.833, L
89, 11.38, 8.27, 11.52, 13.02, 0.000, 0.000, 0.000, 14:43:25.833, L
90, 14.29, 13.72, 12.80, 11.32, 0.000, 0.000, 0.000, 14:43:25.834, L
91, 13.39, 10.50, 8.68, 15.90, 0.000, 0.000, 0.000, 14:43:25.848, L
92, 8.78, 4.50, 9.53, 10.79, 0.000, 0.000, 0.000, 14:43:25.848, L
93, 11.87, 10.91, 8.61, 10.43, 0.000, 0.000, 0.000, 14:43:25.863, L
94, 9.71, 12.03, 10.90, 13.29, 0.000, 0.000, 0.000, 14:43:25.863, L
95, 12.66, 12.06, 12.67, 15.01, 0.000, 0.000, 0.000, 14:43:25.863, L
96, 8.25, 7.46, 7.54, 8.30, 0.000, 0.000, 0.000, 14:43:25.863, L
97, 9.35, 12.90, 10.22, 14.85, 0.000, 0.000, 0.000, 14:43:25.877, L
98, 8.63, 17.24, 9.54, 18.11, 0.000, 0.000, 0.000, 14:43:25.878, L
99, 15.79, 12.96, 15.56, 8.80, 0.000, 0.000, 0.000, 14:43:25.893, L
100, 10.52, 9.32, 8.28, 12.51, 0.000, 0.000, 0.000, 14:43:25.893, L
101, 10.17, 10.83, 8.81, 11.51, 0.000, 0.000, 0.000, 14:43:25.893, L
102, 15.37, 10.11, 8.84, 18.16, 0.000, 0.000, 0.000, 14:43:25.893, L
103, 12.77, 11.86, 13.78, 12.68, 0.000, 0.000, 0.000, 14:43:25.908, L
104, 11.42, 11.13, 7.22, 8.82, 0.000, 0.000, 0.000, 14:43:25.908, L
105, 11.45, 13.51, 8.72, 13.46, 0.000, 0.000, 0.000, 14:43:25.923, L
106, 13.52, 13.50, 14.52, 11.88, 0.000, 0.000, 0.000, 14:43:25.923, L
107, 13.38, 10.90, 11.76, 9.96, 0.000, 0.000, 0.000, 14:43:25.923, L
108, 7.47, 12.58, 4.71, 13.05, 0.000, 0.000, 0.000, 14:43:25.923, L
109, 12.52, 14.85, 2.84, 15.44, 0.000, 0.000, 0.000, 14:43:25.938, L
110, 15.11, 14.37, 7.08, 16.30, 0.000, 0.000, 0.000, 14:43:25.938, L
111, 15.92, 15.70, 12.13, 18.04, 0.000, 0.000, 0.000, 14:43:25.953, L
112, 11.13, 8.47, 5.11, 10.59, 0.000, 0.000, 0.000, 14:43:25.953, L
113, 16.76, 11.80, 7.38, 11.23, 0.000, 0.000, 0.000, 14:43:25.955, L
114, 14.51, 13.41, 12.19, 13.51, 0.000, 0.000, 0.000, 14:43:25.955, L
115, 11.88, 12.17, 8.63, 17.23, 0.000, 0.000, 0.000, 14:43:25.969, L
116, 18.15, 13.32, 10.76, 14.66, 0.000, 0.000, 0.000, 14:43:25.969, L
117, 13.86, 19.26, 10.90, 13.83, 0.000, 0.000, 0.000, 14:43:25.983, L
118, 11.04, 12.92, 5.15, 17.16, 0.000, 0.000, 0.000, 14:43:25.983, L
119, 9.54, 10.85, 4.85, 12.58, 0.000, 0.000, 0.000, 14:43:25.983, L
120, 8.99, 10.97, 4.70, 16.08, 0.000, 0.000, 0.000, 14:43:25.983, L
121, 10.86, 13.20, 6.40, 11.80, 0.000, 0.000, 0.000, 14:43:25.997, L
122, 13.02, 15.24, 5.09, 15.74, 0.000, 0.000, 0.000, 14:43:25.998, L
123, 12.04, 8.78, 11.00, 12.50, 0.000, 0.000, 0.000, 14:43:26.013, L
124, 7.38, 9.96, 5.47, 13.68, 0.000, 0.000, 0.000, 14:43:26.013, L
125, 11.49, 10.99, 4.82, 12.31, 0.000, 0.000, 0.000, 14:43:26.014, L
126, 16.83, 12.47, 17.27, 14.16, 0.000, 0.000, 0.000, 14:43:26.014, L
127, 9.75, 10.91, 11.68, 10.91, 0.000, 0.000, 0.000, 14:43:26.042, L
128, 8.30, 8.71, -0.08, 10.25, 0.000, 0.000, 0.000, 14:43:26.043, L
129, 11.92, 10.52, 4.54, 11.77, 0.000, 0.000, 0.000, 14:43:26.043, L
130, 14.89, 11.87, 11.18, 14.17, 0.000, 0.000, 0.000, 14:43:26.043, L
131, 9.22, 10.88, 15.80, 12.25, 0.000, 0.000, 0.000, 14:43:26.044, L
132, 8.11, 7.91, 7.32, 10.41, 0.000, 0.000, 0.000, 14:43:26.044, L
133, 12.91, 6.63, 11.77, 13.81, 0.000, 0.000, 0.000, 14:43:26.057, L
134, 13.19, 13.33, 0.16, 13.77, 0.000, 0.000, 0.000, 14:43:26.059, L
135, 9.58, 12.80, 13.16, 13.18, 0.000, 0.000, 0.000, 14:43:26.073, L
136, 9.36, 11.64, 10.72, 9.75, 0.000, 0.000, 0.000, 14:43:26.073, L
137, 8.63, 9.56, 11.50, 15.05, 0.000, 0.000, 0.000, 14:43:26.073, L
138, 11.06, 14.17, 11.89, 18.22, 0.000, 0.000, 0.000, 14:43:26.074, L
139, 15.11, 12.11, 9.46, 13.28, 0.000, 0.000, 0.000, 14:43:26.103, L
140, 12.44, 9.87, 13.59, 6.75, 0.000, 0.000, 0.000, 14:43:26.104, L
141, 15.56, 10.71, 4.30, 13.51, 0.000, 0.000, 0.000, 14:43:26.106, L
142, 12.90, 14.79, 8.19, 15.72, 0.000, 0.000, 0.000, 14:43:26.106, L
143, 12.80, 13.14, 11.81, 18.95, 0.000, 0.000, 0.000, 14:43:26.111, L
144, 11.68, 10.28, 8.96, 15.61, 0.000, 0.000, 0.000, 14:43:26.111, L
145, 10.52, 13.00, 15.82, 16.44, 0.000, 0.000, 0.000, 14:43:26.119, L
146, 16.01, 14.37, 5.63, 16.41, 0.000, 0.000, 0.000, 14:43:26.120, L
147, 15.53, 12.18, 11.70, 10.07, 0.000, 0.000, 0.000, 14:43:26.133, L
148, 8.71, 12.41, 3.87, 12.78, 0.000, 0.000, 0.000, 14:43:26.133, L
149, 11.26, 9.34, 4.56, 12.89, 0.000, 0.000, 0.000, 14:43:26.134, L
150, 14.08, 9.87, 7.78, 14.76, 0.000, 0.000, 0.000, 14:43:26.134, L
151, 13.70, 12.62, 3.61, 18.97, 0.000, 0.000, 0.000, 14:43:26.162, L
152, 10.64, 14.21, 9.22, 9.83, 0.000, 0.000, 0.000, 14:43:26.163, L
153, 14.56, 15.54, 7.46, 15.13, 0.000, 0.000, 0.000, 14:43:26.163, L
154, 17.06, 11.91, 15.28, 12.12, 0.000, 0.000, 0.000, 14:43:26.163, L
155, 16.84, 10.65, 10.73, 8.03, 0.000, 0.000, 0.000, 14:43:26.164, L
156, 8.05, 12.91, 3.72, 12.21, 0.000, 0.000, 0.000, 14:43:26.164, L
157, 9.54, 14.15, 10.57, 15.86, 0.000, 0.000, 0.000, 14:43:26.178, L
158, 16.27, 9.51, 10.49, 18.75, 0.000, 0.000, 0.000, 14:43:26.178, L
159, 12.44, 12.81, 11.62, 13.05, 0.000, 0.000, 0.000, 14:43:26.193, L
160, 12.90, 11.24, 10.17, 12.28, 0.000, 0.000, 0.000, 14:43:26.193, L
161, 9.71, 12.04, 5.14, 14.34, 0.000, 0.000, 0.000, 14:43:26.193, L
162, 16.42, 12.81, 6.22, 14.64, 0.000, 0.000, 0.000, 14:43:26.193, L
163, 11.14, 12.32, 12.06, 17.61, 0.000, 0.000, 0.000, 14:43:26.208, L
164, 12.02, 7.13, 9.82, 13.05, 0.000, 0.000, 0.000, 14:43:26.208, L
165, 10.74, 11.04, 11.23, 12.25, 0.000, 0.000, 0.000, 14:43:26.223, L
166, 10.41, 12.04, 7.99, 11.93, 0.000, 0.000, 0.000, 14:43:26.224, L
167, 6.67, 11.53, 8.43, 12.51, 0.000, 0.000, 0.000, 14:43:26.224, L
168, 10.00, 13.89, 9.21, 10.13, 0.000, 0.000, 0.000, 14:43:26.224, L
169, 16.22, 12.89, 11.54, 9.82, 0.000, 0.000, 0.000, 14:43:26.239, L
170, 11.78, 12.06, 11.64, 16.76, 0.000, 0.000, 0.000, 14:43:26.240, L
171, 7.08, 12.00, 14.58, 10.38, 0.000, 0.000, 0.000, 14:43:26.254, L
172, 13.21, 9.99, 0.10, 14.22, 0.000, 0.000, 0.000, 14:43:26.255, L
173, 14.62, 15.63, 16.57, 11.33, 0.000, 0.000, 0.000, 14:43:26.257, L
174, 15.80, 14.75, 5.49, 15.63, 0.000, 0.000, 0.000, 14:43:26.257, L
175, 11.74, 10.01, 10.68, 15.51, 0.000, 0.000, 0.000, 14:43:26.283, L
176, 10.76, 10.61, 0.15, 14.13, 0.000, 0.000, 0.000, 14:43:26.283, L
177, 15.75, 16.58, 6.25, 13.95, 0.000, 0.000, 0.000, 14:43:26.283, L
178, 15.09, 14.75, 15.10, 13.13, 0.000, 0.000, 0.000, 14:43:26.283, L
179, 10.64, 12.24, 11.66, 10.49, 0.000, 0.000, 0.000, 14:43:26.285, L
180, 7.48, 8.62, -0.44, 12.35, 0.000, 0.000, 0.000, 14:43:26.286, L
181, 12.41, 13.45, 10.62, 8.28, 0.000, 0.000, 0.000, 14:43:26.298, L
182, 12.46, 12.95, 16.13, 11.89, 0.000, 0.000, 0.000, 14:43:26.298, L
183, 9.97, 10.47, 3.72, 14.40, 0.000, 0.000, 0.000, 14:43:26.313, L
184, 8.05, 12.66, -5.92, 11.03, 0.000, 0.000, 0.000, 14:43:26.313, L
185, 12.93, 14.00, 7.96, 14.66, 0.000, 0.000, 0.000, 14:43:26.313, L
186, 12.48, 13.79, 13.64, 14.24, 0.000, 0.000, 0.000, 14:43:26.313, L
187, 14.29, 12.58, 6.11, 11.67, 0.000, 0.000, 0.000, 14:43:26.328, L
188, 12.21, 12.33, 8.19, 15.93, 0.000, 0.000, 0.000, 14:43:26.328, L
189, 8.61, 9.83, 9.79, 14.57, 0.000, 0.000, 0.000, 14:43:26.343, L
190, 11.71, 14.29, 13.30, 12.24, 0.000, 0.000, 0.000, 14:43:26.343, L
191, 11.21, 10.57, 10.23, 14.23, 0.000, 0.000, 0.000, 14:43:26.344, L
192, 12.26, 10.24, 5.12, 11.72, 0.000, 0.000, 0.000, 14:43:26.344, L
193, 12.80, 7.82, 5.05, 15.84, 0.000, 0.000, 0.000, 14:43:26.358, L
194, 15.45, 15.09, 10.69, 13.65, 0.000, 0.000, 0.000, 14:43:26.358, L
195, 10.30, 12.33, 3.00, 12.49, 0.000, 0.000, 0.000, 14:43:26.373, L
196, 11.43, 10.19, 3.15, 12.12, 0.000, 0.000, 0.000, 14:43:26.373, L
197, 13.04, 11.10, 8.83, 14.04, 0.000, 0.000, 0.000, 14:43:26.374, L
198, 15.20, 10.25, 10.20, 15.95, 0.000, 0.000, 0.000, 14:43:26.374, L
199, 11.24, 10.79, 5.86, 14.35, 0.000, 0.000, 0.000, 14:43:26.389, L
200, 14.99, 10.90, 9.46, 13.32, 0.000, 0.000, 0.000, 14:43:26.390, L
0, 16.96, 15.05, 6.95, 14.58, 0.000, 0.000, 0.000, 14:43:26.390, L
1, 16.80, 11.77, 10.21, 15.93, 0.000, 0.000, 0.000, 14:43:26.404, L
2, 10.21, 8.88, 10.76, 15.49, 0.000, 0.000, 0.000, 14:43:26.406, L
3, 9.75, 12.80, 15.12, 11.21, 0.000, 0.000, 0.000, 14:43:26.420, L
4, 11.02, 12.52, 7.61, 14.69, 0.000, 0.000, 0.000, 14:43:26.420, L
5, 12.42, 18.81, 16.70, 12.44, 0.000, 0.000, 0.000, 14:43:26.421, L
6, 10.00, 13.72, 6.83, 11.63, 0.000, 0.000, 0.000, 14:43:26.422, L
7, 11.73, 10.56, 3.27, 12.83, 0.000, 0.000, 0.000, 14:43:26.433, L
8, 11.13, 13.73, 6.94, 16.16, 0.000, 0.000, 0.000, 14:43:26.433, L
9, 13.11, 15.64, 9.23, 13.85, 0.000, 0.000, 0.000, 14:43:26.448, L
10, 12.12, 11.05, 6.22, 12.95, 0.000, 0.000, 0.000, 14:43:26.448, L
11, 11.60, 6.92, 5.39, 10.72, 0.000, 0.000, 0.000, 14:43:26.448, L
12, 11.48, 15.40, 11.37, 14.84, 0.000, 0.000, 0.000, 14:43:26.448, L
13, 17.74, 14.24, 9.47, 14.64, 0.000, 0.000, 0.000, 14:43:26.463, L
14, 10.78, 11.27, 9.96, 14.32, 0.000, 0.000, 0.000, 14:43:26.463, L
15, 8.81, 10.81, 4.61, 9.75, 0.000, 0.000, 0.000, 14:43:26.477, L
16, 9.38, 11.80, 7.52, 9.59, 0.000, 0.000, 0.000, 14:43:26.478, L
17, 14.00, 10.78, 12.12, 15.10, 0.000, 0.000, 0.000, 14:43:26.478, L
18, 6.99, 6.20, 7.95, 13.44, 0.000, 0.000, 0.000, 14:43:26.478, L
19, 12.71, 5.70, 9.90, 12.64, 0.000, 0.000, 0.000, 14:43:26.493, L
20, 14.80, 13.77, 7.78, 17.64, 0.000, 0.000, 0.000, 14:43:26.493, L
21, 12.01, 15.79, 10.16, 13.34, 0.000, 0.000, 0.000, 14:43:26.508, L
22, 12.03, 13.20, 9.17, 9.57, 0.000, 0.000, 0.000, 14:43:26.508, L
23, 9.75, 12.42, 7.65, 12.00, 0.000, 0.000, 0.000, 14:43:26.509, L
24, 12.79, 9.62, 1.68, 12.52, 0.000, 0.000, 0.000, 14:43:26.509, L
25, 13.97, 15.39, 5.65, 18.06, 0.000, 0.000, 0.000, 14:43:26.528, L
26, 6.34, 9.92, -3.64, 15.54, 0.000, 0.000, 0.000, 14:43:26.528, L
27, 11.14, 9.69, 0.88, 12.52, 0.000, 0.000, 0.000, 14:43:26.541, L
28, 9.16, 12.34, 13.50, 12.54, 0.000, 0.000, 0.000, 14:43:26.541, L
29, 15.18, 11.47, 15.12, 18.14, 0.000, 0.000, 0.000, 14:43:26.542, L
30, 8.28, 8.66, 4.76, 9.21, 0.000, 0.000, 0.000, 14:43:26.542, L
31, 7.39, 6.34, 8.06, 9.52, 0.000, 0.000, 0.000, 14:43:26.558, L
32, 13.90, 12.79, 11.52, 12.87, 0.000, 0.000, 0.000, 14:43:26.558, L
33, 18.03, 17.59, 17.16, 16.39, 0.000, 0.000, 0.000, 14:43:26.570, L
34, 11.81, 9.43, 13.33, 13.19, 0.000, 0.000, 0.000, 14:43:26.573, L
35, 9.79, 9.82, 5.47, 8.12, 0.000, 0.000, 0.000, 14:43:26.576, L
36, 12.38, 10.14, 15.73, 14.00, 0.000, 0.000, 0.000, 14:43:26.576, L
37, 9.32, 13.55, 7.62, 16.77, 0.000, 0.000, 0.000, 14:43:26.583, L
38, 9.25, 11.91, 3.99, 12.96, 0.000, 0.000, 0.000, 14:43:26.583, L
39, 15.26, 14.50, 6.68, 16.46, 0.000, 0.000, 0.000, 14:43:26.598, L
40, 15.37, 16.49, 12.92, 15.35, 0.000, 0.000, 0.000, 14:43:26.598, L
41, 15.44, 15.41, 9.62, 13.82, 0.000, 0.000, 0.000, 14:43:26.598, L
42, 11.69, 12.53, 10.67, 16.15, 0.000, 0.000, 0.000, 14:43:26.598, L
43, 9.05, 7.59, 7.38, 11.90, 0.000, 0.000, 0.000, 14:43:26.613, L
44, 10.97, 10.77, 8.79, 11.67, 0.000, 0.000, 0.000, 14:43:26.613, L
45, 12.27, 13.55, 9.40, 14.04, 0.000, 0.000, 0.000, 14:43:26.628, L
46, 13.78, 11.44, 5.75, 16.15, 0.000, 0.000, 0.000, 14:43:26.628, L
47, 12.81, 10.55, 4.57, 13.55, 0.000, 0.000, 0.000, 14:43:26.628, L
48, 12.49, 13.94, 9.99, 11.47, 0.000, 0.000, 0.000, 14:43:26.628, L
49, 11.02, 10.77, 9.94, 18.11, 0.000, 0.000, 0.000, 14:43:26.643, L
50, 16.13, 15.27, 12.76, 13.45, 0.000, 0.000, 0.000, 14:43:26.643, L
51, 10.12, 11.45, 8.23, 13.08, 0.000, 0.000, 0.000, 14:43:26.658, L
52, 11.33, 13.07, 7.31, 12.21, 0.000, 0.000, 0.000, 14:43:26.658, L
53, 15.15, 10.06, 14.68, 15.02, 0.000, 0.000, 0.000, 14:43:26.659, L
54, 6.57, 11.07, 5.71, 10.77, 0.000, 0.000, 0.000, 14:43:26.659, L
55, 12.60, 9.12, 6.56, 10.00, 0.000, 0.000, 0.000, 14:43:26.673, L
56, 11.45, 10.59, 11.53, 9.78, 0.000, 0.000, 0.000, 14:43:26.673, L
57, 11.31, 14.95, 10.57, 14.51, 0.000, 0.000, 0.000, 14:43:26.689, L
58, 17.42, 12.04, 9.73, 13.96, 0.000, 0.000, 0.000, 14:43:26.689, L
59, 11.08, 10.11, 4.89, 9.87, 0.000, 0.000, 0.000, 14:43:26.690, L
60, 13.42, 11.12, 10.53, 11.85, 0.000, 0.000, 0.000, 14:43:26.690, L
61, 13.19, 13.11, 5.06, 13.42, 0.000, 0.000, 0.000, 14:43:26.703, L
62, 11.45, 13.53, 2.04, 13.61, 0.000, 0.000, 0.000, 14:43:26.703, L
63, 8.81, 9.43, 8.75, 9.98, 0.000, 0.000, 0.000, 14:43:26.718, L
64, 8.27, 7.89, 6.68, 13.63, 0.000, 0.000, 0.000, 14:43:26.719, L
65, 14.88, 15.50, 8.21, 15.88, 0.000, 0.000, 0.000, 14:43:26.720, L
66, 12.95, 13.30, 2.38, 16.53, 0.000, 0.000, 0.000, 14:43:26.720, L
67, 11.55, 12.06, 6.99, 9.95, 0.000, 0.000, 0.000, 14:43:26.733, L
68, 10.19, 9.94, 9.56, 11.60, 0.000, 0.000, 0.000, 14:43:26.733, L
69, 14.57, 14.42, 3.83, 15.49, 0.000, 0.000, 0.000, 14:43:26.747, L
70, 7.90, 10.01, 5.86, 12.67, 0.000, 0.000, 0.000, 14:43:26.748, L
71, 6.70, 7.11, 6.83, 17.22, 0.000, 0.000, 0.000, 14:43:26.748, L
72, 12.84, 8.79, 9.29, 11.92, 0.000, 0.000, 0.000, 14:43:26.749, L
73, 15.42, 18.38, 9.24, 16.21, 0.000, 0.000, 0.000, 14:43:26.763, L
74, 10.87, 12.55, 9.58, 13.70, 0.000, 0.000, 0.000, 14:43:26.763, L
75, 10.17, 8.88, 6.27, 9.25, 0.000, 0.000, 0.000, 14:43:26.777, L
76, 12.79, 11.40, 8.08, 14.93, 0.000, 0.000, 0.000, 14:43:26.778, L
77, 11.25, 15.14, 10.78, 14.33, 0.000, 0.000, 0.000, 14:43:26.778, L
78, 15.00, 12.99, 14.64, 11.10, 0.000, 0.000, 0.000, 14:43:26.778, L
79, 18.30, 9.74, 8.12, 15.91, 0.000, 0.000, 0.000, 14:43:26.793, L
80, 11.94, 17.34, 8.43, 15.72, 0.000, 0.000, 0.000, 14:43:26.793, L
81, 10.84, 12.49, 9.92, 13.93, 0.000, 0.000, 0.000, 14:43:26.808, L
82, 7.49, 9.83, 8.32, 10.94, 0.000, 0.000, 0.000, 14:43:26.808, L
83, 9.71, 8.35, 10.54, 12.05, 0.000, 0.000, 0.000, 14:43:26.808, L
84, 10.65, 14.55, 8.51, 12.70, 0.000, 0.000, 0.000, 14:43:26.808, L
85, 17.09, 15.36, 8.88, 12.74, 0.000, 0.000, 0.000, 14:43:26.823, L
86, 14.61, 10.42, 10.14, 17.71, 0.000, 0.000, 0.000, 14:43:26.823, L
87, 11.48, 9.14, 6.24, 10.74, 0.000, 0.000, 0.000, 14:43:26.838, L
88, 12.55, 11.12, 7.10, 12.72, 0.000, 0.000, 0.000, 14:43:26.838, L
89, 14.02, 11.58, 9.35, 14.27, 0.000, 0.000, 0.000, 14:43:26.845, L
90, 15.09, 12.85, 10.10, 12.85, 0.000, 0.000, 0.000, 14:43:26.845, L
91, 7.84, 13.36, 2.87, 18.63, 0.000, 0.000, 0.000, 14:43:26.853, L
92, 8.88, 11.38, 7.54, 15.46, 0.000, 0.000, 0.000, 14:43:26.853, L
93, 15.82, 15.46, 9.89, 14.88, 0.000, 0.000, 0.000, 14:43:26.867, L
94, 12.98, 11.22, 14.35, 9.18, 0.000, 0.000, 0.000, 14:43:26.868, L
95, 9.51, 7.24, 16.80, 12.72, 0.000, 0.000, 0.000, 14:43:26.870, L
96, 9.41, 14.43, 9.61, 10.83, 0.000, 0.000, 0.000, 14:43:26.870, L
97, 21.35, 15.77, 9.65, 20.32, 0.000, 0.000, 0.000, 14:43:26.883, L
98, 7.90, 11.79, 10.08, 15.25, 0.000, 0.000, 0.000, 14:43:26.883, L
99, 11.16, 12.74, 2.28, 13.15, 0.000, 0.000, 0.000, 14:43:26.898, L
100, 8.54, 10.67, 5.97, 9.20, 0.000, 0.000, 0.000, 14:43:26.898, L
101, 12.55, 11.31, 7.28, 14.95, 0.000, 0.000, 0.000, 14:43:26.898, L
102, 7.89, 7.34, 5.87, 10.41, 0.000, 0.000, 0.000, 14:43:26.898, L
103, 14.53, 10.56, 9.80, 11.26, 0.000, 0.000, 0.000, 14:43:26.913, L
104, 12.76, 11.30, 6.86, 12.34, 0.000, 0.000, 0.000, 14:43:26.913, L
105, 11.75, 12.43, 9.74, 14.36, 0.000, 0.000, 0.000, 14:43:26.928, L
106, 11.71, 10.48, 10.72, 15.29, 0.000, 0.000, 0.000, 14:43:26.928, L
107, 10.82, 9.81, 10.22, 9.88, 0.000, 0.000, 0.000, 14:43:26.928, L
108, 10.14, 10.29, 11.68, 12.84, 0.000, 0.000, 0.000, 14:43:26.928, L
109, 17.54, 14.12, 8.24, 15.90, 0.000, 0.000, 0.000, 14:43:26.943, L
110, 12.33, 14.07, 9.08, 13.21, 0.000, 0.000, 0.000, 14:43:26.943, L
111, 14.52, 14.48, 13.64, 11.20, 0.000, 0.000, 0.000, 14:43:26.958, L
112, 12.01, 11.08, 6.34, 14.76, 0.000, 0.000, 0.000, 14:43:26.958, L
113, 10.51, 13.53, 7.29, 12.71, 0.000, 0.000, 0.000, 14:43:26.959, L
114, 12.04, 13.94, 9.52, 17.38, 0.000, 0.000, 0.000, 14:43:26.959, L
115, 14.18, 8.73, 6.86, 11.11, 0.000, 0.000, 0.000, 14:43:26.973, L
116, 15.04, 12.42, 13.97, 15.43, 0.000, 0.000, 0.000, 14:43:26.973, L
117, 14.34, 14.53, 9.49, 14.98, 0.000, 0.000, 0.000, 14:43:26.989, L
118, 13.70, 10.78, 2.16, 12.03, 0.000, 0.000, 0.000, 14:43:26.989, L
119, 9.23, 8.84, 13.59, 8.25, 0.000, 0.000, 0.000, 14:43:26.990, L
120, 14.14, 10.64, 2.79, 17.19, 0.000, 0.000, 0.000, 14:43:26.990, L
121, 14.14, 13.78, 3.77, 17.06, 0.000, 0.000, 0.000, 14:43:27.010, L
122, 9.82, 10.32, -0.41, 9.98, 0.000, 0.000, 0.000, 14:43:27.010, L
123, 10.43, 12.59, 6.80, 8.78, 0.000, 0.000, 0.000, 14:43:27.032, L
124, 9.04, 11.62, 11.69, 17.12, 0.000, 0.000, 0.000, 14:43:27.033, L
125, 8.71, 12.18, 9.60, 16.89, 0.000, 0.000, 0.000, 14:43:27.037, L
126, 6.58, 11.30, 8.61, 15.63, 0.000, 0.000, 0.000, 14:43:27.038, L
127, 14.59, 13.31, 4.14, 9.11, 0.000, 0.000, 0.000, 14:43:27.040, L
128, 11.70, 10.92, 15.20, 19.77, 0.000, 0.000, 0.000, 14:43:27.040, L
129, 12.70, 15.57, 21.33, 12.98, 0.000, 0.000, 0.000, 14:43:27.040, L
130, 15.93, 15.56, 16.41, 14.53, 0.000, 0.000, 0.000, 14:43:27.040, L
131, 9.59, 9.99, 5.13, 8.28, 0.000, 0.000, 0.000, 14:43:27.048, L
132, 11.61, 12.63, 8.79, 9.81, 0.000, 0.000, 0.000, 14:43:27.048, L
133, 16.66, 14.74, 1.61, 19.26, 0.000, 0.000, 0.000, 14:43:27.062, L
134, 14.02, 14.81, -0.52, 16.37, 0.000, 0.000, 0.000, 14:43:27.063, L
135, 7.62, 8.49, 2.62, 7.09, 0.000, 0.000, 0.000, 14:43:27.078, L
136, 14.54, 8.43, 6.49, 9.60, 0.000, 0.000, 0.000, 14:43:27.079, L
137, 15.57, 14.50, 4.83, 15.72, 0.000, 0.000, 0.000, 14:43:27.079, L
138, 10.78, 8.76, 6.16, 11.09, 0.000, 0.000, 0.000, 14:43:27.079, L
139, 14.86, 9.00, 9.96, 12.58, 0.000, 0.000, 0.000, 14:43:27.093, L
140, 14.50, 11.85, 13.04, 11.99, 0.000, 0.000, 0.000, 14:43:27.093, L
141, 13.88, 18.10, 11.74, 13.71, 0.000, 0.000, 0.000, 14:43:27.108, L
142, 10.11, 13.43, 11.93, 12.05, 0.000, 0.000, 0.000, 14:43:27.109, L
143, 15.23, 9.17, 11.18, 11.70, 0.000, 0.000, 0.000, 14:43:27.109, L
144, 11.07, 13.17, 12.19, 14.79, 0.000, 0.000, 0.000, 14:43:27.109, L
145, 14.40, 11.40, 15.00, 17.72, 0.000, 0.000, 0.000, 14:43:27.123, L
146, 10.80, 14.53, 8.82, 11.45, 0.000, 0.000, 0.000, 14:43:27.123, L
147, 11.94, 12.89, 12.12, 14.80, 0.000, 0.000, 0.000, 14:43:27.152, L
148, 11.71, 8.97, 5.59, 17.71, 0.000, 0.000, 0.000, 14:43:27.153, L
149, 17.77, 16.27, 4.82, 14.48, 0.000, 0.000, 0.000, 14:43:27.154, L
150, 7.95, 17.25, 11.95, 13.46, 0.000, 0.000, 0.000, 14:43:27.155, L
151, 11.55, 12.78, 10.11, 13.54, 0.000, 0.000, 0.000, 14:43:27.155, L
152, 10.89, 9.57, 7.96, 10.56, 0.000, 0.000, 0.000, 14:43:27.155, L
153, 11.45, 12.44, 7.12, 14.53, 0.000, 0.000, 0.000, 14:43:27.155, L
154, 15.05, 15.62, 9.56, 17.83, 0.000, 0.000, 0.000, 14:43:27.156, L
155, 8.31, 9.51, 7.61, 13.65, 0.000, 0.000, 0.000, 14:43:27.168, L
156, 12.68, 10.49, 1.96, 16.36, 0.000, 0.000, 0.000, 14:43:27.169, L
157, 9.77, 11.77, 7.18, 13.85, 0.000, 0.000, 0.000, 14:43:27.183, L
158, 14.09, 10.70, 6.02, 13.11, 0.000, 0.000, 0.000, 14:43:27.183, L
159, 10.76, 11.27, 7.02, 12.06, 0.000, 0.000, 0.000, 14:43:27.197, L
160, 13.03, 13.09, 9.35, 14.56, 0.000, 0.000, 0.000, 14:43:27.198, L
161, 11.83, 12.86, 7.98, 11.36, 0.000, 0.000, 0.000, 14:43:27.198, L
162, 10.82, 11.47, 8.70, 8.77, 0.000, 0.000, 0.000, 14:43:27.198, L
163, 10.91, 11.19, 5.25, 15.09, 0.000, 0.000, 0.000, 14:43:27.213, L
164, 9.75, 11.30, 6.11, 10.46, 0.000, 0.000, 0.000, 14:43:27.213, L
165, 17.47, 14.02, 3.67, 13.75, 0.000, 0.000, 0.000, 14:43:27.228, L
166, 12.43, 9.37, 5.73, 12.40, 0.000, 0.000, 0.000, 14:43:27.228, L
167, 12.65, 13.72, 10.60, 11.48, 0.000, 0.000, 0.000, 14:43:27.228, L
168, 12.44, 12.74, 10.03, 13.70, 0.000, 0.000, 0.000, 14:43:27.228, L
169, 13.02, 9.86, 3.11, 11.78, 0.000, 0.000, 0.000, 14:43:27.243, L
170, 13.97, 12.50, 13.52, 11.97, 0.000, 0.000, 0.000, 14:43:27.243, L
171, 8.68, 11.30, 13.70, 12.72, 0.000, 0.000, 0.000, 14:43:27.272, L
172, 14.88, 15.31, 1.63, 11.53, 0.000, 0.000, 0.000, 14:43:27.272, L
173, 11.04, 12.86, 6.25, 16.05, 0.000, 0.000, 0.000, 14:43:27.273, L
174, 7.60, 11.84, 16.30, 12.73, 0.000, 0.000, 0.000, 14:43:27.273, L
175, 11.06, 12.03, 10.00, 16.62, 0.000, 0.000, 0.000, 14:43:27.274, L
176, 9.99, 15.38, 10.74, 11.51, 0.000, 0.000, 0.000, 14:43:27.274, L
177, 15.92, 15.37, 12.68, 19.67, 0.000, 0.000, 0.000, 14:43:27.275, L
178, 12.81, 11.34, 8.39, 13.96, 0.000, 0.000, 0.000, 14:43:27.275, L
179, 10.17, 11.72, 10.03, 10.34, 0.000, 0.000, 0.000, 14:43:27.287, L
180, 13.13, 12.68, 8.14, 14.81, 0.000, 0.000, 0.000, 14:43:27.288, L
181, 16.19, 12.40, 5.70, 13.54, 0.000, 0.000, 0.000, 14:43:27.303, L
182, 15.48, 11.83, 4.51, 11.48, 0.000, 0.000, 0.000, 14:43:27.303, L
183, 12.82, 9.95, 7.02, 11.69, 0.000, 0.000, 0.000, 14:43:27.319, L
184, 8.21, 12.94, 16.00, 13.91, 0.000, 0.000, 0.000, 14:43:27.319, L
185, 13.67, 15.76, 11.32, 15.85, 0.000, 0.000, 0.000, 14:43:27.319, L
186, 11.10, 12.61, 11.05, 13.87, 0.000, 0.000, 0.000, 14:43:27.320, L
187, 7.30, 8.17, 8.30, 13.27, 0.000, 0.000, 0.000, 14:43:27.333, L
188, 12.71, 7.59, 14.45, 13.52, 0.000, 0.000, 0.000, 14:43:27.333, L
189, 12.93, 10.94, 8.06, 16.14, 0.000, 0.000, 0.000, 14:43:27.348, L
190, 14.10, 9.41, 10.32, 15.14, 0.000, 0.000, 0.000, 14:43:27.348, L
191, 20.12, 13.11, 8.55, 11.98, 0.000, 0.000, 0.000, 14:43:27.348, L
192, 17.42, 15.39, 7.50, 6.59, 0.000, 0.000, 0.000, 14:43:27.348, L
193, 11.66, 17.03, 7.07, 13.04, 0.000, 0.000, 0.000, 14:43:27.363, L
194, 13.71, 12.79, 11.95, 13.56, 0.000, 0.000, 0.000, 14:43:27.363, L
195, 8.68, 9.98, -1.44, 10.35, 0.000, 0.000, 0.000, 14:43:27.378, L
196, 13.50, 9.71, 9.60, 12.14, 0.000, 0.000, 0.000, 14:43:27.378, L
197, 17.65, 11.95, 9.54, 16.09, 0.000, 0.000, 0.000, 14:43:27.378, L
198, 7.84, 10.95, 3.40, 13.99, 0.000, 0.000, 0.000, 14:43:27.378, L
199, 6.83, 14.80, 6.10, 13.74, 0.000, 0.000, 0.000, 14:43:27.392, L
200, 11.70, 10.59, 14.10, 12.78, 0.000, 0.000, 0.000, 14:43:27.393, L
0, 10.93, 15.86, 15.91, 17.03, 0.000, 0.000, 0.000, 14:43:27.393, L
1, 9.76, 9.87, 11.67, 13.29, 0.000, 0.000, 0.000, 14:43:27.408, L
2, 15.81, 10.01, 7.89, 14.78, 0.000, 0.000, 0.000, 14:43:27.408, L
3, 10.61, 12.38, 7.89, 12.61, 0.000, 0.000, 0.000, 14:43:27.423, L
4, 12.13, 14.62, 9.24, 18.08, 0.000, 0.000, 0.000, 14:43:27.423, L
5, 10.38, 10.08, 8.61, 15.43, 0.000, 0.000, 0.000, 14:43:27.424, L
6, 6.73, 9.18, 8.35, 12.36, 0.000, 0.000, 0.000, 14:43:27.424, L
7, 12.64, 10.15, -2.05, 13.57, 0.000, 0.000, 0.000, 14:43:27.438, L
8, 13.49, 16.33, 9.74, 16.29, 0.000, 0.000, 0.000, 14:43:27.438, L
9, 13.41, 13.96, -5.06, 16.39, 0.000, 0.000, 0.000, 14:43:27.453, L
10, 7.44, 11.06, 2.28, 10.98, 0.000, 0.000, 0.000, 14:43:27.453, L
11, 18.09, 12.91, 5.11, 11.37, 0.000, 0.000, 0.000, 14:43:27.455, L
12, 12.15, 9.58, 11.11, 17.08, 0.000, 0.000, 0.000, 14:43:27.455, L
13, 14.86, 11.79, 14.85, 16.33, 0.000, 0.000, 0.000, 14:43:27.469, L
14, 11.20, 8.80, 7.41, 10.37, 0.000, 0.000, 0.000, 14:43:27.469, L
15, 9.66, 12.40, 8.79, 14.57, 0.000, 0.000, 0.000, 14:43:27.483, L
16, 11.84, 14.90, 10.58, 16.58, 0.000, 0.000, 0.000, 14:43:27.483, L
17, 8.92, 9.92, 16.03, 11.67, 0.000, 0.000, 0.000, 14:43:27.483, L
18, 9.05, 9.93, 0.75, 13.91, 0.000, 0.000, 0.000, 14:43:27.484, L
19, 11.08, 14.96, 13.26, 15.25, 0.000, 0.000, 0.000, 14:43:27.498, L
20, 11.27, 13.09, 10.42, 17.54, 0.000, 0.000, 0.000, 14:43:27.498, L
21, 10.02, 11.13, 12.19, 7.78, 0.000, 0.000, 0.000, 14:43:27.513, L
22, 5.81, 9.99, 5.32, 8.14, 0.000, 0.000, 0.000, 14:43:27.513, L
23, 11.65, 9.07, 8.72, 14.37, 0.000, 0.000, 0.000, 14:43:27.513, L
24, 16.04, 11.20, 10.42, 15.59, 0.000, 0.000, 0.000, 14:43:27.514, L
25, 8.11, 7.76, 3.92, 9.34, 0.000, 0.000, 0.000, 14:43:27.528, L
26, 14.43, 7.92, 9.48, 10.58, 0.000, 0.000, 0.000, 14:43:27.528, L
27, 13.33, 14.16, 14.68, 12.31, 0.000, 0.000, 0.000, 14:43:27.549, L
28, 12.16, 14.05, 8.07, 15.29, 0.000, 0.000, 0.000, 14:43:27.549, L
29, 12.38, 14.10, 7.26, 12.95, 0.000, 0.000, 0.000, 14:43:27.550, L
30, 12.46, 13.50, 4.95, 12.91, 0.000, 0.000, 0.000, 14:43:27.550, L
31, 11.80, 12.49, 5.56, 15.67, 0.000, 0.000, 0.000, 14:43:27.558, L
32, 19.49, 13.70, 8.94, 14.78, 0.000, 0.000, 0.000, 14:43:27.558, L
33, 9.58, 10.01, 4.52, 14.19, 0.000, 0.000, 0.000, 14:43:27.574, L
34, 5.94, 14.21, 5.00, 11.54, 0.000, 0.000, 0.000, 14:43:27.574, L
35, 13.99, 11.08, 14.51, 12.49, 0.000, 0.000, 0.000, 14:43:27.575, L
36, 12.78, 12.01, 16.56, 17.97, 0.000, 0.000, 0.000, 14:43:27.575, L
37, 10.58, 12.75, 11.23, 11.45, 0.000, 0.000, 0.000, 14:43:27.589, L
38, 9.65, 9.93, 3.75, 9.68, 0.000, 0.000, 0.000, 14:43:27.590, L
39, 13.98, 9.82, 8.42, 13.00, 0.000, 0.000, 0.000, 14:43:27.603, L
40, 12.71, 13.06, 5.98, 16.10, 0.000, 0.000, 0.000, 14:43:27.603, L
41, 11.13, 11.55, 5.45, 11.02, 0.000, 0.000, 0.000, 14:43:27.603, L
42, 6.20, 6.28, 8.69, 11.95, 0.000, 0.000, 0.000, 14:43:27.603, L
43, 10.25, 13.72, 8.64, 12.80, 0.000, 0.000, 0.000, 14:43:27.619, L
44, 14.99, 14.91, 12.30, 14.91, 0.000, 0.000, 0.000, 14:43:27.619, L
45, 9.27, 13.49, 11.62, 13.96, 0.000, 0.000, 0.000, 14:43:27.633, L
46, 7.01, 11.65, 6.22, 12.36, 0.000, 0.000, 0.000, 14:43:27.633, L
47, 17.03, 12.35, 2.93, 15.83, 0.000, 0.000, 0.000, 14:43:27.634, L
48, 16.25, 14.88, 8.78, 16.81, 0.000, 0.000, 0.000, 14:43:27.634, L
49, 11.25, 11.40, 5.30, 12.56, 0.000, 0.000, 0.000, 14:43:27.648, L
50, 5.47, 7.35, 7.93, 7.82, 0.000, 0.000, 0.000, 14:43:27.648, L
51, 13.35, 11.20, 9.47, 12.08, 0.000, 0.000, 0.000, 14:43:27.663, L
52, 15.07, 13.75, 9.50, 12.46, 0.000, 0.000, 0.000, 14:43:27.663, L
53, 8.40, 13.62, 10.03, 12.55, 0.000, 0.000, 0.000, 14:43:27.663, L
54, 10.32, 9.05, 8.22, 12.68, 0.000, 0.000, 0.000, 14:43:27.663, L
55, 8.05, 9.93, 9.48, 12.96, 0.000, 0.000, 0.000, 14:43:27.678, L
56, 10.82, 11.50, 5.78, 16.18, 0.000, 0.000, 0.000, 14:43:27.678, L
57, 9.73, 12.64, 8.00, 14.13, 0.000, 0.000, 0.000, 14:43:27.693, L
58, 9.07, 16.16, 8.78, 9.20, 0.000, 0.000, 0.000, 14:43:27.693, L
59, 12.85, 10.91, 10.11, 11.11, 0.000, 0.000, 0.000, 14:43:27.700, L
60, 20.08, 12.05, 7.12, 14.19, 0.000, 0.000, 0.000, 14:43:27.700, L
61, 12.11, 9.30, 6.21, 11.71, 0.000, 0.000, 0.000, 14:43:27.708, L
62, 13.94, 11.21, 10.57, 11.55, 0.000, 0.000, 0.000, 14:43:27.708, L
63, 11.14, 14.25, 9.71, 18.62, 0.000, 0.000, 0.000, 14:43:27.723, L
64, 12.92, 15.19, 7.68, 14.19, 0.000, 0.000, 0.000, 14:43:27.723, L
65, 8.76, 11.34, 13.31, 7.77, 0.000, 0.000, 0.000, 14:43:27.724, L
66, 7.42, 9.39, 8.68, 12.09, 0.000, 0.000, 0.000, 14:43:27.724, L
67, 11.18, 11.72, 4.30, 10.58, 0.000, 0.000, 0.000, 14:43:27.742, L
68, 11.87, 12.79, 6.34, 12.95, 0.000, 0.000, 0.000, 14:43:27.743, L
69, 11.97, 11.80, 8.00, 15.08, 0.000, 0.000, 0.000, 14:43:27.759, L
70, 10.46, 9.31, 9.52, 9.31, 0.000, 0.000, 0.000, 14:43:27.759, L
71, 15.08, 13.84, 16.14, 14.41, 0.000, 0.000, 0.000, 14:43:27.760, L
72, 17.03, 11.99, 11.45, 15.96, 0.000, 0.000, 0.000, 14:43:27.760, L
73, 12.83, 12.91, 10.90, 12.14, 0.000, 0.000, 0.000, 14:43:27.772, L
74, 12.93, 8.60, 13.71, 10.00, 0.000, 0.000, 0.000, 14:43:27.772, L
75, 17.57, 13.50, 6.76, 12.39, 0.000, 0.000, 0.000, 14:43:27.784, L
76, 15.34, 16.02, 7.02, 14.19, 0.000, 0.000, 0.000, 14:43:27.785, L
77, 11.78, 11.46, 7.96, 11.41, 0.000, 0.000, 0.000, 14:43:27.786, L
78, 8.61, 14.39, 8.83, 16.00, 0.000, 0.000, 0.000, 14:43:27.786, L
79, 19.32, 14.70, 8.43, 15.99, 0.000, 0.000, 0.000, 14:43:27.798, L
80, 11.11, 13.09, 12.13, 16.77, 0.000, 0.000, 0.000, 14:43:27.798, L
81, 11.07, 8.57, 10.05, 12.03, 0.000, 0.000, 0.000, 14:43:27.813, L
82, 9.71, 5.06, 5.49, 11.24, 0.000, 0.000, 0.000, 14:43:27.813, L
83, 7.50, 12.99, 9.18, 14.57, 0.000, 0.000, 0.000, 14:43:27.813, L
84, 10.48, 14.76, 7.72, 13.02, 0.000, 0.000, 0.000, 14:43:27.813, L
85, 11.35, 10.63, 4.20, 14.61, 0.000, 0.000, 0.000, 14:43:27.828, L
86, 9.52, 11.45, 5.77, 10.94, 0.000, 0.000, 0.000, 14:43:27.828, L
87, 12.94, 13.73, 11.26, 15.75, 0.000, 0.000, 0.000, 14:43:27.843, L
88, 13.80, 12.07, -3.44, 14.84, 0.000, 0.000, 0.000, 14:43:27.843, L
89, 13.67, 12.98, 7.23, 14.53, 0.000, 0.000, 0.000, 14:43:27.844, L
90, 8.46, 12.32, -1.25, 8.18, 0.000, 0.000, 0.000, 14:43:27.844, L
91, 14.05, 12.10, 11.32, 13.48, 0.000, 0.000, 0.000, 14:43:27.858, L
92, 13.52, 14.31, 4.95, 15.40, 0.000, 0.000, 0.000, 14:43:27.858, L
93, 10.49, 12.09, 10.35, 14.27, 0.000, 0.000, 0.000, 14:43:27.873, L
94, 12.32, 13.17, 8.04, 14.18, 0.000, 0.000, 0.000, 14:43:27.873, L
95, 14.70, 13.10, 7.16, 16.67, 0.000, 0.000, 0.000, 14:43:27.873, L
96, 12.68, 15.93, 14.71, 16.26, 0.000, 0.000, 0.000, 14:43:27.873, L
97, 14.11, 11.47, 8.75, 16.00, 0.000, 0.000, 0.000, 14:43:27.889, L
98, 11.01, 7.28, 8.81, 11.76, 0.000, 0.000, 0.000, 14:43:27.889, L
99, 11.92, 12.08, 6.31, 12.01, 0.000, 0.000, 0.000, 14:43:27.903, L
100, 16.65, 10.87, 13.61, 15.91, 0.000, 0.000, 0.000, 14:43:27.903, L
101, 9.86, 8.63, 10.77, 16.35, 0.000, 0.000, 0.000, 14:43:27.903, L
102, 6.47, 8.70, 6.08, 12.93, 0.000, 0.000, 0.000, 14:43:27.904, L
103, 11.21, 17.15, 10.94, 15.67, 0.000, 0.000, 0.000, 14:43:27.918, L
104, 12.17, 13.48, 10.35, 14.47, 0.000, 0.000, 0.000, 14:43:27.919, L
105, 8.80, 9.98, 13.98, 12.01, 0.000, 0.000, 0.000, 14:43:27.933, L
106, 7.26, 11.47, 13.08, 12.70, 0.000, 0.000, 0.000, 14:43:27.935, L
107, 12.70, 7.38, 8.27, 9.98, 0.000, 0.000, 0.000, 14:43:27.936, L
108, 13.36, 8.16, 7.32, 13.95, 0.000, 0.000, 0.000, 14:43:27.936, L
109, 15.17, 14.74, 1.83, 10.32, 0.000, 0.000, 0.000, 14:43:27.948, L
110, 11.70, 11.50, 15.76, 10.69, 0.000, 0.000, 0.000, 14:43:27.948, L
111, 14.97, 9.11, 6.74, 11.64, 0.000, 0.000, 0.000, 14:43:27.963, L
112, 13.43, 12.60, 8.60, 15.75, 0.000, 0.000, 0.000, 14:43:27.963, L
113, 9.74, 13.02, 11.66, 13.52, 0.000, 0.000, 0.000, 14:43:27.963, L
114, 10.63, 8.17, 11.17, 13.62, 0.000, 0.000, 0.000, 14:43:27.963, L
115, 7.07, 7.63, 8.82, 12.07, 0.000, 0.000, 0.000, 14:43:27.978, L
116, 11.97, 15.30, 7.31, 14.96, 0.000, 0.000, 0.000, 14:43:27.978, L
117, 13.30, 8.26, 14.90, 15.86, 0.000, 0.000, 0.000, 14:43:27.993, L
118, 7.47, 10.51, 6.60, 8.38, 0.000, 0.000, 0.000, 14:43:27.993, L
119, 16.27, 14.35, 6.59, 16.48, 0.000, 0.000, 0.000, 14:43:27.993, L
120, 15.28, 16.86, 8.71, 15.37, 0.000, 0.000, 0.000, 14:43:27.993, L
121, 11.06, 13.59, 13.88, 12.41, 0.000, 0.000, 0.000, 14:43:28.008, L
122, 9.09, 9.72, 4.54, 6.99, 0.000, 0.000, 0.000, 14:43:28.008, L
123, 14.06, 13.29, 3.35, 15.14, 0.000, 0.000, 0.000, 14:43:28.023, L
124, 12.73, 11.88, 11.61, 12.22, 0.000, 0.000, 0.000, 14:43:28.023, L
125, 14.83, 10.64, 10.47, 12.33, 0.000, 0.000, 0.000, 14:43:28.023, L
126, 10.58, 7.50, 9.04, 11.83, 0.000, 0.000, 0.000, 14:43:28.023, L
127, 11.33, 8.23, 8.85, 15.64, 0.000, 0.000, 0.000, 14:43:28.044, L
128, 14.86, 14.75, -2.85, 18.41, 0.000, 0.000, 0.000, 14:43:28.045, L
129, 10.21, 13.80, -1.28, 9.93, 0.000, 0.000, 0.000, 14:43:28.053, L
130, 11.89, 11.45, 11.36, 10.11, 0.000, 0.000, 0.000, 14:43:28.053, L
131, 11.92, 14.91, 11.55, 13.44, 0.000, 0.000, 0.000, 14:43:28.055, L
132, 13.48, 14.50, 13.17, 16.09, 0.000, 0.000, 0.000, 14:43:28.055, L
133, 6.17, 10.79, 11.40, 10.94, 0.000, 0.000, 0.000, 14:43:28.070, L
134, 12.78, 13.40, 9.34, 11.12, 0.000, 0.000, 0.000, 14:43:28.070, L
135, 11.11, 15.08, -0.14, 13.92, 0.000, 0.000, 0.000, 14:43:28.083, L
136, 21.63, 13.64, 16.70, 14.18, 0.000, 0.000, 0.000, 14:43:28.086, L
137, 11.66, 10.73, 8.58, 14.00, 0.000, 0.000, 0.000, 14:43:28.087, L
138, 10.44, 8.34, 5.48, 13.45, 0.000, 0.000, 0.000, 14:43:28.087, L
139, 16.40, 13.34, 13.01, 16.31, 0.000, 0.000, 0.000, 14:43:28.098, L
140, 9.28, 12.15, 10.13, 14.76, 0.000, 0.000, 0.000, 14:43:28.098, L
141, 12.83, 8.86, 14.07, 14.82, 0.000, 0.000, 0.000, 14:43:28.113, L
142, 15.38, 11.56, 11.33, 6.42, 0.000, 0.000, 0.000, 14:43:28.113, L
143, 9.97, 13.11, 9.49, 14.57, 0.000, 0.000, 0.000, 14:43:28.114, L
144, 10.51, 13.72, 1.77, 15.98, 0.000, 0.000, 0.000, 14:43:28.114, L
145, 11.44, 9.50, 2.69, 14.21, 0.000, 0.000, 0.000, 14:43:28.128, L
146, 10.07, 8.93, 11.53, 8.24, 0.000, 0.000, 0.000, 14:43:28.128, L
147, 18.02, 13.86, 10.43, 14.11, 0.000, 0.000, 0.000, 14:43:28.143, L
148, 9.22, 8.58, 10.38, 18.76, 0.000, 0.000, 0.000, 14:43:28.143, L
149, 12.15, 10.15, 8.43, 15.81, 0.000, 0.000, 0.000, 14:43:28.143, L
150, 11.75, 15.42, 8.53, 14.63, 0.000, 0.000, 0.000, 14:43:28.143, L
151, 12.00, 13.07, 4.88, 14.06, 0.000, 0.000, 0.000, 14:43:28.158, L
152, 15.58, 14.49, 10.03, 15.96, 0.000, 0.000, 0.000, 14:43:28.158, L
153, 6.86, 10.29, 0.26, 14.46, 0.000, 0.000, 0.000, 14:43:28.173, L
154, 4.36, 7.55, 6.34, 7.73, 0.000, 0.000, 0.000, 14:43:28.173, L
155, 11.63, 11.72, 10.58, 10.64, 0.000, 0.000, 0.000, 14:43:28.173, L
156, 8.90, 14.15, 7.30, 15.21, 0.000, 0.000, 0.000, 14:43:28.174, L
157, 12.90, 11.07, 5.50, 12.55, 0.000, 0.000, 0.000, 14:43:28.189, L
158, 14.30, 10.51, 9.11, 13.04, 0.000, 0.000, 0.000, 14:43:28.189, L
159, 15.26, 11.78, 7.42, 15.94, 0.000, 0.000, 0.000, 14:43:28.208, L
160, 12.18, 14.20, 6.52, 15.44, 0.000, 0.000, 0.000, 14:43:28.209, L
161, 9.71, 11.84, 8.19, 13.70, 0.000, 0.000, 0.000, 14:43:28.209, L
162, 8.47, 12.18, 9.23, 10.66, 0.000, 0.000, 0.000, 14:43:28.210, L
163, 16.19, 14.82, 14.31, 15.18, 0.000, 0.000, 0.000, 14:43:28.220, L
164, 11.95, 10.36, 11.04, 13.67, 0.000, 0.000, 0.000, 14:43:28.220, L
165, 11.98, 9.47, 5.95, 6.75, 0.000, 0.000, 0.000, 14:43:28.234, L
166, 7.88, 9.12, 5.98, 11.95, 0.000, 0.000, 0.000, 14:43:28.236, L
167, 11.24, 14.21, 7.20, 16.59, 0.000, 0.000, 0.000, 14:43:28.239, L
168, 14.53, 16.98, 13.48, 14.66, 0.000, 0.000, 0.000, 14:43:28.239, L
169, 13.18, 12.41, 1.34, 12.21, 0.000, 0.000, 0.000, 14:43:28.248, L
170, 6.89, 9.30, 2.85, 10.09, 0.000, 0.000, 0.000, 14:43:28.248, L
171, 14.55, 17.73, 10.59, 12.39, 0.000, 0.000, 0.000, 14:43:28.262, L
172, 19.81, 14.69, 14.75, 17.56, 0.000, 0.000, 0.000, 14:43:28.263, L
173, 8.67, 11.57, 5.52, 13.41, 0.000, 0.000, 0.000, 14:43:28.263, L
174, 10.09, 8.94, 10.42, 14.59, 0.000, 0.000, 0.000, 14:43:28.263, L
175, 16.03, 10.56, 8.36, 17.86, 0.000, 0.000, 0.000, 14:43:28.280, L
176, 12.42, 9.92, 9.55, 16.58, 0.000, 0.000, 0.000, 14:43:28.280, L
177, 6.39, 7.78, 4.39, 8.41, 0.000, 0.000, 0.000, 14:43:28.292, L
178, 8.00, 12.73, 11.32, 12.19, 0.000, 0.000, 0.000, 14:43:28.293, L
179, 14.04, 12.49, 11.50, 11.72, 0.000, 0.000, 0.000, 14:43:28.293, L
180, 12.35, 15.24, 8.92, 18.15, 0.000, 0.000, 0.000, 14:43:28.294, L
