%No., CH1, CH2, CH3, CH4, Accel X, Accel Y, Accel Z, 2017-05-31_10-33-06
0, 5.90, 0.00, 9.53, 10.04, 0.000, 0.000, 0.000, 10:33:10.879
1, 14.91, 0.00, 17.33, 24.13, 0.000, 0.000, 0.000, 10:33:10.895
2, 18.83, 0.00, 26.32, 26.38, 0.000, 0.000, 0.000, 10:33:10.896
3, 11.54, 0.00, 9.10, 13.69, 0.000, 0.000, 0.000, 10:33:10.908
4, 4.10, 0.00, 5.94, 8.34, 0.000, 0.000, 0.000, 10:33:10.910
5, 15.92, 0.00, 15.03, 24.09, 0.000, 0.000, 0.000, 10:33:10.911
6, 18.25, 0.00, 28.18, 29.64, 0.000, 0.000, 0.000, 10:33:10.912
7, 11.01, 0.00, 9.49, 17.36, 0.000, 0.000, 0.000, 10:33:10.921
8, 6.14, 0.00, 8.70, 10.08, 0.000, 0.000, 0.000, 10:33:10.922
9, 14.82, 0.00, 20.92, 20.13, 0.000, 0.000, 0.000, 10:33:10.935
10, 22.21, 0.00, 22.94, 25.40, 0.000, 0.000, 0.000, 10:33:10.936
11, 10.52, 0.00, 9.46, 11.75, 0.000, 0.000, 0.000, 10:33:10.936
12, 4.89, 0.00, 6.22, 7.51, 0.000, 0.000, 0.000, 10:33:10.939
13, 12.61, 0.00, 24.93, 18.42, 0.000, 0.000, 0.000, 10:33:10.952
14, 20.09, 0.00, 26.36, 26.34, 0.000, 0.000, 0.000, 10:33:10.953
15, 8.66, 0.00, 14.77, 18.10, 0.000, 0.000, 0.000, 10:33:10.966
16, 1.54, 0.00, 7.47, 10.69, 0.000, 0.000, 0.000, 10:33:10.966
17, 14.80, 0.00, 16.21, 21.49, 0.000, 0.000, 0.000, 10:33:10.966
18, 19.70, 0.00, 25.36, 27.28, 0.000, 0.000, 0.000, 10:33:10.967
19, 6.22, 0.00, 8.84, 16.98, 0.000, 0.000, 0.000, 10:33:10.981
20, 3.09, 0.00, 1.41, 8.24, 0.000, 0.000, 0.000, 10:33:10.981
21, 15.45, 0.00, 14.84, 20.24, 0.000, 0.000, 0.000, 10:33:10.996
22, 18.52, 0.00, 23.73, 29.38, 0.000, 0.000, 0.000, 10:33:10.998
23, 7.31, 0.00, 12.99, 12.02, 0.000, 0.000, 0.000, 10:33:10.999
24, 5.51, 0.00, 7.47, 9.53, 0.000, 0.000, 0.000, 10:33:10.999
25, 15.76, 0.00, 15.75, 18.36, 0.000, 0.000, 0.000, 10:33:11.012
26, 17.62, 0.00, 24.25, 22.42, 0.000, 0.000, 0.000, 10:33:11.013
27, 11.02, 0.00, 12.16, 17.45, 0.000, 0.000, 0.000, 10:33:11.029
28, 2.95, 0.00, 5.39, 12.54, 0.000, 0.000, 0.000, 10:33:11.030
29, 10.63, 0.00, 16.12, 17.96, 0.000, 0.000, 0.000, 10:33:11.030
30, 21.99, 0.00, 21.87, 26.94, 0.000, 0.000, 0.000, 10:33:11.031
31, 13.33, 0.00, 8.32, 14.47, 0.000, 0.000, 0.000, 10:33:11.040
32, 9.62, 0.00, 5.34, 13.25, 0.000, 0.000, 0.000, 10:33:11.041
33, 14.26, 0.00, 15.45, 20.44, 0.000, 0.000, 0.000, 10:33:11.057
34, 20.15, 0.00, 19.02, 22.04, 0.000, 0.000, 0.000, 10:33:11.057
35, 10.64, 0.00, 15.46, 11.78, 0.000, 0.000, 0.000, 10:33:11.059
36, 5.07, 0.00, 11.93, 8.72, 0.000, 0.000, 0.000, 10:33:11.061
37, 12.52, 0.00, 13.39, 21.31, 0.000, 0.000, 0.000, 10:33:11.070
38, 19.61, 0.00, 27.06, 27.51, 0.000, 0.000, 0.000, 10:33:11.071
39, 12.18, 0.00, 15.28, 13.54, 0.000, 0.000, 0.000, 10:33:11.086
40, 7.45, 0.00, 10.64, 12.48, 0.000, 0.000, 0.000, 10:33:11.086
41, 15.51, 0.00, 16.97, 18.00, 0.000, 0.000, 0.000, 10:33:11.087
42, 18.72, 0.00, 23.40, 24.69, 0.000, 0.000, 0.000, 10:33:11.087
43, 6.34, 0.00, 11.60, 15.90, 0.000, 0.000, 0.000, 10:33:11.100
44, 6.40, 0.00, 10.59, 5.81, 0.000, 0.000, 0.000, 10:33:11.100
45, 13.46, 0.00, 17.60, 20.17, 0.000, 0.000, 0.000, 10:33:11.115
46, 19.32, 0.00, 29.84, 25.37, 0.000, 0.000, 0.000, 10:33:11.116
47, 12.34, 0.00, 4.87, 16.11, 0.000, 0.000, 0.000, 10:33:11.116
48, 3.29, 0.00, 9.21, 12.18, 0.000, 0.000, 0.000, 10:33:11.116
49, 11.75, 0.00, 21.27, 19.45, 0.000, 0.000, 0.000, 10:33:11.130
50, 20.66, 0.00, 22.67, 27.61, 0.000, 0.000, 0.000, 10:33:11.130
51, 11.25, 0.00, 10.88, 19.67, 0.000, 0.000, 0.000, 10:33:11.145
52, 5.27, 0.00, 7.65, 10.97, 0.000, 0.000, 0.000, 10:33:11.146
53, 14.48, 0.00, 16.08, 21.18, 0.000, 0.000, 0.000, 10:33:11.146
54, 18.84, 0.00, 27.36, 21.67, 0.000, 0.000, 0.000, 10:33:11.146
55, 6.40, 0.00, 11.36, 15.63, 0.000, 0.000, 0.000, 10:33:11.160
56, 6.52, 0.00, 10.24, 9.62, 0.000, 0.000, 0.000, 10:33:11.161
57, 13.42, 0.00, 17.17, 21.00, 0.000, 0.000, 0.000, 10:33:11.177
58, 19.30, 0.00, 19.13, 24.13, 0.000, 0.000, 0.000, 10:33:11.179
59, 8.53, 0.00, 12.66, 13.59, 0.000, 0.000, 0.000, 10:33:11.180
60, 4.91, 0.00, 8.58, 12.84, 0.000, 0.000, 0.000, 10:33:11.181
61, 14.19, 0.00, 18.91, 22.12, 0.000, 0.000, 0.000, 10:33:11.197
62, 19.66, 0.00, 25.51, 24.71, 0.000, 0.000, 0.000, 10:33:11.197
63, 8.75, 0.00, 8.35, 13.05, 0.000, 0.000, 0.000, 10:33:11.205
64, 5.55, 0.00, 5.77, 9.09, 0.000, 0.000, 0.000, 10:33:11.205
65, 15.73, 0.00, 21.53, 24.42, 0.000, 0.000, 0.000, 10:33:11.207
66, 16.97, 0.00, 24.34, 23.16, 0.000, 0.000, 0.000, 10:33:11.208
67, 11.19, 0.00, 11.26, 14.96, 0.000, 0.000, 0.000, 10:33:11.221
68, 6.77, 0.00, 5.63, 8.89, 0.000, 0.000, 0.000, 10:33:11.221
69, 13.88, 0.00, 17.82, 20.95, 0.000, 0.000, 0.000, 10:33:11.236
70, 22.08, 0.00, 24.87, 22.67, 0.000, 0.000, 0.000, 10:33:11.236
71, 10.92, 0.00, 11.51, 14.49, 0.000, 0.000, 0.000, 10:33:11.236
72, 0.94, 0.00, 8.70, 6.45, 0.000, 0.000, 0.000, 10:33:11.237
73, 12.44, 0.00, 19.33, 20.35, 0.000, 0.000, 0.000, 10:33:11.251
74, 16.79, 0.00, 20.55, 28.10, 0.000, 0.000, 0.000, 10:33:11.252
75, 7.71, 0.00, 13.09, 15.58, 0.000, 0.000, 0.000, 10:33:11.266
76, 1.11, 0.00, 14.64, 10.11, 0.000, 0.000, 0.000, 10:33:11.266
77, 15.42, 0.00, 17.99, 14.93, 0.000, 0.000, 0.000, 10:33:11.267
78, 20.67, 0.00, 22.77, 25.62, 0.000, 0.000, 0.000, 10:33:11.267
79, 11.83, 0.00, 8.56, 16.27, 0.000, 0.000, 0.000, 10:33:11.281
80, 9.35, 0.00, 10.31, 10.58, 0.000, 0.000, 0.000, 10:33:11.281
81, 15.51, 0.00, 21.72, 20.26, 0.000, 0.000, 0.000, 10:33:11.313
82, 16.60, 0.00, 22.08, 26.25, 0.000, 0.000, 0.000, 10:33:11.313
83, 11.10, 0.00, 11.54, 12.88, 0.000, 0.000, 0.000, 10:33:11.313
84, -0.18, 0.00, 6.16, 10.04, 0.000, 0.000, 0.000, 10:33:11.313
85, 12.97, 0.00, 18.65, 22.45, 0.000, 0.000, 0.000, 10:33:11.314
86, 17.87, 0.00, 27.56, 24.40, 0.000, 0.000, 0.000, 10:33:11.314
87, 9.11, 0.00, 8.25, 9.22, 0.000, 0.000, 0.000, 10:33:11.329
88, 3.56, 0.00, 0.07, 9.98, 0.000, 0.000, 0.000, 10:33:11.329
89, 13.58, 0.00, 13.54, 21.66, 0.000, 0.000, 0.000, 10:33:11.330
90, 19.31, 0.00, 24.20, 27.59, 0.000, 0.000, 0.000, 10:33:11.330
91, 9.94, 0.00, 10.65, 16.09, 0.000, 0.000, 0.000, 10:33:11.341
92, 10.53, 0.00, 7.78, 7.96, 0.000, 0.000, 0.000, 10:33:11.341
93, 10.52, 0.00, 17.00, 19.23, 0.000, 0.000, 0.000, 10:33:11.357
94, 20.32, 0.00, 27.64, 25.19, 0.000, 0.000, 0.000, 10:33:11.358
95, 9.43, 0.00, 12.18, 14.45, 0.000, 0.000, 0.000, 10:33:11.360
96, 8.03, 0.00, 9.10, 9.68, 0.000, 0.000, 0.000, 10:33:11.361
97, 13.61, 0.00, 21.57, 23.03, 0.000, 0.000, 0.000, 10:33:11.371
98, 16.38, 0.00, 24.93, 25.09, 0.000, 0.000, 0.000, 10:33:11.373
99, 10.31, 0.00, 9.27, 13.08, 0.000, 0.000, 0.000, 10:33:11.385
100, 8.26, 0.00, 4.11, 10.48, 0.000, 0.000, 0.000, 10:33:11.386
101, 15.96, 0.00, 17.20, 22.47, 0.000, 0.000, 0.000, 10:33:11.386
102, 19.04, 0.00, 24.92, 28.40, 0.000, 0.000, 0.000, 10:33:11.387
103, 4.89, 0.00, 13.58, 16.42, 0.000, 0.000, 0.000, 10:33:11.401
104, 6.85, 0.00, 8.85, 8.17, 0.000, 0.000, 0.000, 10:33:11.401
105, 17.57, 0.00, 19.18, 19.18, 0.000, 0.000, 0.000, 10:33:11.416
106, 15.03, 0.00, 26.83, 24.73, 0.000, 0.000, 0.000, 10:33:11.416
107, 10.16, 0.00, 12.12, 9.07, 0.000, 0.000, 0.000, 10:33:11.417
108, 3.75, 0.00, 2.08, 11.92, 0.000, 0.000, 0.000, 10:33:11.417
109, 13.04, 0.00, 22.18, 22.16, 0.000, 0.000, 0.000, 10:33:11.431
110, 18.95, 0.00, 25.42, 21.35, 0.000, 0.000, 0.000, 10:33:11.431
111, 4.67, 0.00, 13.86, 12.24, 0.000, 0.000, 0.000, 10:33:11.446
112, 6.82, 0.00, 10.83, 9.18, 0.000, 0.000, 0.000, 10:33:11.446
113, 16.23, 0.00, 17.90, 19.33, 0.000, 0.000, 0.000, 10:33:11.446
114, 23.26, 0.00, 24.42, 26.20, 0.000, 0.000, 0.000, 10:33:11.447
115, 11.97, 0.00, 10.70, 12.84, 0.000, 0.000, 0.000, 10:33:11.461
116, 6.31, 0.00, 8.13, 8.84, 0.000, 0.000, 0.000, 10:33:11.461
117, 12.96, 0.00, 16.22, 17.28, 0.000, 0.000, 0.000, 10:33:11.480
118, 19.97, 0.00, 23.64, 26.58, 0.000, 0.000, 0.000, 10:33:11.480
119, 12.11, 0.00, 13.21, 13.27, 0.000, 0.000, 0.000, 10:33:11.481
120, 1.17, 0.00, 7.08, 8.08, 0.000, 0.000, 0.000, 10:33:11.481
121, 16.82, 0.00, 15.96, 26.77, 0.000, 0.000, 0.000, 10:33:11.491
122, 21.10, 0.00, 22.42, 29.54, 0.000, 0.000, 0.000, 10:33:11.492
123, 6.97, 0.00, 12.98, 13.91, 0.000, 0.000, 0.000, 10:33:11.507
124, 6.65, 0.00, 5.20, 11.07, 0.000, 0.000, 0.000, 10:33:11.511
125, 16.98, 0.00, 20.28, 22.81, 0.000, 0.000, 0.000, 10:33:11.513
126, 20.09, 0.00, 24.68, 25.24, 0.000, 0.000, 0.000, 10:33:11.514
127, 11.20, 0.00, 5.89, 16.98, 0.000, 0.000, 0.000, 10:33:11.521
128, 9.23, 0.00, 1.91, 3.49, 0.000, 0.000, 0.000, 10:33:11.522
129, 13.47, 0.00, 23.87, 19.35, 0.000, 0.000, 0.000, 10:33:11.535
130, 19.01, 0.00, 33.07, 22.33, 0.000, 0.000, 0.000, 10:33:11.536
131, 10.51, 0.00, 5.42, 14.39, 0.000, 0.000, 0.000, 10:33:11.536
132, 6.72, 0.00, 7.14, 9.59, 0.000, 0.000, 0.000, 10:33:11.536
133, 14.34, 0.00, 18.51, 22.49, 0.000, 0.000, 0.000, 10:33:11.557
134, 21.02, 0.00, 22.98, 23.80, 0.000, 0.000, 0.000, 10:33:11.558
135, 10.37, 0.00, 14.58, 14.16, 0.000, 0.000, 0.000, 10:33:11.565
136, 1.35, 0.00, 6.88, 11.64, 0.000, 0.000, 0.000, 10:33:11.565
137, 18.33, 0.00, 15.50, 22.84, 0.000, 0.000, 0.000, 10:33:11.566
138, 16.71, 0.00, 18.23, 22.58, 0.000, 0.000, 0.000, 10:33:11.566
139, 9.18, 0.00, 11.59, 15.65, 0.000, 0.000, 0.000, 10:33:11.580
140, 7.15, 0.00, 8.50, 13.16, 0.000, 0.000, 0.000, 10:33:11.581
141, 14.27, 0.00, 22.75, 19.00, 0.000, 0.000, 0.000, 10:33:11.595
142, 17.13, 0.00, 23.50, 23.65, 0.000, 0.000, 0.000, 10:33:11.596
143, 10.97, 0.00, 8.55, 16.85, 0.000, 0.000, 0.000, 10:33:11.596
144, 6.15, 0.00, 13.02, 13.86, 0.000, 0.000, 0.000, 10:33:11.596
145, 8.05, 0.00, 17.77, 20.25, 0.000, 0.000, 0.000, 10:33:11.610
146, 18.10, 0.00, 22.61, 21.55, 0.000, 0.000, 0.000, 10:33:11.611
147, 7.09, 0.00, 12.22, 14.88, 0.000, 0.000, 0.000, 10:33:11.629
148, 7.90, 0.00, 8.32, 14.94, 0.000, 0.000, 0.000, 10:33:11.629
149, 15.19, 0.00, 19.93, 20.78, 0.000, 0.000, 0.000, 10:33:11.629
150, 17.99, 0.00, 21.42, 24.09, 0.000, 0.000, 0.000, 10:33:11.629
151, 8.09, 0.00, 14.20, 14.59, 0.000, 0.000, 0.000, 10:33:11.640
152, 10.34, 0.00, 13.01, 13.48, 0.000, 0.000, 0.000, 10:33:11.641
153, 14.62, 0.00, 22.59, 20.06, 0.000, 0.000, 0.000, 10:33:11.656
154, 20.75, 0.00, 14.31, 24.35, 0.000, 0.000, 0.000, 10:33:11.657
155, 10.33, 0.00, 12.19, 10.90, 0.000, 0.000, 0.000, 10:33:11.657
156, 7.28, 0.00, 12.62, 11.90, 0.000, 0.000, 0.000, 10:33:11.657
157, 14.63, 0.00, 17.41, 20.47, 0.000, 0.000, 0.000, 10:33:11.670
158, 19.66, 0.00, 20.02, 20.27, 0.000, 0.000, 0.000, 10:33:11.671
159, 9.44, 0.00, 14.44, 11.70, 0.000, 0.000, 0.000, 10:33:11.685
160, 8.69, 0.00, 8.94, 10.62, 0.000, 0.000, 0.000, 10:33:11.686
161, 16.40, 0.00, 18.39, 21.23, 0.000, 0.000, 0.000, 10:33:11.686
162, 14.51, 0.00, 25.02, 23.81, 0.000, 0.000, 0.000, 10:33:11.686
163, 7.68, 0.00, 9.88, 13.79, 0.000, 0.000, 0.000, 10:33:11.700
164, 6.53, 0.00, 5.02, 11.55, 0.000, 0.000, 0.000, 10:33:11.700
165, 11.76, 0.00, 21.96, 24.16, 0.000, 0.000, 0.000, 10:33:11.715
166, 16.56, 0.00, 22.11, 28.38, 0.000, 0.000, 0.000, 10:33:11.715
167, 10.25, 0.00, 5.86, 12.98, 0.000, 0.000, 0.000, 10:33:11.716
168, 9.56, 0.00, 7.10, 12.99, 0.000, 0.000, 0.000, 10:33:11.716
169, 13.52, 0.00, 17.91, 20.14, 0.000, 0.000, 0.000, 10:33:11.730
170, 13.98, 0.00, 25.18, 24.98, 0.000, 0.000, 0.000, 10:33:11.730
171, 6.00, 0.00, 8.38, 14.33, 0.000, 0.000, 0.000, 10:33:11.746
172, 6.54, 0.00, 6.61, 12.17, 0.000, 0.000, 0.000, 10:33:11.747
173, 17.12, 0.00, 16.52, 22.63, 0.000, 0.000, 0.000, 10:33:11.747
174, 17.04, 0.00, 17.05, 26.84, 0.000, 0.000, 0.000, 10:33:11.747
175, 7.76, 0.00, 10.38, 12.55, 0.000, 0.000, 0.000, 10:33:11.761
176, 8.63, 0.00, 9.85, 13.34, 0.000, 0.000, 0.000, 10:33:11.761
177, 14.94, 0.00, 19.53, 19.05, 0.000, 0.000, 0.000, 10:33:11.778
178, 16.00, 0.00, 22.54, 23.56, 0.000, 0.000, 0.000, 10:33:11.779
179, 9.91, 0.00, 6.48, 12.68, 0.000, 0.000, 0.000, 10:33:11.791
180, 4.85, 0.00, 10.66, 11.80, 0.000, 0.000, 0.000, 10:33:11.792
181, 13.43, 0.00, 21.97, 23.53, 0.000, 0.000, 0.000, 10:33:11.793
182, 16.71, 0.00, 22.90, 23.39, 0.000, 0.000, 0.000, 10:33:11.794
183, 6.74, 0.00, 8.87, 14.45, 0.000, 0.000, 0.000, 10:33:11.807
184, 5.88, 0.00, 8.73, 11.45, 0.000, 0.000, 0.000, 10:33:11.810
185, 16.95, 0.00, 17.11, 18.94, 0.000, 0.000, 0.000, 10:33:11.815
186, 19.62, 0.00, 19.60, 20.96, 0.000, 0.000, 0.000, 10:33:11.815
187, 7.55, 0.00, 6.84, 13.16, 0.000, 0.000, 0.000, 10:33:11.821
188, 8.09, 0.00, 4.33, 13.10, 0.000, 0.000, 0.000, 10:33:11.822
189, 16.28, 0.00, 20.83, 20.81, 0.000, 0.000, 0.000, 10:33:11.835
190, 17.09, 0.00, 21.56, 18.83, 0.000, 0.000, 0.000, 10:33:11.835
191, 7.33, 0.00, 11.82, 15.41, 0.000, 0.000, 0.000, 10:33:11.840
192, 10.44, 0.00, 9.41, 14.36, 0.000, 0.000, 0.000, 10:33:11.843
193, 14.65, 0.00, 19.48, 24.27, 0.000, 0.000, 0.000, 10:33:11.850
194, 19.34, 0.00, 20.35, 28.17, 0.000, 0.000, 0.000, 10:33:11.850
195, 8.22, 0.00, 13.79, 11.63, 0.000, 0.000, 0.000, 10:33:11.865
196, 4.38, 0.00, 6.57, 8.92, 0.000, 0.000, 0.000, 10:33:11.865
197, 15.21, 0.00, 20.32, 23.57, 0.000, 0.000, 0.000, 10:33:11.866
198, 18.52, 0.00, 23.07, 24.14, 0.000, 0.000, 0.000, 10:33:11.866
199, 8.09, 0.00, 10.65, 16.42, 0.000, 0.000, 0.000, 10:33:11.880
200, 6.93, 0.00, 8.28, 13.51, 0.000, 0.000, 0.000, 10:33:11.880
0, 13.66, 0.00, 16.16, 18.87, 0.000, 0.000, 0.000, 10:33:11.881
1, 18.62, 0.00, 22.71, 26.03, 0.000, 0.000, 0.000, 10:33:11.896
2, 11.09, 0.00, 17.05, 11.38, 0.000, 0.000, 0.000, 10:33:11.896
3, 8.29, 0.00, 9.04, 10.42, 0.000, 0.000, 0.000, 10:33:11.912
4, 14.91, 0.00, 18.43, 22.07, 0.000, 0.000, 0.000, 10:33:11.912
5, 17.16, 0.00, 21.64, 24.37, 0.000, 0.000, 0.000, 10:33:11.912
6, 6.55, 0.00, 10.71, 12.61, 0.000, 0.000, 0.000, 10:33:11.912
7, 6.98, 0.00, 15.02, 12.60, 0.000, 0.000, 0.000, 10:33:11.929
8, 18.37, 0.00, 25.83, 23.12, 0.000, 0.000, 0.000, 10:33:11.929
9, 17.83, 0.00, 24.35, 28.89, 0.000, 0.000, 0.000, 10:33:11.940
10, 9.69, 0.00, 9.80, 12.79, 0.000, 0.000, 0.000, 10:33:11.941
11, 5.63, 0.00, 9.29, 11.59, 0.000, 0.000, 0.000, 10:33:11.941
12, 18.00, 0.00, 20.52, 19.79, 0.000, 0.000, 0.000, 10:33:11.941
13, 12.73, 0.00, 17.21, 20.67, 0.000, 0.000, 0.000, 10:33:11.956
14, 10.15, 0.00, 11.48, 14.71, 0.000, 0.000, 0.000, 10:33:11.957
15, 8.86, 0.00, 8.92, 13.42, 0.000, 0.000, 0.000, 10:33:11.970
16, 13.41, 0.00, 19.38, 21.99, 0.000, 0.000, 0.000, 10:33:11.971
17, 17.72, 0.00, 19.84, 23.50, 0.000, 0.000, 0.000, 10:33:11.971
18, 5.40, 0.00, 12.54, 11.26, 0.000, 0.000, 0.000, 10:33:11.971
19, 6.49, 0.00, 11.21, 12.34, 0.000, 0.000, 0.000, 10:33:11.994
20, 16.19, 0.00, 20.05, 20.66, 0.000, 0.000, 0.000, 10:33:11.995
21, 13.42, 0.00, 18.05, 22.15, 0.000, 0.000, 0.000, 10:33:12.000
22, 6.35, 0.00, 11.94, 15.19, 0.000, 0.000, 0.000, 10:33:12.001
23, 9.00, 0.00, 12.38, 13.44, 0.000, 0.000, 0.000, 10:33:12.001
24, 16.50, 0.00, 19.64, 16.91, 0.000, 0.000, 0.000, 10:33:12.001
25, 14.88, 0.00, 14.69, 24.09, 0.000, 0.000, 0.000, 10:33:12.016
26, 6.37, 0.00, 6.84, 12.11, 0.000, 0.000, 0.000, 10:33:12.016
27, 5.68, 0.00, 11.11, 11.92, 0.000, 0.000, 0.000, 10:33:12.030
28, 11.34, 0.00, 22.64, 20.63, 0.000, 0.000, 0.000, 10:33:12.031
29, 19.84, 0.00, 24.00, 21.14, 0.000, 0.000, 0.000, 10:33:12.031
30, 9.41, 0.00, 2.53, 12.96, 0.000, 0.000, 0.000, 10:33:12.031
31, 13.57, 0.00, 11.66, 14.44, 0.000, 0.000, 0.000, 10:33:12.046
32, 15.63, 0.00, 19.41, 22.32, 0.000, 0.000, 0.000, 10:33:12.046
33, 17.00, 0.00, 19.57, 23.49, 0.000, 0.000, 0.000, 10:33:12.062
34, 8.05, 0.00, 9.93, 12.83, 0.000, 0.000, 0.000, 10:33:12.063
35, 10.79, 0.00, 11.30, 8.76, 0.000, 0.000, 0.000, 10:33:12.063
36, 16.69, 0.00, 19.14, 19.94, 0.000, 0.000, 0.000, 10:33:12.063
37, 12.37, 0.00, 20.96, 20.98, 0.000, 0.000, 0.000, 10:33:12.076
38, 6.69, 0.00, 9.61, 12.03, 0.000, 0.000, 0.000, 10:33:12.078
39, 2.41, 0.00, 4.70, 7.83, 0.000, 0.000, 0.000, 10:33:12.090
40, 12.55, 0.00, 18.32, 23.90, 0.000, 0.000, 0.000, 10:33:12.090
41, 21.13, 0.00, 21.27, 19.92, 0.000, 0.000, 0.000, 10:33:12.091
42, 9.27, 0.00, 13.91, 14.60, 0.000, 0.000, 0.000, 10:33:12.091
43, 8.22, 0.00, 10.52, 11.52, 0.000, 0.000, 0.000, 10:33:12.106
44, 15.25, 0.00, 20.04, 19.74, 0.000, 0.000, 0.000, 10:33:12.107
45, 18.38, 0.00, 24.05, 20.98, 0.000, 0.000, 0.000, 10:33:12.120
46, 3.88, 0.00, 9.21, 10.07, 0.000, 0.000, 0.000, 10:33:12.121
47, 4.60, 0.00, 9.94, 11.48, 0.000, 0.000, 0.000, 10:33:12.121
48, 17.37, 0.00, 19.39, 24.64, 0.000, 0.000, 0.000, 10:33:12.122
49, 16.45, 0.00, 17.65, 18.86, 0.000, 0.000, 0.000, 10:33:12.135
50, 11.46, 0.00, 15.64, 14.02, 0.000, 0.000, 0.000, 10:33:12.136
51, 6.28, 0.00, 6.19, 14.29, 0.000, 0.000, 0.000, 10:33:12.150
52, 12.88, 0.00, 16.51, 25.06, 0.000, 0.000, 0.000, 10:33:12.151
53, 19.82, 0.00, 21.11, 24.36, 0.000, 0.000, 0.000, 10:33:12.165
54, 9.02, 0.00, 8.01, 9.85, 0.000, 0.000, 0.000, 10:33:12.166
55, 5.77, 0.00, 13.38, 11.51, 0.000, 0.000, 0.000, 10:33:12.167
56, 16.29, 0.00, 24.56, 22.47, 0.000, 0.000, 0.000, 10:33:12.168
57, 16.81, 0.00, 22.74, 27.75, 0.000, 0.000, 0.000, 10:33:12.181
58, 7.49, 0.00, 11.47, 10.68, 0.000, 0.000, 0.000, 10:33:12.181
59, 6.73, 0.00, 5.70, 11.68, 0.000, 0.000, 0.000, 10:33:12.182
60, 16.25, 0.00, 18.62, 22.36, 0.000, 0.000, 0.000, 10:33:12.182
61, 15.27, 0.00, 22.04, 26.22, 0.000, 0.000, 0.000, 10:33:12.195
62, 6.02, 0.00, 9.10, 13.01, 0.000, 0.000, 0.000, 10:33:12.196
63, 8.90, 0.00, 10.47, 15.88, 0.000, 0.000, 0.000, 10:33:12.211
64, 15.19, 0.00, 19.50, 20.87, 0.000, 0.000, 0.000, 10:33:12.211
65, 18.00, 0.00, 19.77, 22.04, 0.000, 0.000, 0.000, 10:33:12.211
66, 11.37, 0.00, 10.45, 14.86, 0.000, 0.000, 0.000, 10:33:12.212
67, 9.58, 0.00, 9.06, 11.17, 0.000, 0.000, 0.000, 10:33:12.229
68, 16.22, 0.00, 17.10, 17.80, 0.000, 0.000, 0.000, 10:33:12.229
69, 16.45, 0.00, 20.33, 22.43, 0.000, 0.000, 0.000, 10:33:12.242
70, 10.38, 0.00, 14.42, 13.21, 0.000, 0.000, 0.000, 10:33:12.243
71, 6.73, 0.00, 12.62, 9.73, 0.000, 0.000, 0.000, 10:33:12.245
72, 13.72, 0.00, 17.62, 24.00, 0.000, 0.000, 0.000, 10:33:12.245
73, 14.89, 0.00, 22.34, 24.62, 0.000, 0.000, 0.000, 10:33:12.256
74, 11.09, 0.00, 10.86, 13.84, 0.000, 0.000, 0.000, 10:33:12.257
75, 4.30, 0.00, 8.49, 12.79, 0.000, 0.000, 0.000, 10:33:12.270
76, 15.85, 0.00, 17.18, 22.73, 0.000, 0.000, 0.000, 10:33:12.271
77, 19.74, 0.00, 20.72, 17.84, 0.000, 0.000, 0.000, 10:33:12.271
78, 8.92, 0.00, 11.61, 12.04, 0.000, 0.000, 0.000, 10:33:12.271
79, 4.47, 0.00, 6.77, 6.71, 0.000, 0.000, 0.000, 10:33:12.285
80, 14.87, 0.00, 17.87, 22.79, 0.000, 0.000, 0.000, 10:33:12.286
81, 20.11, 0.00, 22.58, 22.30, 0.000, 0.000, 0.000, 10:33:12.300
82, 8.83, 0.00, 10.20, 11.68, 0.000, 0.000, 0.000, 10:33:12.300
83, 10.30, 0.00, 11.43, 13.07, 0.000, 0.000, 0.000, 10:33:12.301
84, 17.18, 0.00, 23.56, 25.99, 0.000, 0.000, 0.000, 10:33:12.301
85, 15.11, 0.00, 21.52, 22.20, 0.000, 0.000, 0.000, 10:33:12.315
86, 13.62, 0.00, 11.42, 15.50, 0.000, 0.000, 0.000, 10:33:12.316
87, 9.96, 0.00, 14.71, 12.79, 0.000, 0.000, 0.000, 10:33:12.330
88, 16.61, 0.00, 14.20, 24.76, 0.000, 0.000, 0.000, 10:33:12.330
89, 16.69, 0.00, 20.49, 22.63, 0.000, 0.000, 0.000, 10:33:12.331
90, 4.97, 0.00, 8.58, 12.95, 0.000, 0.000, 0.000, 10:33:12.331
91, 4.69, 0.00, 4.64, 14.71, 0.000, 0.000, 0.000, 10:33:12.346
92, 15.50, 0.00, 20.52, 22.08, 0.000, 0.000, 0.000, 10:33:12.347
93, 13.82, 0.00, 17.52, 19.38, 0.000, 0.000, 0.000, 10:33:12.361
94, 7.96, 0.00, 11.58, 16.39, 0.000, 0.000, 0.000, 10:33:12.361
95, 8.28, 0.00, 8.94, 11.82, 0.000, 0.000, 0.000, 10:33:12.362
96, 15.25, 0.00, 19.86, 22.36, 0.000, 0.000, 0.000, 10:33:12.362
97, 18.35, 0.00, 19.26, 22.14, 0.000, 0.000, 0.000, 10:33:12.379
98, 9.42, 0.00, 11.95, 10.54, 0.000, 0.000, 0.000, 10:33:12.379
99, 4.74, 0.00, 9.39, 12.21, 0.000, 0.000, 0.000, 10:33:12.391
100, 15.15, 0.00, 19.53, 23.73, 0.000, 0.000, 0.000, 10:33:12.391
101, 16.39, 0.00, 24.84, 25.09, 0.000, 0.000, 0.000, 10:33:12.392
102, 2.90, 0.00, 9.91, 12.09, 0.000, 0.000, 0.000, 10:33:12.392
103, 3.78, 0.00, 10.17, 12.70, 0.000, 0.000, 0.000, 10:33:12.406
104, 18.75, 0.00, 14.52, 20.76, 0.000, 0.000, 0.000, 10:33:12.407
105, 17.10, 0.00, 20.57, 22.60, 0.000, 0.000, 0.000, 10:33:12.420
106, 7.17, 0.00, 9.03, 13.79, 0.000, 0.000, 0.000, 10:33:12.420
107, 5.64, 0.00, 9.83, 10.82, 0.000, 0.000, 0.000, 10:33:12.421
108, 14.78, 0.00, 20.09, 28.02, 0.000, 0.000, 0.000, 10:33:12.422
109, 16.96, 0.00, 19.83, 24.36, 0.000, 0.000, 0.000, 10:33:12.436
110, 9.27, 0.00, 8.98, 12.68, 0.000, 0.000, 0.000, 10:33:12.436
111, 6.29, 0.00, 9.85, 9.59, 0.000, 0.000, 0.000, 10:33:12.450
112, 11.30, 0.00, 16.62, 22.78, 0.000, 0.000, 0.000, 10:33:12.451
113, 16.78, 0.00, 25.18, 22.73, 0.000, 0.000, 0.000, 10:33:12.451
114, 7.32, 0.00, 12.58, 14.10, 0.000, 0.000, 0.000, 10:33:12.451
115, 10.44, 0.00, 11.50, 12.45, 0.000, 0.000, 0.000, 10:33:12.465
116, 15.58, 0.00, 20.61, 20.17, 0.000, 0.000, 0.000, 10:33:12.466
117, 14.81, 0.00, 17.55, 24.72, 0.000, 0.000, 0.000, 10:33:12.480
118, 8.75, 0.00, 12.51, 12.89, 0.000, 0.000, 0.000, 10:33:12.480
119, 9.17, 0.00, 9.33, 10.45, 0.000, 0.000, 0.000, 10:33:12.481
120, 17.93, 0.00, 22.93, 23.10, 0.000, 0.000, 0.000, 10:33:12.481
121, 16.45, 0.00, 17.43, 20.51, 0.000, 0.000, 0.000, 10:33:12.496
122, 12.65, 0.00, 10.78, 13.80, 0.000, 0.000, 0.000, 10:33:12.496
123, 11.02, 0.00, 10.13, 11.74, 0.000, 0.000, 0.000, 10:33:12.511
124, 16.87, 0.00, 23.14, 25.10, 0.000, 0.000, 0.000, 10:33:12.511
125, 12.73, 0.00, 22.44, 23.57, 0.000, 0.000, 0.000, 10:33:12.511
126, 9.63, 0.00, 12.08, 15.21, 0.000, 0.000, 0.000, 10:33:12.512
127, 5.87, 0.00, 13.14, 13.20, 0.000, 0.000, 0.000, 10:33:12.528
128, 14.79, 0.00, 20.50, 20.55, 0.000, 0.000, 0.000, 10:33:12.529
129, 15.26, 0.00, 23.00, 19.11, 0.000, 0.000, 0.000, 10:33:12.540
130, 8.60, 0.00, 13.90, 15.34, 0.000, 0.000, 0.000, 10:33:12.541
131, 7.55, 0.00, 10.29, 14.22, 0.000, 0.000, 0.000, 10:33:12.544
132, 17.95, 0.00, 19.39, 24.12, 0.000, 0.000, 0.000, 10:33:12.544
133, 14.46, 0.00, 19.61, 22.83, 0.000, 0.000, 0.000, 10:33:12.556
134, 9.18, 0.00, 5.47, 8.24, 0.000, 0.000, 0.000, 10:33:12.557
135, 8.03, 0.00, 14.01, 9.36, 0.000, 0.000, 0.000, 10:33:12.570
136, 16.01, 0.00, 23.44, 20.83, 0.000, 0.000, 0.000, 10:33:12.570
137, 14.69, 0.00, 16.55, 18.14, 0.000, 0.000, 0.000, 10:33:12.571
138, 12.70, 0.00, 4.59, 18.56, 0.000, 0.000, 0.000, 10:33:12.571
139, 4.36, 0.00, 15.51, 13.85, 0.000, 0.000, 0.000, 10:33:12.585
140, 15.62, 0.00, 26.81, 21.04, 0.000, 0.000, 0.000, 10:33:12.586
141, 20.32, 0.00, 31.96, 23.35, 0.000, 0.000, 0.000, 10:33:12.600
142, 5.95, 0.00, 4.40, 14.46, 0.000, 0.000, 0.000, 10:33:12.601
143, 6.65, 0.00, 11.45, 9.57, 0.000, 0.000, 0.000, 10:33:12.601
144, 15.69, 0.00, 15.60, 20.47, 0.000, 0.000, 0.000, 10:33:12.602
145, 17.50, 0.00, 17.81, 21.27, 0.000, 0.000, 0.000, 10:33:12.615
146, 8.32, 0.00, 5.26, 9.19, 0.000, 0.000, 0.000, 10:33:12.615
147, 8.25, 0.00, 7.85, 14.85, 0.000, 0.000, 0.000, 10:33:12.630
148, 18.74, 0.00, 17.18, 24.31, 0.000, 0.000, 0.000, 10:33:12.631
149, 18.12, 0.00, 17.66, 19.28, 0.000, 0.000, 0.000, 10:33:12.631
150, 9.63, 0.00, 12.34, 13.89, 0.000, 0.000, 0.000, 10:33:12.631
151, 7.87, 0.00, 9.17, 16.10, 0.000, 0.000, 0.000, 10:33:12.645
152, 17.40, 0.00, 23.46, 25.91, 0.000, 0.000, 0.000, 10:33:12.646
153, 19.77, 0.00, 25.47, 25.07, 0.000, 0.000, 0.000, 10:33:12.661
154, 7.60, 0.00, 8.58, 11.06, 0.000, 0.000, 0.000, 10:33:12.661
155, 6.31, 0.00, 14.89, 13.18, 0.000, 0.000, 0.000, 10:33:12.661
156, 16.04, 0.00, 26.46, 23.01, 0.000, 0.000, 0.000, 10:33:12.663
157, 17.59, 0.00, 20.46, 23.24, 0.000, 0.000, 0.000, 10:33:12.679
158, 8.22, 0.00, 8.10, 12.09, 0.000, 0.000, 0.000, 10:33:12.680
159, 7.63, 0.00, 9.80, 14.30, 0.000, 0.000, 0.000, 10:33:12.690
160, 15.97, 0.00, 19.99, 24.97, 0.000, 0.000, 0.000, 10:33:12.691
161, 13.68, 0.00, 20.64, 24.41, 0.000, 0.000, 0.000, 10:33:12.692
162, 8.77, 0.00, 13.64, 13.04, 0.000, 0.000, 0.000, 10:33:12.693
163, 11.36, 0.00, 14.71, 11.64, 0.000, 0.000, 0.000, 10:33:12.707
164, 15.29, 0.00, 10.88, 21.35, 0.000, 0.000, 0.000, 10:33:12.707
165, 12.25, 0.00, 22.03, 21.47, 0.000, 0.000, 0.000, 10:33:12.720
166, 9.32, 0.00, 12.87, 10.18, 0.000, 0.000, 0.000, 10:33:12.721
167, 8.44, 0.00, 5.48, 12.56, 0.000, 0.000, 0.000, 10:33:12.721
168, 17.15, 0.00, 18.91, 20.07, 0.000, 0.000, 0.000, 10:33:12.721
169, 13.95, 0.00, 21.88, 24.49, 0.000, 0.000, 0.000, 10:33:12.735
170, 6.82, 0.00, 6.42, 7.70, 0.000, 0.000, 0.000, 10:33:12.736
171, 6.00, 0.00, 14.60, 14.28, 0.000, 0.000, 0.000, 10:33:12.750
172, 15.67, 0.00, 25.87, 22.13, 0.000, 0.000, 0.000, 10:33:12.750
173, 15.08, 0.00, 17.93, 21.58, 0.000, 0.000, 0.000, 10:33:12.751
174, 9.11, 0.00, 14.89, 9.53, 0.000, 0.000, 0.000, 10:33:12.751
175, 6.42, 0.00, 0.12, 13.23, 0.000, 0.000, 0.000, 10:33:12.765
176, 19.11, 0.00, 22.79, 22.54, 0.000, 0.000, 0.000, 10:33:12.766
177, 20.02, 0.00, 21.15, 24.54, 0.000, 0.000, 0.000, 10:33:12.780
178, 10.24, 0.00, 8.62, 9.39, 0.000, 0.000, 0.000, 10:33:12.780
179, 6.76, 0.00, 8.89, 11.20, 0.000, 0.000, 0.000, 10:33:12.788
180, 16.39, 0.00, 20.40, 23.31, 0.000, 0.000, 0.000, 10:33:12.788
181, 14.85, 0.00, 14.81, 22.07, 0.000, 0.000, 0.000, 10:33:12.795
182, 7.56, 0.00, 4.45, 12.94, 0.000, 0.000, 0.000, 10:33:12.795
183, 9.89, 0.00, 6.33, 13.21, 0.000, 0.000, 0.000, 10:33:12.811
184, 13.03, 0.00, 29.47, 22.07, 0.000, 0.000, 0.000, 10:33:12.811
185, 19.11, 0.00, 19.45, 21.58, 0.000, 0.000, 0.000, 10:33:12.812
186, 9.88, 0.00, 11.85, 13.58, 0.000, 0.000, 0.000, 10:33:12.812
187, 8.72, 0.00, 11.41, 15.45, 0.000, 0.000, 0.000, 10:33:12.830
188, 17.86, 0.00, 23.90, 24.41, 0.000, 0.000, 0.000, 10:33:12.830
189, 12.05, 0.00, 20.31, 23.74, 0.000, 0.000, 0.000, 10:33:12.841
190, 4.68, 0.00, 6.80, 13.44, 0.000, 0.000, 0.000, 10:33:12.841
191, 10.00, 0.00, 9.26, 12.63, 0.000, 0.000, 0.000, 10:33:12.843
192, 17.44, 0.00, 21.25, 21.55, 0.000, 0.000, 0.000, 10:33:12.845
193, 18.95, 0.00, 19.59, 24.47, 0.000, 0.000, 0.000, 10:33:12.856
194, 5.67, 0.00, 10.70, 10.47, 0.000, 0.000, 0.000, 10:33:12.857
195, 8.96, 0.00, 10.28, 12.12, 0.000, 0.000, 0.000, 10:33:12.870
196, 16.41, 0.00, 21.39, 19.36, 0.000, 0.000, 0.000, 10:33:12.870
197, 16.07, 0.00, 20.36, 26.46, 0.000, 0.000, 0.000, 10:33:12.871
198, 8.69, 0.00, 9.48, 10.81, 0.000, 0.000, 0.000, 10:33:12.871
199, 5.98, 0.00, 13.47, 15.88, 0.000, 0.000, 0.000, 10:33:12.885
200, 15.34, 0.00, 19.57, 24.41, 0.000, 0.000, 0.000, 10:33:12.886
0, 18.63, 0.00, 28.49, 22.60, 0.000, 0.000, 0.000, 10:33:12.900
1, 7.05, 0.00, 6.68, 10.69, 0.000, 0.000, 0.000, 10:33:12.901
2, 9.32, 0.00, 5.06, 11.35, 0.000, 0.000, 0.000, 10:33:12.901
3, 14.57, 0.00, 22.71, 19.10, 0.000, 0.000, 0.000, 10:33:12.915
4, 16.85, 0.00, 31.25, 21.11, 0.000, 0.000, 0.000, 10:33:12.915
5, 7.34, 0.00, 5.93, 16.96, 0.000, 0.000, 0.000, 10:33:12.916
6, 4.82, 0.00, 5.31, 14.91, 0.000, 0.000, 0.000, 10:33:12.916
7, 14.70, 0.00, 23.47, 20.66, 0.000, 0.000, 0.000, 10:33:12.932
8, 15.94, 0.00, 16.88, 18.00, 0.000, 0.000, 0.000, 10:33:12.932
9, 4.43, 0.00, 12.55, 14.37, 0.000, 0.000, 0.000, 10:33:12.948
10, 13.56, 0.00, 10.50, 14.52, 0.000, 0.000, 0.000, 10:33:12.948
11, 19.49, 0.00, 22.63, 19.31, 0.000, 0.000, 0.000, 10:33:12.949
12, 15.88, 0.00, 15.50, 21.23, 0.000, 0.000, 0.000, 10:33:12.949
13, 4.72, 0.00, 11.04, 15.01, 0.000, 0.000, 0.000, 10:33:12.962
14, 9.58, 0.00, 10.03, 10.38, 0.000, 0.000, 0.000, 10:33:12.962
15, 15.68, 0.00, 15.26, 22.72, 0.000, 0.000, 0.000, 10:33:12.979
16, 18.30, 0.00, 19.48, 22.10, 0.000, 0.000, 0.000, 10:33:12.979
17, 8.08, 0.00, 7.09, 14.69, 0.000, 0.000, 0.000, 10:33:12.980
18, 8.72, 0.00, 13.44, 13.62, 0.000, 0.000, 0.000, 10:33:12.980
19, 18.65, 0.00, 22.79, 22.43, 0.000, 0.000, 0.000, 10:33:12.991
20, 14.90, 0.00, 16.99, 21.85, 0.000, 0.000, 0.000, 10:33:12.991
21, 7.05, 0.00, 11.12, 12.15, 0.000, 0.000, 0.000, 10:33:13.007
22, 8.65, 0.00, 13.07, 14.99, 0.000, 0.000, 0.000, 10:33:13.008
23, 18.33, 0.00, 21.89, 24.01, 0.000, 0.000, 0.000, 10:33:13.008
24, 14.01, 0.00, 21.06, 24.08, 0.000, 0.000, 0.000, 10:33:13.008
25, 6.23, 0.00, 12.13, 10.31, 0.000, 0.000, 0.000, 10:33:13.021
26, 6.24, 0.00, 10.37, 13.23, 0.000, 0.000, 0.000, 10:33:13.021
27, 17.87, 0.00, 19.74, 23.09, 0.000, 0.000, 0.000, 10:33:13.035
28, 13.68, 0.00, 19.70, 21.93, 0.000, 0.000, 0.000, 10:33:13.035
29, 4.50, 0.00, 7.99, 10.95, 0.000, 0.000, 0.000, 10:33:13.036
30, 5.65, 0.00, 11.03, 14.76, 0.000, 0.000, 0.000, 10:33:13.036
31, 15.23, 0.00, 21.70, 24.47, 0.000, 0.000, 0.000, 10:33:13.058
32, 16.73, 0.00, 16.99, 16.86, 0.000, 0.000, 0.000, 10:33:13.058
33, 5.12, 0.00, 12.22, 14.14, 0.000, 0.000, 0.000, 10:33:13.065
34, 3.91, 0.00, 10.53, 15.73, 0.000, 0.000, 0.000, 10:33:13.065
35, 16.52, 0.00, 15.44, 23.48, 0.000, 0.000, 0.000, 10:33:13.066
36, 15.81, 0.00, 25.30, 20.94, 0.000, 0.000, 0.000, 10:33:13.066
37, 5.49, 0.00, 5.25, 11.35, 0.000, 0.000, 0.000, 10:33:13.080
38, 10.29, 0.00, 10.95, 10.95, 0.000, 0.000, 0.000, 10:33:13.080
39, 19.24, 0.00, 15.69, 24.29, 0.000, 0.000, 0.000, 10:33:13.095
40, 17.72, 0.00, 23.28, 20.22, 0.000, 0.000, 0.000, 10:33:13.095
41, 10.51, 0.00, 10.22, 13.12, 0.000, 0.000, 0.000, 10:33:13.096
42, 11.44, 0.00, 11.53, 10.27, 0.000, 0.000, 0.000, 10:33:13.096
43, 14.56, 0.00, 19.54, 21.21, 0.000, 0.000, 0.000, 10:33:13.112
44, 14.77, 0.00, 18.85, 22.99, 0.000, 0.000, 0.000, 10:33:13.112
45, 3.37, 0.00, 7.22, 12.35, 0.000, 0.000, 0.000, 10:33:13.128
46, 8.08, 0.00, 11.32, 12.34, 0.000, 0.000, 0.000, 10:33:13.129
47, 18.75, 0.00, 25.67, 21.79, 0.000, 0.000, 0.000, 10:33:13.130
48, 15.12, 0.00, 15.36, 23.37, 0.000, 0.000, 0.000, 10:33:13.130
49, 6.50, 0.00, 10.37, 15.39, 0.000, 0.000, 0.000, 10:33:13.158
50, 7.57, 0.00, 9.30, 15.80, 0.000, 0.000, 0.000, 10:33:13.158
51, 16.86, 0.00, 17.88, 23.48, 0.000, 0.000, 0.000, 10:33:13.159
52, 14.55, 0.00, 18.07, 24.26, 0.000, 0.000, 0.000, 10:33:13.160
53, 9.27, 0.00, 10.55, 12.03, 0.000, 0.000, 0.000, 10:33:13.162
54, 9.96, 0.00, 13.27, 15.42, 0.000, 0.000, 0.000, 10:33:13.163
55, 15.49, 0.00, 25.56, 25.08, 0.000, 0.000, 0.000, 10:33:13.170
56, 14.97, 0.00, 18.92, 22.56, 0.000, 0.000, 0.000, 10:33:13.171
57, 7.90, 0.00, 10.82, 9.97, 0.000, 0.000, 0.000, 10:33:13.185
58, 8.59, 0.00, 10.84, 15.14, 0.000, 0.000, 0.000, 10:33:13.185
59, 14.09, 0.00, 13.73, 23.50, 0.000, 0.000, 0.000, 10:33:13.186
60, 16.63, 0.00, 18.59, 21.50, 0.000, 0.000, 0.000, 10:33:13.186
61, 8.47, 0.00, 13.05, 13.64, 0.000, 0.000, 0.000, 10:33:13.200
62, 11.59, 0.00, 3.58, 12.04, 0.000, 0.000, 0.000, 10:33:13.201
63, 16.06, 0.00, 17.32, 19.85, 0.000, 0.000, 0.000, 10:33:13.216
64, 13.43, 0.00, 13.93, 26.22, 0.000, 0.000, 0.000, 10:33:13.216
65, 5.58, 0.00, 8.86, 9.32, 0.000, 0.000, 0.000, 10:33:13.216
66, 9.86, 0.00, 10.02, 11.32, 0.000, 0.000, 0.000, 10:33:13.216
67, 16.17, 0.00, 25.83, 21.20, 0.000, 0.000, 0.000, 10:33:13.232
68, 16.97, 0.00, 22.84, 23.18, 0.000, 0.000, 0.000, 10:33:13.232
69, 5.94, 0.00, 14.86, 11.39, 0.000, 0.000, 0.000, 10:33:13.246
70, 12.44, 0.00, 14.68, 16.00, 0.000, 0.000, 0.000, 10:33:13.246
71, 19.60, 0.00, 20.87, 20.97, 0.000, 0.000, 0.000, 10:33:13.246
72, 12.87, 0.00, 19.28, 20.87, 0.000, 0.000, 0.000, 10:33:13.246
73, 5.87, 0.00, 13.29, 14.35, 0.000, 0.000, 0.000, 10:33:13.278
74, 5.42, 0.00, 8.41, 8.69, 0.000, 0.000, 0.000, 10:33:13.280
75, 14.93, 0.00, 22.35, 21.90, 0.000, 0.000, 0.000, 10:33:13.281
76, 17.64, 0.00, 22.22, 17.20, 0.000, 0.000, 0.000, 10:33:13.281
77, 10.33, 0.00, 9.74, 13.01, 0.000, 0.000, 0.000, 10:33:13.281
78, 6.46, 0.00, 12.91, 14.20, 0.000, 0.000, 0.000, 10:33:13.281
79, 12.75, 0.00, 22.22, 23.60, 0.000, 0.000, 0.000, 10:33:13.291
80, 12.01, 0.00, 13.80, 18.86, 0.000, 0.000, 0.000, 10:33:13.291
81, 7.58, 0.00, 9.14, 9.90, 0.000, 0.000, 0.000, 10:33:13.306
82, 9.63, 0.00, 11.01, 14.81, 0.000, 0.000, 0.000, 10:33:13.307
83, 15.65, 0.00, 19.25, 22.17, 0.000, 0.000, 0.000, 10:33:13.308
84, 13.09, 0.00, 21.20, 21.01, 0.000, 0.000, 0.000, 10:33:13.308
85, 6.92, 0.00, 12.25, 10.55, 0.000, 0.000, 0.000, 10:33:13.321
86, 10.10, 0.00, 11.00, 14.40, 0.000, 0.000, 0.000, 10:33:13.321
87, 22.69, 0.00, 22.60, 25.86, 0.000, 0.000, 0.000, 10:33:13.336
88, 19.53, 0.00, 23.64, 24.16, 0.000, 0.000, 0.000, 10:33:13.336
89, 10.35, 0.00, 11.93, 13.43, 0.000, 0.000, 0.000, 10:33:13.337
90, 7.14, 0.00, 13.94, 11.78, 0.000, 0.000, 0.000, 10:33:13.337
91, 12.34, 0.00, 17.71, 21.45, 0.000, 0.000, 0.000, 10:33:13.351
92, 17.64, 0.00, 18.02, 19.45, 0.000, 0.000, 0.000, 10:33:13.351
93, 9.27, 0.00, 10.05, 11.91, 0.000, 0.000, 0.000, 10:33:13.365
94, 7.74, 0.00, 7.38, 12.79, 0.000, 0.000, 0.000, 10:33:13.366
95, 19.75, 0.00, 18.31, 21.97, 0.000, 0.000, 0.000, 10:33:13.366
96, 13.93, 0.00, 11.44, 21.06, 0.000, 0.000, 0.000, 10:33:13.366
97, 5.67, 0.00, 9.45, 14.13, 0.000, 0.000, 0.000, 10:33:13.381
98, 12.39, 0.00, 16.00, 14.36, 0.000, 0.000, 0.000, 10:33:13.381
99, 17.16, 0.00, 21.23, 23.88, 0.000, 0.000, 0.000, 10:33:13.396
100, 13.27, 0.00, 18.29, 23.93, 0.000, 0.000, 0.000, 10:33:13.396
101, 8.40, 0.00, 9.07, 9.87, 0.000, 0.000, 0.000, 10:33:13.396
102, 6.80, 0.00, 12.41, 14.76, 0.000, 0.000, 0.000, 10:33:13.396
103, 18.26, 0.00, 23.32, 24.40, 0.000, 0.000, 0.000, 10:33:13.412
104, 15.69, 0.00, 18.06, 19.73, 0.000, 0.000, 0.000, 10:33:13.412
105, 5.48, 0.00, 4.91, 8.63, 0.000, 0.000, 0.000, 10:33:13.428
106, 9.98, 0.00, 9.86, 17.41, 0.000, 0.000, 0.000, 10:33:13.429
107, 16.25, 0.00, 20.29, 26.99, 0.000, 0.000, 0.000, 10:33:13.430
108, 19.06, 0.00, 19.34, 22.91, 0.000, 0.000, 0.000, 10:33:13.430
109, 7.74, 0.00, 11.93, 7.83, 0.000, 0.000, 0.000, 10:33:13.441
110, 12.00, 0.00, 10.56, 10.93, 0.000, 0.000, 0.000, 10:33:13.442
111, 18.76, 0.00, 17.52, 24.50, 0.000, 0.000, 0.000, 10:33:13.456
112, 12.89, 0.00, 21.57, 19.87, 0.000, 0.000, 0.000, 10:33:13.457
113, 3.90, 0.00, 7.87, 6.37, 0.000, 0.000, 0.000, 10:33:13.463
114, 6.51, 0.00, 15.66, 14.71, 0.000, 0.000, 0.000, 10:33:13.463
115, 14.11, 0.00, 16.06, 19.90, 0.000, 0.000, 0.000, 10:33:13.471
116, 14.07, 0.00, 20.06, 21.57, 0.000, 0.000, 0.000, 10:33:13.471
117, 7.53, 0.00, 10.32, 12.13, 0.000, 0.000, 0.000, 10:33:13.486
118, 8.71, 0.00, 12.79, 16.74, 0.000, 0.000, 0.000, 10:33:13.486
119, 18.66, 0.00, 19.51, 22.91, 0.000, 0.000, 0.000, 10:33:13.487
120, 16.94, 0.00, 18.92, 24.35, 0.000, 0.000, 0.000, 10:33:13.487
121, 6.58, 0.00, 8.71, 13.92, 0.000, 0.000, 0.000, 10:33:13.501
122, 11.89, 0.00, 16.42, 20.06, 0.000, 0.000, 0.000, 10:33:13.501
123, 19.35, 0.00, 19.32, 25.68, 0.000, 0.000, 0.000, 10:33:13.516
124, 15.73, 0.00, 21.50, 22.79, 0.000, 0.000, 0.000, 10:33:13.516
125, 7.16, 0.00, 7.81, 14.85, 0.000, 0.000, 0.000, 10:33:13.516
126, 7.52, 0.00, 11.77, 11.11, 0.000, 0.000, 0.000, 10:33:13.516
127, 16.28, 0.00, 20.93, 23.50, 0.000, 0.000, 0.000, 10:33:13.531
128, 12.86, 0.00, 17.55, 18.74, 0.000, 0.000, 0.000, 10:33:13.531
129, 5.28, 0.00, 8.71, 16.23, 0.000, 0.000, 0.000, 10:33:13.551
130, 8.55, 0.00, 11.60, 13.73, 0.000, 0.000, 0.000, 10:33:13.551
131, 18.69, 0.00, 24.69, 21.96, 0.000, 0.000, 0.000, 10:33:13.553
132, 14.01, 0.00, 18.75, 17.22, 0.000, 0.000, 0.000, 10:33:13.553
133, 6.79, 0.00, 8.20, 8.04, 0.000, 0.000, 0.000, 10:33:13.563
134, 12.47, 0.00, 13.97, 18.06, 0.000, 0.000, 0.000, 10:33:13.564
135, 15.78, 0.00, 24.46, 21.30, 0.000, 0.000, 0.000, 10:33:13.582
136, 17.83, 0.00, 21.47, 23.28, 0.000, 0.000, 0.000, 10:33:13.582
137, 8.37, 0.00, 7.59, 12.97, 0.000, 0.000, 0.000, 10:33:13.582
138, 8.95, 0.00, 9.39, 13.80, 0.000, 0.000, 0.000, 10:33:13.582
139, 18.23, 0.00, 20.69, 28.58, 0.000, 0.000, 0.000, 10:33:13.591
140, 13.32, 0.00, 13.74, 20.32, 0.000, 0.000, 0.000, 10:33:13.591
141, 7.98, 0.00, 6.54, 10.72, 0.000, 0.000, 0.000, 10:33:13.606
142, 7.32, 0.00, 12.89, 16.14, 0.000, 0.000, 0.000, 10:33:13.607
143, 16.45, 0.00, 16.65, 24.04, 0.000, 0.000, 0.000, 10:33:13.608
144, 16.54, 0.00, 21.65, 14.92, 0.000, 0.000, 0.000, 10:33:13.608
145, 3.32, 0.00, 3.70, 11.64, 0.000, 0.000, 0.000, 10:33:13.635
146, 11.69, 0.00, 17.84, 12.85, 0.000, 0.000, 0.000, 10:33:13.635
147, 15.67, 0.00, 18.82, 21.35, 0.000, 0.000, 0.000, 10:33:13.636
148, 15.94, 0.00, 19.26, 16.29, 0.000, 0.000, 0.000, 10:33:13.636
149, 6.46, 0.00, 7.43, 12.45, 0.000, 0.000, 0.000, 10:33:13.636
150, 11.19, 0.00, 17.14, 14.57, 0.000, 0.000, 0.000, 10:33:13.637
151, 19.01, 0.00, 22.07, 21.30, 0.000, 0.000, 0.000, 10:33:13.650
152, 15.25, 0.00, 17.87, 19.06, 0.000, 0.000, 0.000, 10:33:13.650
153, 6.58, 0.00, 7.17, 9.76, 0.000, 0.000, 0.000, 10:33:13.665
154, 7.86, 0.00, 13.79, 12.34, 0.000, 0.000, 0.000, 10:33:13.665
155, 21.00, 0.00, 22.18, 26.49, 0.000, 0.000, 0.000, 10:33:13.666
156, 15.31, 0.00, 9.83, 20.65, 0.000, 0.000, 0.000, 10:33:13.666
157, 8.33, 0.00, 13.92, 13.72, 0.000, 0.000, 0.000, 10:33:13.680
158, 11.52, 0.00, 12.27, 18.81, 0.000, 0.000, 0.000, 10:33:13.680
159, 16.14, 0.00, 24.18, 23.20, 0.000, 0.000, 0.000, 10:33:13.695
160, 19.60, 0.00, 22.78, 25.74, 0.000, 0.000, 0.000, 10:33:13.695
161, 5.19, 0.00, 12.51, 15.91, 0.000, 0.000, 0.000, 10:33:13.696
162, 9.33, 0.00, 15.17, 13.42, 0.000, 0.000, 0.000, 10:33:13.696
163, 17.02, 0.00, 19.82, 21.46, 0.000, 0.000, 0.000, 10:33:13.711
164, 16.77, 0.00, 22.70, 22.02, 0.000, 0.000, 0.000, 10:33:13.711
165, 6.14, 0.00, 7.10, 11.37, 0.000, 0.000, 0.000, 10:33:13.728
166, 7.41, 0.00, 13.14, 16.08, 0.000, 0.000, 0.000, 10:33:13.728
167, 16.45, 0.00, 17.71, 23.28, 0.000, 0.000, 0.000, 10:33:13.728
168, 16.11, 0.00, 19.17, 20.37, 0.000, 0.000, 0.000, 10:33:13.728
169, 10.11, 0.00, 7.32, 14.04, 0.000, 0.000, 0.000, 10:33:13.741
170, 9.13, 0.00, 12.27, 17.94, 0.000, 0.000, 0.000, 10:33:13.741
171, 13.75, 0.00, 22.13, 23.60, 0.000, 0.000, 0.000, 10:33:13.756
172, 11.63, 0.00, 18.48, 22.15, 0.000, 0.000, 0.000, 10:33:13.756
173, 7.09, 0.00, 9.33, 10.25, 0.000, 0.000, 0.000, 10:33:13.759
174, 4.63, 0.00, 14.50, 16.71, 0.000, 0.000, 0.000, 10:33:13.759
175, 18.95, 0.00, 21.55, 21.75, 0.000, 0.000, 0.000, 10:33:13.770
176, 13.98, 0.00, 20.63, 18.00, 0.000, 0.000, 0.000, 10:33:13.770
177, 6.89, 0.00, 13.71, 8.65, 0.000, 0.000, 0.000, 10:33:13.785
178, 8.99, 0.00, 13.45, 14.53, 0.000, 0.000, 0.000, 10:33:13.786
179, 21.93, 0.00, 15.63, 26.15, 0.000, 0.000, 0.000, 10:33:13.794
180, 15.30, 0.00, 20.04, 16.70, 0.000, 0.000, 0.000, 10:33:13.795
181, 5.52, 0.00, 9.69, 9.22, 0.000, 0.000, 0.000, 10:33:13.800
182, 8.43, 0.00, 8.95, 11.36, 0.000, 0.000, 0.000, 10:33:13.801
183, 18.53, 0.00, 23.59, 24.85, 0.000, 0.000, 0.000, 10:33:13.815
184, 15.57, 0.00, 18.47, 20.52, 0.000, 0.000, 0.000, 10:33:13.815
185, 7.92, 0.00, 8.47, 10.72, 0.000, 0.000, 0.000, 10:33:13.816
186, 6.83, 0.00, 8.00, 14.82, 0.000, 0.000, 0.000, 10:33:13.816
187, 15.45, 0.00, 10.22, 25.86, 0.000, 0.000, 0.000, 10:33:13.830
188, 11.24, 0.00, 19.99, 18.26, 0.000, 0.000, 0.000, 10:33:13.830
189, 4.60, 0.00, 5.83, 11.82, 0.000, 0.000, 0.000, 10:33:13.845
190, 9.94, 0.00, 14.29, 13.88, 0.000, 0.000, 0.000, 10:33:13.845
191, 16.81, 0.00, 24.15, 25.61, 0.000, 0.000, 0.000, 10:33:13.861
192, 15.07, 0.00, 24.07, 20.41, 0.000, 0.000, 0.000, 10:33:13.861
193, 4.42, 0.00, 9.21, 8.92, 0.000, 0.000, 0.000, 10:33:13.879
194, 8.99, 0.00, 9.17, 12.30, 0.000, 0.000, 0.000, 10:33:13.879
195, 21.07, 0.00, 22.68, 23.53, 0.000, 0.000, 0.000, 10:33:13.881
196, 17.72, 0.00, 20.62, 23.81, 0.000, 0.000, 0.000, 10:33:13.881
197, 6.98, 0.00, 12.48, 9.79, 0.000, 0.000, 0.000, 10:33:13.881
198, 10.40, 0.00, 13.40, 16.53, 0.000, 0.000, 0.000, 10:33:13.881
199, 14.13, 0.00, 19.85, 22.56, 0.000, 0.000, 0.000, 10:33:13.907
200, 12.65, 0.00, 15.48, 19.98, 0.000, 0.000, 0.000, 10:33:13.907
0, 5.54, 0.00, 6.62, 11.31, 0.000, 0.000, 0.000, 10:33:13.908
1, 4.85, 0.00, 14.13, 13.16, 0.000, 0.000, 0.000, 10:33:13.910
2, 19.23, 0.00, 24.51, 19.20, 0.000, 0.000, 0.000, 10:33:13.910
3, 13.28, 0.00, 20.03, 18.13, 0.000, 0.000, 0.000, 10:33:13.920
4, 2.98, 0.00, 6.53, 11.51, 0.000, 0.000, 0.000, 10:33:13.920
5, 9.23, 0.00, 8.43, 14.43, 0.000, 0.000, 0.000, 10:33:13.920
6, 19.66, 0.00, 24.14, 28.20, 0.000, 0.000, 0.000, 10:33:13.921
7, 15.28, 0.00, 18.55, 22.21, 0.000, 0.000, 0.000, 10:33:13.935
8, 8.60, 0.00, 9.53, 13.79, 0.000, 0.000, 0.000, 10:33:13.935
9, 11.39, 0.00, 11.76, 17.14, 0.000, 0.000, 0.000, 10:33:13.950
10, 20.99, 0.00, 25.48, 25.53, 0.000, 0.000, 0.000, 10:33:13.950
11, 19.84, 0.00, 21.02, 21.94, 0.000, 0.000, 0.000, 10:33:13.950
12, 9.74, 0.00, 8.77, 10.66, 0.000, 0.000, 0.000, 10:33:13.951
13, 7.90, 0.00, 11.40, 15.90, 0.000, 0.000, 0.000, 10:33:13.965
14, 19.90, 0.00, 19.91, 23.55, 0.000, 0.000, 0.000, 10:33:13.965
15, 14.08, 0.00, 13.86, 22.37, 0.000, 0.000, 0.000, 10:33:13.980
16, 7.44, 0.00, 7.58, 14.33, 0.000, 0.000, 0.000, 10:33:13.980
17, 10.14, 0.00, 8.91, 13.79, 0.000, 0.000, 0.000, 10:33:13.983
18, 16.24, 0.00, 23.36, 18.94, 0.000, 0.000, 0.000, 10:33:13.983
19, 11.35, 0.00, 13.88, 20.81, 0.000, 0.000, 0.000, 10:33:13.996
20, 9.73, 0.00, 8.98, 11.53, 0.000, 0.000, 0.000, 10:33:13.996
21, 4.77, 0.00, 11.73, 14.24, 0.000, 0.000, 0.000, 10:33:14.011
22, 19.09, 0.00, 17.42, 25.75, 0.000, 0.000, 0.000, 10:33:14.012
23, 12.85, 0.00, 16.69, 16.16, 0.000, 0.000, 0.000, 10:33:14.012
24, 4.84, 0.00, 8.16, 12.82, 0.000, 0.000, 0.000, 10:33:14.012
25, 8.18, 0.00, 14.76, 14.37, 0.000, 0.000, 0.000, 10:33:14.028
26, 19.60, 0.00, 20.28, 22.37, 0.000, 0.000, 0.000, 10:33:14.029
27, 13.71, 0.00, 18.79, 22.61, 0.000, 0.000, 0.000, 10:33:14.040
28, 5.71, 0.00, 9.13, 14.26, 0.000, 0.000, 0.000, 10:33:14.040
29, 7.62, 0.00, 10.54, 14.74, 0.000, 0.000, 0.000, 10:33:14.040
30, 20.38, 0.00, 24.37, 25.29, 0.000, 0.000, 0.000, 10:33:14.040
31, 14.31, 0.00, 17.04, 17.99, 0.000, 0.000, 0.000, 10:33:14.058
32, 7.09, 0.00, 11.62, 8.18, 0.000, 0.000, 0.000, 10:33:14.058
33, 9.53, 0.00, 12.68, 16.26, 0.000, 0.000, 0.000, 10:33:14.071
34, 16.04, 0.00, 22.58, 22.80, 0.000, 0.000, 0.000, 10:33:14.071
35, 19.35, 0.00, 19.11, 26.37, 0.000, 0.000, 0.000, 10:33:14.072
36, 6.48, 0.00, 8.25, 14.41, 0.000, 0.000, 0.000, 10:33:14.073
37, 7.32, 0.00, 8.83, 11.28, 0.000, 0.000, 0.000, 10:33:14.085
38, 15.87, 0.00, 23.04, 24.07, 0.000, 0.000, 0.000, 10:33:14.086
39, 16.44, 0.00, 19.84, 21.34, 0.000, 0.000, 0.000, 10:33:14.100
40, 8.55, 0.00, 6.76, 12.69, 0.000, 0.000, 0.000, 10:33:14.100
41, 10.12, 0.00, 11.85, 14.16, 0.000, 0.000, 0.000, 10:33:14.101
42, 18.43, 0.00, 22.59, 23.18, 0.000, 0.000, 0.000, 10:33:14.101
43, 11.34, 0.00, 19.28, 17.03, 0.000, 0.000, 0.000, 10:33:14.116
44, 7.97, 0.00, 11.16, 13.56, 0.000, 0.000, 0.000, 10:33:14.116
45, 9.85, 0.00, 8.74, 17.89, 0.000, 0.000, 0.000, 10:33:14.130
46, 18.67, 0.00, 23.31, 25.48, 0.000, 0.000, 0.000, 10:33:14.130
47, 15.66, 0.00, 21.84, 21.28, 0.000, 0.000, 0.000, 10:33:14.131
48, 6.37, 0.00, 9.05, 9.54, 0.000, 0.000, 0.000, 10:33:14.131
49, 10.40, 0.00, 12.70, 13.04, 0.000, 0.000, 0.000, 10:33:14.146
50, 19.66, 0.00, 25.69, 23.97, 0.000, 0.000, 0.000, 10:33:14.146
51, 14.04, 0.00, 15.77, 20.09, 0.000, 0.000, 0.000, 10:33:14.161
52, 2.56, 0.00, 7.35, 8.16, 0.000, 0.000, 0.000, 10:33:14.161
53, 8.09, 0.00, 8.50, 14.63, 0.000, 0.000, 0.000, 10:33:14.161
54, 16.77, 0.00, 26.67, 19.97, 0.000, 0.000, 0.000, 10:33:14.161
55, 18.53, 0.00, 14.01, 22.72, 0.000, 0.000, 0.000, 10:33:14.179
56, 4.99, 0.00, 10.56, 6.89, 0.000, 0.000, 0.000, 10:33:14.179
57, 11.88, 0.00, 17.02, 13.87, 0.000, 0.000, 0.000, 10:33:14.190
58, 20.31, 0.00, 24.30, 19.81, 0.000, 0.000, 0.000, 10:33:14.191
59, 16.14, 0.00, 19.64, 20.91, 0.000, 0.000, 0.000, 10:33:14.191
60, 2.45, 0.00, 6.37, 9.18, 0.000, 0.000, 0.000, 10:33:14.191
61, 6.48, 0.00, 11.29, 13.92, 0.000, 0.000, 0.000, 10:33:14.206
62, 16.44, 0.00, 19.16, 22.96, 0.000, 0.000, 0.000, 10:33:14.206
63, 19.38, 0.00, 21.26, 21.72, 0.000, 0.000, 0.000, 10:33:14.220
64, 6.06, 0.00, 12.80, 14.17, 0.000, 0.000, 0.000, 10:33:14.220
65, 11.66, 0.00, 13.32, 17.02, 0.000, 0.000, 0.000, 10:33:14.222
66, 19.60, 0.00, 24.72, 25.92, 0.000, 0.000, 0.000, 10:33:14.223
67, 15.06, 0.00, 13.58, 20.43, 0.000, 0.000, 0.000, 10:33:14.235
68, 3.19, 0.00, 10.84, 12.26, 0.000, 0.000, 0.000, 10:33:14.235
69, 6.23, 0.00, 8.24, 13.07, 0.000, 0.000, 0.000, 10:33:14.250
70, 20.96, 0.00, 23.83, 25.05, 0.000, 0.000, 0.000, 10:33:14.251
71, 14.34, 0.00, 17.65, 18.38, 0.000, 0.000, 0.000, 10:33:14.258
72, 8.38, 0.00, 5.75, 13.68, 0.000, 0.000, 0.000, 10:33:14.258
73, 8.07, 0.00, 9.76, 10.84, 0.000, 0.000, 0.000, 10:33:14.267
74, 21.29, 0.00, 24.50, 23.91, 0.000, 0.000, 0.000, 10:33:14.267
75, 12.05, 0.00, 17.81, 23.67, 0.000, 0.000, 0.000, 10:33:14.281
76, 5.80, 0.00, 16.33, 11.58, 0.000, 0.000, 0.000, 10:33:14.282
77, 11.33, 0.00, 19.40, 14.15, 0.000, 0.000, 0.000, 10:33:14.282
78, 15.65, 0.00, 19.42, 25.42, 0.000, 0.000, 0.000, 10:33:14.282
79, 14.94, 0.00, 22.30, 18.97, 0.000, 0.000, 0.000, 10:33:14.295
80, 7.19, 0.00, 2.82, 8.04, 0.000, 0.000, 0.000, 10:33:14.295
81, 5.97, 0.00, 7.26, 9.88, 0.000, 0.000, 0.000, 10:33:14.311
82, 20.71, 0.00, 22.08, 28.20, 0.000, 0.000, 0.000, 10:33:14.311
83, 13.01, 0.00, 17.70, 24.72, 0.000, 0.000, 0.000, 10:33:14.311
84, 7.18, 0.00, 9.05, 11.70, 0.000, 0.000, 0.000, 10:33:14.311
85, 8.51, 0.00, 10.87, 14.61, 0.000, 0.000, 0.000, 10:33:14.328
86, 17.80, 0.00, 23.18, 25.25, 0.000, 0.000, 0.000, 10:33:14.328
87, 16.84, 0.00, 16.81, 21.53, 0.000, 0.000, 0.000, 10:33:14.341
88, 5.56, 0.00, 10.47, 8.54, 0.000, 0.000, 0.000, 10:33:14.341
89, 10.38, 0.00, 8.04, 14.77, 0.000, 0.000, 0.000, 10:33:14.343
90, 16.01, 0.00, 25.87, 26.03, 0.000, 0.000, 0.000, 10:33:14.343
91, 16.87, 0.00, 13.39, 17.82, 0.000, 0.000, 0.000, 10:33:14.357
92, 6.29, 0.00, 8.93, 10.69, 0.000, 0.000, 0.000, 10:33:14.357
93, 7.00, 0.00, 17.81, 16.17, 0.000, 0.000, 0.000, 10:33:14.371
94, 16.23, 0.00, 26.40, 27.92, 0.000, 0.000, 0.000, 10:33:14.371
95, 15.63, 0.00, 12.38, 23.11, 0.000, 0.000, 0.000, 10:33:14.371
96, 6.45, 0.00, 6.36, 10.52, 0.000, 0.000, 0.000, 10:33:14.372
