%OpenBCI Raw EEG Data
%
%Sample Rate = 200.0 Hz
%First Column = SampleIndex
%Last Column = Timestamp 
%Other Columns = EEG data in microvolts followed by Accel Data (in G) interleaved with Aux Data
0, 11.42, 11.70, 19.51, 14.11, 0.000, 0.000, 0.000, 10:29:37.753, 7
1, 18.54, 15.86, 17.58, 18.07, 0.000, 0.000, 0.000, 10:29:37.765, 7
2, 11.40, 12.21, 14.71, 15.82, 0.000, 0.000, 0.000, 10:29:37.768, 7
3, 14.28, 11.96, 16.55, 9.06, 0.000, 0.000, 0.000, 10:29:37.776, 7
4, 11.78, 16.60, 18.52, 15.09, 0.000, 0.000, 0.000, 10:29:37.778, 7
5, 14.64, 15.40, 16.88, 9.51, 0.000, 0.000, 0.000, 10:29:37.779, 7
6, 9.01, 5.61, 7.47, 9.86, 0.000, 0.000, 0.000, 10:29:37.781, 7
7, 10.07, 9.73, 19.65, 16.71, 0.000, 0.000, 0.000, 10:29:37.790, 7
8, 18.84, 17.97, 18.25, 20.20, 0.000, 0.000, 0.000, 10:29:37.792, 7
9, 16.30, 14.16, 21.81, 17.89, 0.000, 0.000, 0.000, 10:29:37.810, 7
10, 10.36, 6.28, 12.78, 15.88, 0.000, 0.000, 0.000, 10:29:37.811, 7
11, 20.38, 13.40, 13.80, 18.25, 0.000, 0.000, 0.000, 10:29:37.813, 7
12, 15.95, 18.01, 18.59, 17.97, 0.000, 0.000, 0.000, 10:29:37.814, 7
13, 11.91, 12.73, 19.69, 18.34, 0.000, 0.000, 0.000, 10:29:37.820, 7
14, 18.91, 14.55, 13.77, 14.32, 0.000, 0.000, 0.000, 10:29:37.822, 7
15, 7.42, 8.34, 15.45, 13.32, 0.000, 0.000, 0.000, 10:29:37.835, 7
16, 14.83, 15.17, 13.20, 20.17, 0.000, 0.000, 0.000, 10:29:37.837, 7
17, 15.15, 13.76, 21.12, 20.30, 0.000, 0.000, 0.000, 10:29:37.850, 7
18, 9.70, 10.95, 16.41, 15.93, 0.000, 0.000, 0.000, 10:29:37.855, 7
19, 10.47, 12.52, 13.64, 18.43, 0.000, 0.000, 0.000, 10:29:37.857, 7
20, 14.50, 15.93, 24.22, 17.57, 0.000, 0.000, 0.000, 10:29:37.858, 7
21, 20.86, 13.54, 14.13, 19.66, 0.000, 0.000, 0.000, 10:29:37.864, 7
22, 11.07, 8.99, 17.20, 13.54, 0.000, 0.000, 0.000, 10:29:37.868, 7
23, 14.76, 8.81, 27.00, 9.69, 0.000, 0.000, 0.000, 10:29:37.870, 7
24, 20.47, 12.18, 22.98, 11.93, 0.000, 0.000, 0.000, 10:29:37.871, 7
25, 11.49, 13.29, 16.09, 18.07, 0.000, 0.000, 0.000, 10:29:37.880, 7
26, 14.57, 13.37, 15.37, 12.53, 0.000, 0.000, 0.000, 10:29:37.882, 7
27, 15.04, 12.66, 14.58, 21.47, 0.000, 0.000, 0.000, 10:29:37.898, 7
28, 12.35, 15.47, 15.84, 18.30, 0.000, 0.000, 0.000, 10:29:37.899, 7
29, 16.13, 14.77, 21.69, 17.31, 0.000, 0.000, 0.000, 10:29:37.901, 7
30, 15.52, 12.41, 9.78, 15.18, 0.000, 0.000, 0.000, 10:29:37.902, 7
31, 11.45, 8.16, 15.09, 15.49, 0.000, 0.000, 0.000, 10:29:37.910, 7
32, 17.16, 15.82, 21.85, 15.32, 0.000, 0.000, 0.000, 10:29:37.910, 7
33, 16.62, 15.92, 15.03, 15.39, 0.000, 0.000, 0.000, 10:29:37.924, 7
34, 11.60, 8.10, 16.58, 13.65, 0.000, 0.000, 0.000, 10:29:37.925, 7
35, 11.49, 9.40, 15.81, 12.33, 0.000, 0.000, 0.000, 10:29:37.925, 7
36, 13.36, 13.87, 22.36, 16.88, 0.000, 0.000, 0.000, 10:29:37.926, 7
37, 18.65, 12.14, 20.27, 19.42, 0.000, 0.000, 0.000, 10:29:37.939, 7
38, 6.60, 11.63, 12.46, 14.84, 0.000, 0.000, 0.000, 10:29:37.940, 7
39, 9.22, 6.94, 9.13, 13.47, 0.000, 0.000, 0.000, 10:29:37.954, 7
40, 14.65, 15.38, 17.46, 17.61, 0.000, 0.000, 0.000, 10:29:37.954, 7
41, 11.95, 14.55, 11.62, 20.21, 0.000, 0.000, 0.000, 10:29:37.955, 7
42, 14.14, 12.97, 17.70, 14.66, 0.000, 0.000, 0.000, 10:29:37.955, 7
43, 13.73, 12.79, 16.80, 14.38, 0.000, 0.000, 0.000, 10:29:37.970, 7
44, 15.45, 20.97, 19.60, 16.82, 0.000, 0.000, 0.000, 10:29:37.970, 7
45, 17.50, 12.73, 22.25, 18.04, 0.000, 0.000, 0.000, 10:29:37.984, 7
46, 16.80, 9.33, 12.62, 11.61, 0.000, 0.000, 0.000, 10:29:37.984, 7
47, 6.83, 9.66, 15.97, 14.04, 0.000, 0.000, 0.000, 10:29:37.985, 7
48, 12.22, 15.40, 17.67, 17.41, 0.000, 0.000, 0.000, 10:29:37.985, 7
49, 16.21, 16.52, 15.21, 18.00, 0.000, 0.000, 0.000, 10:29:37.999, 7
50, 15.07, 12.72, 8.12, 16.16, 0.000, 0.000, 0.000, 10:29:38.000, 7
51, 13.55, 9.08, 14.51, 13.40, 0.000, 0.000, 0.000, 10:29:38.015, 7
52, 13.85, 16.31, 22.30, 20.18, 0.000, 0.000, 0.000, 10:29:38.015, 7
53, 17.43, 13.26, 21.12, 18.30, 0.000, 0.000, 0.000, 10:29:38.016, 7
54, 7.59, 9.82, 16.38, 13.43, 0.000, 0.000, 0.000, 10:29:38.016, 7
55, 13.69, 11.47, 17.30, 14.49, 0.000, 0.000, 0.000, 10:29:38.030, 7
56, 17.96, 13.19, 21.88, 16.54, 0.000, 0.000, 0.000, 10:29:38.030, 7
57, 13.41, 13.76, 16.71, 19.48, 0.000, 0.000, 0.000, 10:29:38.045, 7
58, 13.90, 10.02, 14.40, 10.15, 0.000, 0.000, 0.000, 10:29:38.045, 7
59, 17.71, 8.12, 14.14, 13.44, 0.000, 0.000, 0.000, 10:29:38.045, 7
60, 15.67, 17.40, 22.55, 17.62, 0.000, 0.000, 0.000, 10:29:38.045, 7
61, 11.99, 16.82, 16.36, 22.03, 0.000, 0.000, 0.000, 10:29:38.061, 7
62, 10.16, 11.11, 15.03, 14.68, 0.000, 0.000, 0.000, 10:29:38.061, 7
63, 8.40, 10.50, 11.81, 12.65, 0.000, 0.000, 0.000, 10:29:38.076, 7
64, 14.63, 14.71, 14.50, 21.28, 0.000, 0.000, 0.000, 10:29:38.076, 7
65, 17.66, 15.08, 15.63, 13.95, 0.000, 0.000, 0.000, 10:29:38.077, 7
66, 12.47, 12.82, 9.82, 17.91, 0.000, 0.000, 0.000, 10:29:38.077, 7
67, 9.90, 11.73, 14.22, 15.19, 0.000, 0.000, 0.000, 10:29:38.091, 7
68, 19.71, 16.26, 19.40, 15.56, 0.000, 0.000, 0.000, 10:29:38.091, 7
69, 10.25, 10.57, 13.47, 11.58, 0.000, 0.000, 0.000, 10:29:38.105, 7
70, 14.59, 10.79, 19.24, 13.50, 0.000, 0.000, 0.000, 10:29:38.106, 7
71, 16.07, 11.41, 15.68, 14.51, 0.000, 0.000, 0.000, 10:29:38.106, 7
72, 12.12, 10.97, 19.00, 16.92, 0.000, 0.000, 0.000, 10:29:38.106, 7
73, 14.10, 12.44, 21.45, 18.21, 0.000, 0.000, 0.000, 10:29:38.119, 7
74, 10.94, 10.66, 11.29, 10.56, 0.000, 0.000, 0.000, 10:29:38.120, 7
75, 14.25, 10.16, 9.88, 12.38, 0.000, 0.000, 0.000, 10:29:38.135, 7
76, 16.12, 13.12, 15.70, 16.57, 0.000, 0.000, 0.000, 10:29:38.136, 7
77, 16.83, 13.63, 18.25, 16.49, 0.000, 0.000, 0.000, 10:29:38.138, 7
78, 13.62, 8.70, 15.88, 11.96, 0.000, 0.000, 0.000, 10:29:38.139, 7
79, 8.12, 9.51, 13.82, 11.46, 0.000, 0.000, 0.000, 10:29:38.149, 7
80, 11.26, 16.40, 19.74, 16.09, 0.000, 0.000, 0.000, 10:29:38.150, 7
81, 13.34, 18.09, 16.61, 15.77, 0.000, 0.000, 0.000, 10:29:38.164, 7
82, 15.52, 9.60, 14.24, 14.72, 0.000, 0.000, 0.000, 10:29:38.164, 7
83, 14.33, 11.82, 22.33, 14.37, 0.000, 0.000, 0.000, 10:29:38.165, 7
84, 12.02, 13.61, 18.57, 23.51, 0.000, 0.000, 0.000, 10:29:38.165, 7
85, 23.85, 16.14, 10.03, 20.96, 0.000, 0.000, 0.000, 10:29:38.179, 7
86, 10.38, 10.65, 14.98, 14.51, 0.000, 0.000, 0.000, 10:29:38.180, 7
87, 10.95, 8.21, 14.87, 13.85, 0.000, 0.000, 0.000, 10:29:38.194, 7
88, 17.80, 15.03, 21.85, 15.09, 0.000, 0.000, 0.000, 10:29:38.194, 7
89, 14.78, 15.54, 9.24, 19.96, 0.000, 0.000, 0.000, 10:29:38.195, 7
90, 12.94, 9.15, 10.66, 11.22, 0.000, 0.000, 0.000, 10:29:38.195, 7
91, 11.64, 13.69, 13.96, 18.27, 0.000, 0.000, 0.000, 10:29:38.209, 7
92, 19.09, 14.10, 15.87, 19.08, 0.000, 0.000, 0.000, 10:29:38.210, 7
93, 13.10, 19.05, 14.48, 19.31, 0.000, 0.000, 0.000, 10:29:38.224, 7
94, 11.38, 14.70, 19.29, 11.52, 0.000, 0.000, 0.000, 10:29:38.224, 7
95, 14.14, 11.17, 19.26, 16.29, 0.000, 0.000, 0.000, 10:29:38.224, 7
96, 13.82, 13.33, 14.24, 16.81, 0.000, 0.000, 0.000, 10:29:38.225, 7
97, 13.44, 10.79, 21.05, 21.35, 0.000, 0.000, 0.000, 10:29:38.240, 7
98, 13.82, 17.39, 14.68, 16.85, 0.000, 0.000, 0.000, 10:29:38.240, 7
99, 7.77, 11.26, 11.51, 14.31, 0.000, 0.000, 0.000, 10:29:38.255, 7
100, 17.97, 16.52, 21.51, 15.31, 0.000, 0.000, 0.000, 10:29:38.257, 7
101, 11.27, 11.75, 17.89, 14.20, 0.000, 0.000, 0.000, 10:29:38.258, 7
102, 15.02, 8.68, 12.11, 9.76, 0.000, 0.000, 0.000, 10:29:38.259, 7
103, 11.97, 12.88, 14.65, 13.24, 0.000, 0.000, 0.000, 10:29:38.269, 7
104, 20.78, 17.05, 19.31, 18.95, 0.000, 0.000, 0.000, 10:29:38.270, 7
105, 12.96, 9.94, 18.60, 8.28, 0.000, 0.000, 0.000, 10:29:38.285, 7
106, 10.66, 8.99, 14.42, 4.65, 0.000, 0.000, 0.000, 10:29:38.286, 7
107, 11.34, 8.29, 11.26, 11.36, 0.000, 0.000, 0.000, 10:29:38.287, 7
108, 13.88, 15.99, 23.63, 11.44, 0.000, 0.000, 0.000, 10:29:38.288, 7
109, 17.36, 11.23, 12.71, 14.02, 0.000, 0.000, 0.000, 10:29:38.299, 7
110, 10.41, 8.63, 8.41, 13.21, 0.000, 0.000, 0.000, 10:29:38.301, 7
111, 12.02, 11.75, 14.56, 14.45, 0.000, 0.000, 0.000, 10:29:38.314, 7
112, 15.95, 14.37, 20.78, 18.97, 0.000, 0.000, 0.000, 10:29:38.315, 7
113, 13.40, 16.38, 16.82, 18.69, 0.000, 0.000, 0.000, 10:29:38.323, 7
114, 14.50, 10.16, 19.03, 15.53, 0.000, 0.000, 0.000, 10:29:38.324, 7
115, 13.02, 9.93, 16.11, 17.76, 0.000, 0.000, 0.000, 10:29:38.330, 7
116, 12.24, 16.16, 20.40, 22.08, 0.000, 0.000, 0.000, 10:29:38.331, 7
117, 15.08, 13.86, 20.50, 16.76, 0.000, 0.000, 0.000, 10:29:38.345, 7
118, 17.04, 11.11, 12.63, 15.80, 0.000, 0.000, 0.000, 10:29:38.347, 7
119, 12.68, 8.86, 13.59, 16.55, 0.000, 0.000, 0.000, 10:29:38.348, 7
120, 18.95, 15.95, 19.82, 20.38, 0.000, 0.000, 0.000, 10:29:38.350, 7
121, 14.70, 15.24, 12.89, 10.93, 0.000, 0.000, 0.000, 10:29:38.362, 7
122, 14.82, 7.67, 17.10, 12.35, 0.000, 0.000, 0.000, 10:29:38.364, 7
123, 6.29, 12.53, 18.99, 12.03, 0.000, 0.000, 0.000, 10:29:38.377, 7
124, 16.19, 13.26, 17.81, 15.65, 0.000, 0.000, 0.000, 10:29:38.377, 7
125, 12.21, 12.92, 19.08, 17.41, 0.000, 0.000, 0.000, 10:29:38.378, 7
126, 11.42, 12.26, 10.88, 16.46, 0.000, 0.000, 0.000, 10:29:38.379, 7
127, 14.03, 11.33, 13.43, 16.36, 0.000, 0.000, 0.000, 10:29:38.390, 7
128, 17.79, 12.51, 22.48, 18.81, 0.000, 0.000, 0.000, 10:29:38.391, 7
129, 14.80, 14.16, 16.28, 15.45, 0.000, 0.000, 0.000, 10:29:38.405, 7
130, 5.65, 6.89, 15.86, 12.30, 0.000, 0.000, 0.000, 10:29:38.406, 7
131, 15.37, 13.18, 19.60, 11.11, 0.000, 0.000, 0.000, 10:29:38.406, 7
132, 18.53, 19.05, 18.28, 12.88, 0.000, 0.000, 0.000, 10:29:38.407, 7
133, 14.05, 14.72, 10.34, 13.70, 0.000, 0.000, 0.000, 10:29:38.419, 7
134, 7.33, 10.16, 13.55, 5.48, 0.000, 0.000, 0.000, 10:29:38.420, 7
135, 16.08, 13.90, 22.43, 12.22, 0.000, 0.000, 0.000, 10:29:38.435, 7
136, 19.53, 16.74, 22.30, 23.07, 0.000, 0.000, 0.000, 10:29:38.436, 7
137, 5.61, 12.56, 17.75, 19.13, 0.000, 0.000, 0.000, 10:29:38.437, 7
138, 15.02, 10.32, 12.79, 11.79, 0.000, 0.000, 0.000, 10:29:38.439, 7
139, 12.00, 11.60, 19.56, 15.78, 0.000, 0.000, 0.000, 10:29:38.449, 7
140, 15.26, 13.67, 23.76, 15.54, 0.000, 0.000, 0.000, 10:29:38.450, 7
141, 14.74, 10.29, 16.79, 16.96, 0.000, 0.000, 0.000, 10:29:38.464, 7
142, 12.58, 8.60, 17.36, 13.72, 0.000, 0.000, 0.000, 10:29:38.464, 7
143, 8.34, 12.46, 13.52, 15.85, 0.000, 0.000, 0.000, 10:29:38.465, 7
144, 14.85, 13.67, 14.30, 18.65, 0.000, 0.000, 0.000, 10:29:38.465, 7
145, 17.77, 13.75, 23.96, 10.71, 0.000, 0.000, 0.000, 10:29:38.479, 7
146, 13.07, 14.34, 14.99, 14.00, 0.000, 0.000, 0.000, 10:29:38.480, 7
147, 12.73, 10.19, 9.19, 12.53, 0.000, 0.000, 0.000, 10:29:38.494, 7
148, 16.28, 14.78, 24.94, 20.35, 0.000, 0.000, 0.000, 10:29:38.494, 7
149, 17.07, 12.08, 8.33, 16.99, 0.000, 0.000, 0.000, 10:29:38.495, 7
150, 4.78, 8.27, 10.22, 14.73, 0.000, 0.000, 0.000, 10:29:38.495, 7
151, 12.17, 15.34, 16.69, 15.63, 0.000, 0.000, 0.000, 10:29:38.509, 7
152, 18.32, 18.24, 25.97, 20.93, 0.000, 0.000, 0.000, 10:29:38.510, 7
153, 12.27, 18.47, 19.38, 21.01, 0.000, 0.000, 0.000, 10:29:38.526, 7
154, 13.66, 12.32, 8.70, 13.98, 0.000, 0.000, 0.000, 10:29:38.527, 7
155, 16.31, 14.81, 12.62, 14.22, 0.000, 0.000, 0.000, 10:29:38.527, 7
156, 15.77, 15.23, 10.79, 21.32, 0.000, 0.000, 0.000, 10:29:38.527, 7
157, 14.65, 12.21, 16.31, 21.69, 0.000, 0.000, 0.000, 10:29:38.539, 7
158, 12.34, 9.37, 9.86, 14.35, 0.000, 0.000, 0.000, 10:29:38.539, 7
159, 16.94, 10.84, 16.81, 15.73, 0.000, 0.000, 0.000, 10:29:38.554, 7
160, 14.05, 11.86, 23.23, 16.88, 0.000, 0.000, 0.000, 10:29:38.554, 7
161, 14.96, 14.24, 23.80, 12.64, 0.000, 0.000, 0.000, 10:29:38.554, 7
162, 5.55, 9.87, 17.79, 14.10, 0.000, 0.000, 0.000, 10:29:38.555, 7
163, 10.35, 11.55, 18.05, 17.48, 0.000, 0.000, 0.000, 10:29:38.569, 7
164, 18.21, 17.13, 13.02, 16.36, 0.000, 0.000, 0.000, 10:29:38.569, 7
165, 11.22, 13.66, 14.26, 17.22, 0.000, 0.000, 0.000, 10:29:38.584, 7
166, 14.85, 8.16, 14.11, 12.06, 0.000, 0.000, 0.000, 10:29:38.584, 7
167, 10.72, 11.18, 14.87, 16.70, 0.000, 0.000, 0.000, 10:29:38.585, 7
168, 16.19, 15.15, 18.63, 22.14, 0.000, 0.000, 0.000, 10:29:38.585, 7
169, 11.10, 15.91, 17.16, 21.50, 0.000, 0.000, 0.000, 10:29:38.605, 7
170, 12.92, 8.27, 16.70, 15.49, 0.000, 0.000, 0.000, 10:29:38.605, 7
171, 13.14, 8.31, 12.59, 15.13, 0.000, 0.000, 0.000, 10:29:38.613, 7
172, 19.20, 10.87, 13.95, 15.49, 0.000, 0.000, 0.000, 10:29:38.614, 7
173, 14.97, 13.25, 12.72, 18.50, 0.000, 0.000, 0.000, 10:29:38.614, 7
174, 11.54, 11.03, 19.03, 14.90, 0.000, 0.000, 0.000, 10:29:38.614, 7
175, 12.41, 10.36, 20.42, 12.85, 0.000, 0.000, 0.000, 10:29:38.644, 7
176, 20.53, 13.51, 19.28, 19.39, 0.000, 0.000, 0.000, 10:29:38.644, 7
177, 15.29, 12.26, 24.98, 14.92, 0.000, 0.000, 0.000, 10:29:38.644, 7
178, 10.64, 10.88, 8.12, 9.84, 0.000, 0.000, 0.000, 10:29:38.644, 7
179, 12.64, 9.72, 12.87, 19.35, 0.000, 0.000, 0.000, 10:29:38.645, 7
180, 16.43, 12.60, 15.31, 16.85, 0.000, 0.000, 0.000, 10:29:38.645, 7
181, 18.52, 18.65, 18.80, 18.43, 0.000, 0.000, 0.000, 10:29:38.660, 7
182, 15.02, 15.39, 16.31, 16.11, 0.000, 0.000, 0.000, 10:29:38.660, 7
183, 12.32, 9.03, 8.10, 12.07, 0.000, 0.000, 0.000, 10:29:38.675, 7
184, 16.46, 16.33, 24.01, 12.70, 0.000, 0.000, 0.000, 10:29:38.675, 7
185, 12.87, 13.54, 18.83, 6.62, 0.000, 0.000, 0.000, 10:29:38.675, 7
186, 11.98, 13.01, 12.74, 13.51, 0.000, 0.000, 0.000, 10:29:38.675, 7
187, 8.97, 12.04, 16.03, 4.89, 0.000, 0.000, 0.000, 10:29:38.690, 7
188, 15.54, 18.17, 10.73, 19.83, 0.000, 0.000, 0.000, 10:29:38.691, 7
189, 19.11, 12.35, 19.23, 16.88, 0.000, 0.000, 0.000, 10:29:38.706, 7
190, 13.44, 10.87, 14.38, 14.03, 0.000, 0.000, 0.000, 10:29:38.706, 7
191, 11.36, 11.46, 13.05, 17.27, 0.000, 0.000, 0.000, 10:29:38.707, 7
192, 13.39, 16.26, 23.00, 17.12, 0.000, 0.000, 0.000, 10:29:38.707, 7
193, 14.53, 14.16, 21.37, 13.88, 0.000, 0.000, 0.000, 10:29:38.720, 7
194, 9.04, 13.39, 14.91, 13.94, 0.000, 0.000, 0.000, 10:29:38.720, 7
195, 13.99, 7.84, 15.15, 12.88, 0.000, 0.000, 0.000, 10:29:38.735, 7
196, 10.28, 15.47, 17.04, 14.11, 0.000, 0.000, 0.000, 10:29:38.736, 7
197, 13.09, 9.82, 17.76, 16.81, 0.000, 0.000, 0.000, 10:29:38.737, 7
198, 11.83, 8.14, 14.95, 15.73, 0.000, 0.000, 0.000, 10:29:38.738, 7
199, 12.88, 13.04, 17.21, 16.45, 0.000, 0.000, 0.000, 10:29:38.750, 7
200, 15.76, 12.75, 15.38, 14.31, 0.000, 0.000, 0.000, 10:29:38.750, 7
0, 19.46, 12.96, 11.43, 21.95, 0.000, 0.000, 0.000, 10:29:38.752, 7
1, 9.47, 11.12, 16.43, 20.58, 0.000, 0.000, 0.000, 10:29:38.765, 7
2, 11.48, 10.40, 22.31, 19.27, 0.000, 0.000, 0.000, 10:29:38.766, 7
3, 14.11, 19.40, 21.53, 22.77, 0.000, 0.000, 0.000, 10:29:38.779, 7
4, 12.43, 12.29, 20.27, 18.19, 0.000, 0.000, 0.000, 10:29:38.780, 7
5, 12.70, 9.99, 17.38, 11.04, 0.000, 0.000, 0.000, 10:29:38.780, 7
6, 11.73, 9.71, 21.22, 12.70, 0.000, 0.000, 0.000, 10:29:38.781, 7
7, 15.33, 16.44, 15.75, 17.12, 0.000, 0.000, 0.000, 10:29:38.795, 7
8, 15.68, 14.79, 14.31, 12.55, 0.000, 0.000, 0.000, 10:29:38.795, 7
9, 15.70, 11.63, 10.35, 15.28, 0.000, 0.000, 0.000, 10:29:38.810, 7
10, 13.78, 11.89, 17.32, 17.22, 0.000, 0.000, 0.000, 10:29:38.810, 7
11, 17.72, 16.38, 16.70, 19.84, 0.000, 0.000, 0.000, 10:29:38.811, 7
12, 10.04, 9.32, 19.67, 15.92, 0.000, 0.000, 0.000, 10:29:38.811, 7
13, 12.79, 8.04, 18.11, 8.66, 0.000, 0.000, 0.000, 10:29:38.824, 7
14, 13.64, 12.87, 19.21, 13.60, 0.000, 0.000, 0.000, 10:29:38.825, 7
15, 13.98, 12.17, 19.35, 12.42, 0.000, 0.000, 0.000, 10:29:38.840, 7
16, 16.87, 12.76, 10.28, 11.56, 0.000, 0.000, 0.000, 10:29:38.840, 7
17, 13.85, 13.83, 12.48, 10.35, 0.000, 0.000, 0.000, 10:29:38.840, 7
18, 13.30, 12.41, 17.11, 9.45, 0.000, 0.000, 0.000, 10:29:38.841, 7
19, 17.45, 15.35, 20.81, 18.29, 0.000, 0.000, 0.000, 10:29:38.854, 7
20, 12.52, 13.56, 18.08, 15.62, 0.000, 0.000, 0.000, 10:29:38.855, 7
21, 12.99, 8.78, 12.00, 12.96, 0.000, 0.000, 0.000, 10:29:38.870, 7
22, 13.75, 13.49, 11.34, 16.64, 0.000, 0.000, 0.000, 10:29:38.871, 7
23, 18.37, 14.07, 14.30, 22.52, 0.000, 0.000, 0.000, 10:29:38.872, 7
24, 11.63, 12.40, 19.45, 14.59, 0.000, 0.000, 0.000, 10:29:38.873, 7
25, 7.49, 11.60, 11.10, 13.03, 0.000, 0.000, 0.000, 10:29:38.890, 7
26, 16.11, 14.98, 11.47, 13.14, 0.000, 0.000, 0.000, 10:29:38.891, 7
27, 12.41, 13.42, 21.12, 16.15, 0.000, 0.000, 0.000, 10:29:38.899, 7
28, 17.36, 12.12, 23.04, 20.31, 0.000, 0.000, 0.000, 10:29:38.899, 7
29, 8.18, 11.52, 20.95, 14.76, 0.000, 0.000, 0.000, 10:29:38.901, 7
30, 20.46, 11.48, 14.36, 16.06, 0.000, 0.000, 0.000, 10:29:38.901, 7
31, 21.64, 17.47, 22.53, 15.83, 0.000, 0.000, 0.000, 10:29:38.914, 7
32, 17.50, 13.05, 16.28, 15.54, 0.000, 0.000, 0.000, 10:29:38.914, 7
33, 11.94, 14.21, 12.80, 13.79, 0.000, 0.000, 0.000, 10:29:38.929, 7
34, 7.81, 11.98, 16.05, 18.40, 0.000, 0.000, 0.000, 10:29:38.929, 7
35, 17.17, 16.02, 14.72, 17.47, 0.000, 0.000, 0.000, 10:29:38.930, 7
36, 16.97, 11.94, 14.39, 16.66, 0.000, 0.000, 0.000, 10:29:38.930, 7
37, 9.11, 9.25, 14.87, 12.35, 0.000, 0.000, 0.000, 10:29:38.944, 7
38, 14.18, 12.25, 12.64, 16.88, 0.000, 0.000, 0.000, 10:29:38.944, 7
39, 12.89, 16.77, 18.01, 20.92, 0.000, 0.000, 0.000, 10:29:38.959, 7
40, 13.91, 14.37, 12.81, 16.01, 0.000, 0.000, 0.000, 10:29:38.959, 7
41, 13.54, 9.29, 8.24, 10.62, 0.000, 0.000, 0.000, 10:29:38.959, 7
42, 16.56, 9.81, 14.40, 14.43, 0.000, 0.000, 0.000, 10:29:38.960, 7
43, 20.46, 13.61, 23.86, 18.64, 0.000, 0.000, 0.000, 10:29:38.973, 7
44, 12.12, 11.26, 17.31, 18.09, 0.000, 0.000, 0.000, 10:29:38.974, 7
45, 12.89, 13.79, 18.70, 19.01, 0.000, 0.000, 0.000, 10:29:38.988, 7
46, 10.69, 9.62, 16.33, 18.08, 0.000, 0.000, 0.000, 10:29:38.989, 7
47, 10.65, 14.24, 19.07, 20.14, 0.000, 0.000, 0.000, 10:29:38.989, 7
48, 10.19, 16.55, 13.63, 18.24, 0.000, 0.000, 0.000, 10:29:38.989, 7
49, 10.01, 10.49, 13.72, 15.19, 0.000, 0.000, 0.000, 10:29:39.005, 7
50, 14.85, 10.51, 13.22, 14.66, 0.000, 0.000, 0.000, 10:29:39.005, 7
51, 13.47, 14.55, 20.84, 16.24, 0.000, 0.000, 0.000, 10:29:39.021, 7
52, 11.54, 13.30, 14.82, 11.30, 0.000, 0.000, 0.000, 10:29:39.021, 7
53, 13.40, 10.84, 13.78, 12.33, 0.000, 0.000, 0.000, 10:29:39.022, 7
54, 11.52, 11.67, 21.25, 11.40, 0.000, 0.000, 0.000, 10:29:39.022, 7
55, 15.63, 14.74, 18.14, 18.33, 0.000, 0.000, 0.000, 10:29:39.035, 7
56, 12.96, 11.68, 17.23, 12.04, 0.000, 0.000, 0.000, 10:29:39.035, 7
57, 10.25, 4.96, 12.17, 12.45, 0.000, 0.000, 0.000, 10:29:39.050, 7
58, 10.05, 5.31, 13.36, 16.20, 0.000, 0.000, 0.000, 10:29:39.050, 7
59, 22.07, 18.15, 19.17, 21.79, 0.000, 0.000, 0.000, 10:29:39.059, 7
60, 13.30, 10.71, 18.99, 13.07, 0.000, 0.000, 0.000, 10:29:39.061, 7
61, 8.56, 10.36, 16.67, 9.62, 0.000, 0.000, 0.000, 10:29:39.065, 7
62, 13.22, 13.78, 13.93, 15.68, 0.000, 0.000, 0.000, 10:29:39.070, 7
63, 14.98, 15.59, 18.40, 13.62, 0.000, 0.000, 0.000, 10:29:39.080, 7
64, 14.95, 15.07, 14.94, 12.80, 0.000, 0.000, 0.000, 10:29:39.080, 7
65, 11.73, 8.79, 14.73, 11.63, 0.000, 0.000, 0.000, 10:29:39.081, 7
66, 17.36, 14.29, 18.69, 15.84, 0.000, 0.000, 0.000, 10:29:39.081, 7
67, 17.59, 16.29, 15.85, 18.98, 0.000, 0.000, 0.000, 10:29:39.095, 7
68, 11.66, 10.51, 16.60, 17.74, 0.000, 0.000, 0.000, 10:29:39.095, 7
69, 10.03, 8.52, 16.87, 11.24, 0.000, 0.000, 0.000, 10:29:39.109, 7
70, 19.47, 13.90, 13.71, 7.77, 0.000, 0.000, 0.000, 10:29:39.110, 7
71, 16.27, 16.22, 18.13, 17.60, 0.000, 0.000, 0.000, 10:29:39.111, 7
72, 12.06, 14.02, 23.77, 22.60, 0.000, 0.000, 0.000, 10:29:39.111, 7
73, 11.85, 12.51, 15.31, 14.89, 0.000, 0.000, 0.000, 10:29:39.124, 7
74, 15.21, 10.77, 12.29, 13.60, 0.000, 0.000, 0.000, 10:29:39.125, 7
75, 15.74, 13.64, 18.33, 18.53, 0.000, 0.000, 0.000, 10:29:39.139, 7
76, 14.58, 12.68, 19.37, 15.50, 0.000, 0.000, 0.000, 10:29:39.140, 7
77, 15.64, 11.24, 19.88, 13.34, 0.000, 0.000, 0.000, 10:29:39.140, 7
78, 17.63, 11.17, 17.89, 13.01, 0.000, 0.000, 0.000, 10:29:39.140, 7
79, 16.91, 19.28, 16.27, 18.22, 0.000, 0.000, 0.000, 10:29:39.154, 7
80, 14.99, 17.68, 12.75, 18.87, 0.000, 0.000, 0.000, 10:29:39.155, 7
81, 9.91, 12.60, 18.40, 10.78, 0.000, 0.000, 0.000, 10:29:39.170, 7
82, 10.29, 14.22, 16.95, 15.08, 0.000, 0.000, 0.000, 10:29:39.170, 7
83, 18.21, 20.09, 15.34, 17.14, 0.000, 0.000, 0.000, 10:29:39.171, 7
84, 14.28, 9.64, 16.05, 18.07, 0.000, 0.000, 0.000, 10:29:39.171, 7
85, 12.48, 6.85, 13.65, 10.88, 0.000, 0.000, 0.000, 10:29:39.185, 7
86, 14.68, 9.34, 14.28, 17.14, 0.000, 0.000, 0.000, 10:29:39.185, 7
87, 11.73, 12.72, 18.13, 16.95, 0.000, 0.000, 0.000, 10:29:39.199, 7
88, 12.67, 13.59, 20.34, 16.65, 0.000, 0.000, 0.000, 10:29:39.200, 7
89, 14.33, 8.95, 9.11, 11.15, 0.000, 0.000, 0.000, 10:29:39.201, 7
90, 16.75, 15.14, 10.95, 15.82, 0.000, 0.000, 0.000, 10:29:39.201, 7
91, 16.72, 17.00, 14.44, 19.97, 0.000, 0.000, 0.000, 10:29:39.214, 7
92, 15.78, 13.42, 16.86, 16.28, 0.000, 0.000, 0.000, 10:29:39.217, 7
93, 11.25, 5.94, 14.12, 12.17, 0.000, 0.000, 0.000, 10:29:39.229, 7
94, 12.09, 11.86, 14.41, 17.84, 0.000, 0.000, 0.000, 10:29:39.230, 7
95, 16.22, 16.70, 21.17, 20.75, 0.000, 0.000, 0.000, 10:29:39.230, 7
96, 11.63, 15.31, 21.64, 12.20, 0.000, 0.000, 0.000, 10:29:39.230, 7
97, 8.80, 7.29, 15.52, 7.71, 0.000, 0.000, 0.000, 10:29:39.251, 7
98, 15.68, 13.59, 16.27, 18.62, 0.000, 0.000, 0.000, 10:29:39.251, 7
99, 13.81, 15.31, 22.50, 21.73, 0.000, 0.000, 0.000, 10:29:39.259, 7
100, 11.91, 11.28, 22.79, 18.31, 0.000, 0.000, 0.000, 10:29:39.259, 7
101, 13.95, 9.93, 7.01, 7.33, 0.000, 0.000, 0.000, 10:29:39.275, 7
102, 13.80, 12.43, 14.73, 15.35, 0.000, 0.000, 0.000, 10:29:39.275, 7
103, 17.59, 12.47, 14.44, 14.05, 0.000, 0.000, 0.000, 10:29:39.276, 7
104, 13.05, 10.18, 18.24, 12.73, 0.000, 0.000, 0.000, 10:29:39.276, 7
105, 13.40, 7.81, 15.62, 13.23, 0.000, 0.000, 0.000, 10:29:39.290, 7
106, 5.45, 12.47, 16.27, 14.73, 0.000, 0.000, 0.000, 10:29:39.290, 7
107, 17.12, 11.89, 12.28, 15.62, 0.000, 0.000, 0.000, 10:29:39.290, 7
108, 13.73, 12.52, 13.72, 19.03, 0.000, 0.000, 0.000, 10:29:39.290, 7
109, 11.77, 12.35, 14.25, 16.18, 0.000, 0.000, 0.000, 10:29:39.304, 7
110, 12.04, 14.19, 23.03, 13.73, 0.000, 0.000, 0.000, 10:29:39.305, 7
111, 16.71, 16.66, 19.47, 19.07, 0.000, 0.000, 0.000, 10:29:39.319, 7
112, 10.51, 13.53, 19.35, 19.18, 0.000, 0.000, 0.000, 10:29:39.320, 7
113, 13.34, 9.25, 15.69, 13.38, 0.000, 0.000, 0.000, 10:29:39.321, 7
114, 13.84, 11.34, 19.39, 14.28, 0.000, 0.000, 0.000, 10:29:39.322, 7
115, 11.94, 15.63, 18.86, 17.09, 0.000, 0.000, 0.000, 10:29:39.335, 7
116, 12.74, 13.32, 14.66, 11.37, 0.000, 0.000, 0.000, 10:29:39.335, 7
117, 13.32, 11.22, 15.08, 15.50, 0.000, 0.000, 0.000, 10:29:39.349, 7
118, 13.01, 15.74, 13.81, 14.68, 0.000, 0.000, 0.000, 10:29:39.350, 7
119, 11.58, 16.12, 16.13, 20.56, 0.000, 0.000, 0.000, 10:29:39.350, 7
120, 15.12, 9.92, 23.40, 15.43, 0.000, 0.000, 0.000, 10:29:39.351, 7
121, 16.33, 9.78, 15.59, 9.41, 0.000, 0.000, 0.000, 10:29:39.364, 7
122, 15.87, 15.50, 9.74, 14.53, 0.000, 0.000, 0.000, 10:29:39.365, 7
123, 15.10, 15.24, 19.36, 18.56, 0.000, 0.000, 0.000, 10:29:39.380, 7
124, 13.97, 13.67, 18.19, 14.16, 0.000, 0.000, 0.000, 10:29:39.380, 7
125, 10.96, 13.61, 11.77, 11.54, 0.000, 0.000, 0.000, 10:29:39.380, 7
126, 17.90, 13.11, 17.65, 14.39, 0.000, 0.000, 0.000, 10:29:39.380, 7
127, 20.17, 16.75, 20.17, 21.25, 0.000, 0.000, 0.000, 10:29:39.394, 7
128, 17.64, 12.76, 19.22, 16.13, 0.000, 0.000, 0.000, 10:29:39.395, 7
129, 13.83, 8.72, 11.89, 14.13, 0.000, 0.000, 0.000, 10:29:39.409, 7
130, 13.13, 7.89, 12.02, 16.13, 0.000, 0.000, 0.000, 10:29:39.409, 7
131, 15.46, 14.07, 20.73, 24.21, 0.000, 0.000, 0.000, 10:29:39.410, 7
132, 7.89, 10.24, 16.39, 20.72, 0.000, 0.000, 0.000, 10:29:39.410, 7
133, 8.61, 10.55, 12.97, 12.47, 0.000, 0.000, 0.000, 10:29:39.424, 7
134, 12.84, 11.76, 19.47, 13.07, 0.000, 0.000, 0.000, 10:29:39.424, 7
135, 16.84, 10.68, 18.71, 13.21, 0.000, 0.000, 0.000, 10:29:39.439, 7
136, 16.22, 10.31, 17.95, 17.13, 0.000, 0.000, 0.000, 10:29:39.439, 7
137, 13.97, 12.34, 16.29, 10.86, 0.000, 0.000, 0.000, 10:29:39.439, 7
138, 12.61, 13.25, 13.35, 11.70, 0.000, 0.000, 0.000, 10:29:39.440, 7
139, 13.80, 11.69, 15.55, 17.10, 0.000, 0.000, 0.000, 10:29:39.455, 7
140, 11.72, 10.95, 16.01, 13.28, 0.000, 0.000, 0.000, 10:29:39.455, 7
141, 11.96, 12.78, 17.39, 15.00, 0.000, 0.000, 0.000, 10:29:39.469, 7
142, 15.61, 11.83, 14.59, 18.95, 0.000, 0.000, 0.000, 10:29:39.471, 7
143, 20.64, 14.97, 15.45, 16.21, 0.000, 0.000, 0.000, 10:29:39.471, 7
144, 17.81, 14.55, 19.81, 16.27, 0.000, 0.000, 0.000, 10:29:39.471, 7
145, 9.33, 10.26, 7.84, 11.23, 0.000, 0.000, 0.000, 10:29:39.484, 7
146, 10.88, 12.18, 17.56, 19.29, 0.000, 0.000, 0.000, 10:29:39.484, 7
147, 13.62, 15.17, 19.34, 16.24, 0.000, 0.000, 0.000, 10:29:39.499, 7
148, 20.04, 11.70, 13.17, 16.61, 0.000, 0.000, 0.000, 10:29:39.499, 7
149, 14.60, 11.57, 12.30, 13.50, 0.000, 0.000, 0.000, 10:29:39.500, 7
150, 11.71, 10.24, 17.03, 11.30, 0.000, 0.000, 0.000, 10:29:39.500, 7
151, 13.42, 14.14, 18.96, 14.42, 0.000, 0.000, 0.000, 10:29:39.514, 7
152, 9.54, 10.81, 18.07, 10.67, 0.000, 0.000, 0.000, 10:29:39.514, 7
153, 8.99, 8.78, 13.67, 13.56, 0.000, 0.000, 0.000, 10:29:39.529, 7
154, 10.27, 13.28, 14.98, 15.13, 0.000, 0.000, 0.000, 10:29:39.529, 7
155, 16.18, 14.87, 22.40, 19.55, 0.000, 0.000, 0.000, 10:29:39.530, 7
156, 14.78, 11.17, 18.15, 17.78, 0.000, 0.000, 0.000, 10:29:39.530, 7
157, 5.08, 14.81, 13.46, 17.96, 0.000, 0.000, 0.000, 10:29:39.544, 7
158, 11.08, 15.35, 15.68, 14.13, 0.000, 0.000, 0.000, 10:29:39.544, 7
159, 17.41, 17.47, 16.68, 23.49, 0.000, 0.000, 0.000, 10:29:39.559, 7
160, 12.04, 15.12, 17.98, 18.94, 0.000, 0.000, 0.000, 10:29:39.560, 7
161, 13.35, 15.15, 13.41, 10.87, 0.000, 0.000, 0.000, 10:29:39.560, 7
162, 16.36, 13.56, 16.96, 17.27, 0.000, 0.000, 0.000, 10:29:39.560, 7
163, 18.91, 17.15, 21.32, 22.94, 0.000, 0.000, 0.000, 10:29:39.575, 7
164, 13.35, 15.28, 17.47, 17.69, 0.000, 0.000, 0.000, 10:29:39.575, 7
165, 9.10, 6.79, 11.08, 15.04, 0.000, 0.000, 0.000, 10:29:39.590, 7
166, 18.14, 8.86, 19.18, 13.30, 0.000, 0.000, 0.000, 10:29:39.590, 7
167, 13.36, 13.04, 20.95, 16.64, 0.000, 0.000, 0.000, 10:29:39.590, 7
168, 13.65, 11.73, 15.09, 15.81, 0.000, 0.000, 0.000, 10:29:39.591, 7
169, 10.88, 6.58, 14.84, 12.20, 0.000, 0.000, 0.000, 10:29:39.607, 7
170, 12.90, 10.33, 12.32, 17.68, 0.000, 0.000, 0.000, 10:29:39.607, 7
171, 12.73, 12.75, 17.79, 18.00, 0.000, 0.000, 0.000, 10:29:39.621, 7
172, 17.92, 11.82, 15.11, 13.25, 0.000, 0.000, 0.000, 10:29:39.622, 7
173, 10.38, 11.69, 10.76, 14.18, 0.000, 0.000, 0.000, 10:29:39.622, 7
174, 15.23, 16.60, 20.43, 15.84, 0.000, 0.000, 0.000, 10:29:39.622, 7
175, 21.69, 16.88, 24.63, 17.25, 0.000, 0.000, 0.000, 10:29:39.635, 7
176, 12.21, 14.08, 15.38, 15.63, 0.000, 0.000, 0.000, 10:29:39.635, 7
177, 8.44, 11.19, 15.74, 16.31, 0.000, 0.000, 0.000, 10:29:39.649, 7
178, 10.02, 16.44, 15.97, 16.31, 0.000, 0.000, 0.000, 10:29:39.649, 7
179, 21.34, 12.07, 22.63, 18.66, 0.000, 0.000, 0.000, 10:29:39.651, 7
180, 12.83, 11.77, 17.36, 13.78, 0.000, 0.000, 0.000, 10:29:39.652, 7
181, 12.41, 8.39, 18.15, 14.50, 0.000, 0.000, 0.000, 10:29:39.664, 7
182, 10.46, 12.54, 11.44, 13.34, 0.000, 0.000, 0.000, 10:29:39.665, 7
183, 16.23, 13.65, 18.16, 21.46, 0.000, 0.000, 0.000, 10:29:39.679, 7
184, 14.69, 13.65, 15.51, 18.25, 0.000, 0.000, 0.000, 10:29:39.680, 7
185, 12.55, 11.00, 17.17, 8.66, 0.000, 0.000, 0.000, 10:29:39.688, 7
186, 11.40, 12.62, 17.03, 8.60, 0.000, 0.000, 0.000, 10:29:39.688, 7
187, 12.57, 17.97, 17.89, 12.13, 0.000, 0.000, 0.000, 10:29:39.695, 7
188, 20.25, 11.93, 13.98, 16.55, 0.000, 0.000, 0.000, 10:29:39.695, 7
189, 14.73, 13.12, 16.33, 15.31, 0.000, 0.000, 0.000, 10:29:39.709, 7
190, 13.96, 15.07, 19.74, 14.64, 0.000, 0.000, 0.000, 10:29:39.709, 7
191, 14.46, 14.22, 22.83, 17.85, 0.000, 0.000, 0.000, 10:29:39.710, 7
192, 17.22, 13.07, 13.34, 12.50, 0.000, 0.000, 0.000, 10:29:39.710, 7
193, 11.45, 7.63, 13.55, 12.21, 0.000, 0.000, 0.000, 10:29:39.724, 7
194, 15.83, 10.70, 19.91, 19.68, 0.000, 0.000, 0.000, 10:29:39.724, 7
195, 12.33, 14.29, 18.98, 19.70, 0.000, 0.000, 0.000, 10:29:39.739, 7
196, 12.56, 10.45, 15.53, 15.94, 0.000, 0.000, 0.000, 10:29:39.739, 7
197, 16.96, 11.73, 10.11, 15.01, 0.000, 0.000, 0.000, 10:29:39.740, 7
198, 15.68, 16.68, 12.80, 15.44, 0.000, 0.000, 0.000, 10:29:39.740, 7
199, 18.52, 16.01, 18.51, 22.60, 0.000, 0.000, 0.000, 10:29:39.754, 7
200, 9.58, 11.41, 14.49, 18.85, 0.000, 0.000, 0.000, 10:29:39.755, 7
0, 10.48, 10.16, 16.36, 14.82, 0.000, 0.000, 0.000, 10:29:39.755, 7
1, 12.06, 13.92, 9.87, 17.97, 0.000, 0.000, 0.000, 10:29:39.770, 7
2, 13.83, 14.47, 14.95, 15.16, 0.000, 0.000, 0.000, 10:29:39.770, 7
3, 10.81, 16.40, 20.48, 18.19, 0.000, 0.000, 0.000, 10:29:39.784, 7
4, 16.64, 7.07, 8.60, 12.90, 0.000, 0.000, 0.000, 10:29:39.784, 7
5, 16.28, 11.36, 16.88, 18.50, 0.000, 0.000, 0.000, 10:29:39.785, 7
6, 15.37, 14.79, 27.29, 19.10, 0.000, 0.000, 0.000, 10:29:39.785, 7
7, 10.58, 11.38, 23.12, 18.49, 0.000, 0.000, 0.000, 10:29:39.799, 7
8, 13.29, 11.48, 13.53, 17.70, 0.000, 0.000, 0.000, 10:29:39.802, 7
9, 14.71, 12.37, 14.74, 18.18, 0.000, 0.000, 0.000, 10:29:39.813, 7
10, 16.96, 16.22, 12.26, 17.06, 0.000, 0.000, 0.000, 10:29:39.815, 7
11, 18.86, 14.79, 15.51, 12.89, 0.000, 0.000, 0.000, 10:29:39.815, 7
12, 14.52, 10.75, 18.11, 8.59, 0.000, 0.000, 0.000, 10:29:39.815, 7
13, 8.04, 7.83, 7.80, 9.85, 0.000, 0.000, 0.000, 10:29:39.829, 7
14, 14.26, 17.69, 7.19, 13.73, 0.000, 0.000, 0.000, 10:29:39.830, 7
15, 12.61, 16.01, 23.66, 18.30, 0.000, 0.000, 0.000, 10:29:39.844, 7
16, 11.94, 14.39, 26.13, 10.40, 0.000, 0.000, 0.000, 10:29:39.845, 7
17, 9.25, 12.91, 14.64, 13.04, 0.000, 0.000, 0.000, 10:29:39.845, 7
18, 11.14, 11.55, 20.54, 18.98, 0.000, 0.000, 0.000, 10:29:39.845, 7
19, 17.50, 14.92, 13.18, 18.29, 0.000, 0.000, 0.000, 10:29:39.859, 7
20, 14.57, 13.13, 8.53, 15.97, 0.000, 0.000, 0.000, 10:29:39.859, 7
21, 10.49, 12.51, 24.30, 14.13, 0.000, 0.000, 0.000, 10:29:39.874, 7
22, 15.72, 17.46, 16.95, 16.29, 0.000, 0.000, 0.000, 10:29:39.874, 7
23, 14.23, 8.85, 14.94, 17.72, 0.000, 0.000, 0.000, 10:29:39.875, 7
24, 15.77, 10.25, 16.84, 11.11, 0.000, 0.000, 0.000, 10:29:39.875, 7
25, 12.97, 11.56, 19.40, 16.46, 0.000, 0.000, 0.000, 10:29:39.889, 7
26, 17.91, 10.45, 19.52, 20.43, 0.000, 0.000, 0.000, 10:29:39.890, 7
27, 15.57, 10.99, 13.56, 10.40, 0.000, 0.000, 0.000, 10:29:39.904, 7
28, 14.77, 8.50, 9.04, 12.84, 0.000, 0.000, 0.000, 10:29:39.904, 7
29, 8.54, 9.91, 20.74, 17.22, 0.000, 0.000, 0.000, 10:29:39.905, 7
30, 12.81, 12.90, 20.20, 16.37, 0.000, 0.000, 0.000, 10:29:39.905, 7
31, 12.30, 14.98, 19.78, 15.57, 0.000, 0.000, 0.000, 10:29:39.922, 7
32, 7.42, 9.44, 15.30, 15.71, 0.000, 0.000, 0.000, 10:29:39.922, 7
33, 13.69, 13.59, 16.28, 12.55, 0.000, 0.000, 0.000, 10:29:39.935, 7
34, 16.25, 11.88, 19.08, 21.44, 0.000, 0.000, 0.000, 10:29:39.936, 7
35, 7.78, 12.50, 14.74, 15.74, 0.000, 0.000, 0.000, 10:29:39.936, 7
36, 14.78, 12.07, 16.66, 14.37, 0.000, 0.000, 0.000, 10:29:39.937, 7
37, 11.07, 12.62, 18.66, 18.24, 0.000, 0.000, 0.000, 10:29:39.949, 7
38, 10.99, 11.91, 16.98, 16.88, 0.000, 0.000, 0.000, 10:29:39.949, 7
39, 15.27, 10.31, 13.56, 17.24, 0.000, 0.000, 0.000, 10:29:39.964, 7
40, 15.08, 7.73, 9.15, 9.59, 0.000, 0.000, 0.000, 10:29:39.964, 7
41, 15.81, 15.34, 23.46, 12.30, 0.000, 0.000, 0.000, 10:29:39.965, 7
42, 19.06, 10.62, 24.94, 15.40, 0.000, 0.000, 0.000, 10:29:39.965, 7
43, 19.34, 14.60, 20.17, 11.50, 0.000, 0.000, 0.000, 10:29:39.979, 7
44, 14.57, 7.94, 10.63, 11.79, 0.000, 0.000, 0.000, 10:29:39.979, 7
45, 11.77, 12.05, 11.78, 15.98, 0.000, 0.000, 0.000, 10:29:39.995, 7
46, 11.39, 13.59, 15.94, 13.53, 0.000, 0.000, 0.000, 10:29:39.995, 7
47, 11.66, 10.22, 15.88, 10.00, 0.000, 0.000, 0.000, 10:29:39.995, 7
48, 12.04, 9.91, 16.00, 12.38, 0.000, 0.000, 0.000, 10:29:39.995, 7
49, 12.37, 16.00, 19.17, 14.96, 0.000, 0.000, 0.000, 10:29:40.009, 7
50, 14.41, 14.92, 20.83, 18.17, 0.000, 0.000, 0.000, 10:29:40.009, 7
51, 14.74, 13.39, 15.19, 15.11, 0.000, 0.000, 0.000, 10:29:40.024, 7
52, 9.68, 11.83, 8.61, 13.62, 0.000, 0.000, 0.000, 10:29:40.024, 7
53, 16.50, 11.79, 20.12, 17.70, 0.000, 0.000, 0.000, 10:29:40.024, 7
54, 22.18, 15.65, 21.99, 20.89, 0.000, 0.000, 0.000, 10:29:40.024, 7
55, 15.57, 15.79, 15.84, 15.69, 0.000, 0.000, 0.000, 10:29:40.039, 7
56, 12.47, 13.89, 14.13, 8.96, 0.000, 0.000, 0.000, 10:29:40.039, 7
57, 15.95, 13.23, 13.78, 17.27, 0.000, 0.000, 0.000, 10:29:40.054, 7
58, 19.24, 18.33, 21.51, 22.41, 0.000, 0.000, 0.000, 10:29:40.054, 7
59, 15.85, 13.65, 14.44, 16.21, 0.000, 0.000, 0.000, 10:29:40.054, 7
60, 9.96, 11.39, 16.07, 7.64, 0.000, 0.000, 0.000, 10:29:40.054, 7
61, 14.30, 8.40, 17.97, 16.15, 0.000, 0.000, 0.000, 10:29:40.069, 7
62, 13.99, 17.65, 18.82, 24.54, 0.000, 0.000, 0.000, 10:29:40.070, 7
63, 11.38, 9.56, 10.17, 17.71, 0.000, 0.000, 0.000, 10:29:40.085, 7
64, 6.34, 14.68, 12.56, 12.88, 0.000, 0.000, 0.000, 10:29:40.085, 7
65, 12.43, 13.84, 19.29, 14.40, 0.000, 0.000, 0.000, 10:29:40.086, 7
66, 11.81, 13.17, 23.48, 14.57, 0.000, 0.000, 0.000, 10:29:40.087, 7
67, 17.39, 13.59, 19.37, 14.95, 0.000, 0.000, 0.000, 10:29:40.099, 7
68, 9.91, 12.17, 9.67, 17.98, 0.000, 0.000, 0.000, 10:29:40.101, 7
69, 13.50, 11.95, 16.35, 20.37, 0.000, 0.000, 0.000, 10:29:40.113, 7
70, 15.31, 17.62, 21.52, 18.70, 0.000, 0.000, 0.000, 10:29:40.114, 7
71, 13.73, 11.05, 17.14, 12.12, 0.000, 0.000, 0.000, 10:29:40.114, 7
72, 12.54, 10.19, 11.24, 15.19, 0.000, 0.000, 0.000, 10:29:40.114, 7
73, 13.30, 7.63, 14.39, 14.73, 0.000, 0.000, 0.000, 10:29:40.128, 7
74, 17.81, 17.38, 26.61, 21.31, 0.000, 0.000, 0.000, 10:29:40.129, 7
75, 12.56, 16.69, 11.40, 12.07, 0.000, 0.000, 0.000, 10:29:40.143, 7
76, 11.58, 9.12, 13.25, 12.15, 0.000, 0.000, 0.000, 10:29:40.144, 7
77, 13.77, 10.62, 15.79, 17.46, 0.000, 0.000, 0.000, 10:29:40.144, 7
78, 15.66, 16.32, 16.74, 20.03, 0.000, 0.000, 0.000, 10:29:40.144, 7
79, 14.49, 12.73, 17.10, 10.78, 0.000, 0.000, 0.000, 10:29:40.158, 7
80, 14.49, 8.38, 11.23, 14.44, 0.000, 0.000, 0.000, 10:29:40.159, 7
81, 13.99, 9.18, 17.77, 17.40, 0.000, 0.000, 0.000, 10:29:40.173, 7
82, 17.71, 16.78, 11.44, 19.40, 0.000, 0.000, 0.000, 10:29:40.173, 7
83, 10.29, 13.35, 10.95, 17.67, 0.000, 0.000, 0.000, 10:29:40.174, 7
84, 16.33, 9.29, 9.91, 12.60, 0.000, 0.000, 0.000, 10:29:40.174, 7
85, 12.28, 10.13, 23.06, 17.40, 0.000, 0.000, 0.000, 10:29:40.188, 7
86, 15.76, 14.10, 19.44, 18.11, 0.000, 0.000, 0.000, 10:29:40.188, 7
87, 10.32, 12.43, 16.28, 14.58, 0.000, 0.000, 0.000, 10:29:40.205, 7
88, 14.74, 9.06, 13.57, 15.31, 0.000, 0.000, 0.000, 10:29:40.205, 7
89, 14.50, 10.95, 18.86, 14.63, 0.000, 0.000, 0.000, 10:29:40.205, 7
90, 18.74, 14.42, 18.36, 19.01, 0.000, 0.000, 0.000, 10:29:40.205, 7
91, 12.75, 9.60, 16.52, 17.35, 0.000, 0.000, 0.000, 10:29:40.220, 7
92, 9.67, 10.12, 10.05, 12.76, 0.000, 0.000, 0.000, 10:29:40.221, 7
93, 10.49, 12.74, 17.03, 9.41, 0.000, 0.000, 0.000, 10:29:40.236, 7
94, 14.42, 16.88, 20.59, 18.54, 0.000, 0.000, 0.000, 10:29:40.236, 7
95, 12.59, 12.37, 14.32, 15.84, 0.000, 0.000, 0.000, 10:29:40.237, 7
96, 9.96, 8.27, 16.13, 14.51, 0.000, 0.000, 0.000, 10:29:40.237, 7
97, 13.70, 14.30, 21.87, 11.16, 0.000, 0.000, 0.000, 10:29:40.249, 7
98, 15.71, 13.70, 20.95, 19.52, 0.000, 0.000, 0.000, 10:29:40.250, 7
99, 15.44, 11.45, 12.10, 16.06, 0.000, 0.000, 0.000, 10:29:40.264, 7
100, 10.63, 7.79, 13.38, 13.27, 0.000, 0.000, 0.000, 10:29:40.264, 7
101, 12.11, 13.19, 21.30, 14.97, 0.000, 0.000, 0.000, 10:29:40.265, 7
102, 20.22, 19.28, 18.32, 22.67, 0.000, 0.000, 0.000, 10:29:40.265, 7
103, 18.53, 10.94, 15.52, 16.83, 0.000, 0.000, 0.000, 10:29:40.279, 7
104, 11.45, 4.68, 12.14, 12.14, 0.000, 0.000, 0.000, 10:29:40.279, 7
105, 13.52, 13.76, 19.44, 14.59, 0.000, 0.000, 0.000, 10:29:40.294, 7
106, 16.94, 16.59, 22.92, 14.36, 0.000, 0.000, 0.000, 10:29:40.294, 7
107, 15.07, 15.30, 18.19, 14.93, 0.000, 0.000, 0.000, 10:29:40.295, 7
108, 6.08, 10.45, 13.78, 11.69, 0.000, 0.000, 0.000, 10:29:40.295, 7
109, 14.17, 16.29, 13.40, 9.68, 0.000, 0.000, 0.000, 10:29:40.309, 7
110, 15.99, 15.08, 21.97, 18.18, 0.000, 0.000, 0.000, 10:29:40.309, 7
111, 12.34, 10.61, 15.78, 14.05, 0.000, 0.000, 0.000, 10:29:40.324, 7
112, 17.18, 12.34, 10.31, 17.21, 0.000, 0.000, 0.000, 10:29:40.324, 7
113, 14.65, 13.67, 20.74, 16.92, 0.000, 0.000, 0.000, 10:29:40.324, 7
114, 20.16, 15.80, 15.39, 22.09, 0.000, 0.000, 0.000, 10:29:40.325, 7
115, 10.87, 12.05, 13.60, 13.88, 0.000, 0.000, 0.000, 10:29:40.339, 7
116, 11.34, 12.21, 9.51, 16.50, 0.000, 0.000, 0.000, 10:29:40.339, 7
117, 13.70, 12.76, 14.49, 22.98, 0.000, 0.000, 0.000, 10:29:40.354, 7
118, 16.94, 18.13, 22.38, 14.77, 0.000, 0.000, 0.000, 10:29:40.354, 7
119, 14.81, 10.55, 13.97, 13.60, 0.000, 0.000, 0.000, 10:29:40.354, 7
120, 9.97, 10.38, 17.43, 4.43, 0.000, 0.000, 0.000, 10:29:40.355, 7
121, 13.04, 14.90, 18.11, 17.12, 0.000, 0.000, 0.000, 10:29:40.369, 7
122, 14.08, 15.74, 18.85, 18.03, 0.000, 0.000, 0.000, 10:29:40.369, 7
123, 14.41, 12.14, 18.64, 17.66, 0.000, 0.000, 0.000, 10:29:40.385, 7
124, 14.52, 9.82, 10.64, 10.99, 0.000, 0.000, 0.000, 10:29:40.385, 7
125, 13.96, 10.64, 14.63, 13.85, 0.000, 0.000, 0.000, 10:29:40.385, 7
126, 15.89, 11.42, 22.75, 14.85, 0.000, 0.000, 0.000, 10:29:40.386, 7
127, 12.97, 9.61, 21.32, 15.10, 0.000, 0.000, 0.000, 10:29:40.399, 7
128, 9.94, 7.43, 16.43, 14.32, 0.000, 0.000, 0.000, 10:29:40.399, 7
129, 12.40, 12.30, 14.82, 18.40, 0.000, 0.000, 0.000, 10:29:40.419, 7
130, 13.02, 13.14, 19.79, 14.68, 0.000, 0.000, 0.000, 10:29:40.420, 7
131, 15.35, 11.61, 15.00, 17.07, 0.000, 0.000, 0.000, 10:29:40.421, 7
132, 7.78, 10.49, 11.59, 12.27, 0.000, 0.000, 0.000, 10:29:40.421, 7
133, 12.88, 12.90, 9.49, 16.26, 0.000, 0.000, 0.000, 10:29:40.438, 7
134, 12.65, 15.21, 16.02, 16.03, 0.000, 0.000, 0.000, 10:29:40.438, 7
135, 13.29, 15.25, 16.58, 13.54, 0.000, 0.000, 0.000, 10:29:40.444, 7
136, 10.67, 12.61, 20.90, 12.36, 0.000, 0.000, 0.000, 10:29:40.444, 7
137, 16.42, 13.18, 18.32, 14.55, 0.000, 0.000, 0.000, 10:29:40.444, 7
138, 18.91, 19.61, 18.08, 20.79, 0.000, 0.000, 0.000, 10:29:40.445, 7
139, 15.31, 15.35, 15.29, 13.95, 0.000, 0.000, 0.000, 10:29:40.459, 7
140, 14.19, 7.56, 16.85, 12.06, 0.000, 0.000, 0.000, 10:29:40.459, 7
141, 11.80, 10.41, 14.59, 17.77, 0.000, 0.000, 0.000, 10:29:40.474, 7
142, 11.50, 18.28, 21.56, 16.84, 0.000, 0.000, 0.000, 10:29:40.474, 7
143, 14.06, 11.61, 13.38, 18.05, 0.000, 0.000, 0.000, 10:29:40.474, 7
144, 11.94, 6.58, 13.65, 13.04, 0.000, 0.000, 0.000, 10:29:40.474, 7
145, 12.95, 12.94, 11.77, 15.69, 0.000, 0.000, 0.000, 10:29:40.489, 7
146, 12.11, 15.97, 16.69, 14.75, 0.000, 0.000, 0.000, 10:29:40.489, 7
147, 13.32, 13.65, 16.90, 18.48, 0.000, 0.000, 0.000, 10:29:40.504, 7
148, 13.29, 7.78, 20.34, 12.36, 0.000, 0.000, 0.000, 10:29:40.504, 7
149, 16.28, 12.24, 17.89, 19.49, 0.000, 0.000, 0.000, 10:29:40.505, 7
150, 21.19, 13.27, 15.63, 19.43, 0.000, 0.000, 0.000, 10:29:40.505, 7
151, 15.69, 12.38, 16.83, 14.75, 0.000, 0.000, 0.000, 10:29:40.521, 7
152, 11.00, 10.82, 16.47, 11.99, 0.000, 0.000, 0.000, 10:29:40.521, 7
153, 14.08, 13.31, 16.28, 20.24, 0.000, 0.000, 0.000, 10:29:40.535, 7
154, 16.24, 13.45, 22.37, 18.34, 0.000, 0.000, 0.000, 10:29:40.535, 7
155, 14.37, 10.99, 18.35, 11.44, 0.000, 0.000, 0.000, 10:29:40.536, 7
156, 10.63, 11.28, 14.40, 14.79, 0.000, 0.000, 0.000, 10:29:40.536, 7
157, 16.19, 13.94, 19.02, 22.13, 0.000, 0.000, 0.000, 10:29:40.549, 7
158, 17.81, 17.23, 17.63, 24.33, 0.000, 0.000, 0.000, 10:29:40.549, 7
159, 5.48, 9.77, 10.42, 11.66, 0.000, 0.000, 0.000, 10:29:40.564, 7
160, 13.77, 13.32, 6.25, 13.04, 0.000, 0.000, 0.000, 10:29:40.565, 7
161, 12.57, 10.35, 20.77, 12.77, 0.000, 0.000, 0.000, 10:29:40.565, 7
162, 13.14, 11.70, 22.51, 10.53, 0.000, 0.000, 0.000, 10:29:40.565, 7
163, 15.73, 15.00, 10.89, 13.28, 0.000, 0.000, 0.000, 10:29:40.580, 7
164, 13.18, 10.26, 13.78, 6.88, 0.000, 0.000, 0.000, 10:29:40.580, 7
165, 10.37, 15.70, 17.49, 8.54, 0.000, 0.000, 0.000, 10:29:40.595, 7
166, 13.54, 15.82, 24.79, 12.56, 0.000, 0.000, 0.000, 10:29:40.595, 7
167, 11.65, 10.17, 20.77, 11.04, 0.000, 0.000, 0.000, 10:29:40.595, 7
168, 7.63, 8.40, 16.06, 12.16, 0.000, 0.000, 0.000, 10:29:40.596, 7
169, 15.14, 11.80, 22.19, 13.93, 0.000, 0.000, 0.000, 10:29:40.610, 7
170, 15.95, 16.43, 16.62, 15.24, 0.000, 0.000, 0.000, 10:29:40.610, 7
171, 16.86, 13.80, 18.30, 15.38, 0.000, 0.000, 0.000, 10:29:40.625, 7
172, 14.73, 11.16, 9.73, 10.83, 0.000, 0.000, 0.000, 10:29:40.625, 7
173, 16.03, 16.62, 16.25, 15.16, 0.000, 0.000, 0.000, 10:29:40.626, 7
174, 10.37, 16.09, 18.62, 20.43, 0.000, 0.000, 0.000, 10:29:40.626, 7
175, 14.39, 11.21, 23.37, 18.48, 0.000, 0.000, 0.000, 10:29:40.640, 7
176, 15.19, 9.30, 20.32, 9.66, 0.000, 0.000, 0.000, 10:29:40.640, 7
177, 11.64, 13.41, 19.16, 16.76, 0.000, 0.000, 0.000, 10:29:40.654, 7
178, 16.59, 15.13, 15.96, 15.26, 0.000, 0.000, 0.000, 10:29:40.655, 7
179, 13.26, 12.70, 15.31, 16.54, 0.000, 0.000, 0.000, 10:29:40.656, 7
180, 14.18, 7.66, 9.47, 12.52, 0.000, 0.000, 0.000, 10:29:40.657, 7
181, 14.54, 14.87, 8.97, 18.11, 0.000, 0.000, 0.000, 10:29:40.670, 7
182, 17.89, 16.79, 10.89, 22.17, 0.000, 0.000, 0.000, 10:29:40.670, 7
183, 16.78, 12.40, 17.67, 22.19, 0.000, 0.000, 0.000, 10:29:40.686, 7
184, 12.54, 10.22, 15.79, 15.04, 0.000, 0.000, 0.000, 10:29:40.686, 7
185, 17.36, 11.31, 15.85, 17.13, 0.000, 0.000, 0.000, 10:29:40.688, 7
186, 16.65, 14.68, 22.56, 14.24, 0.000, 0.000, 0.000, 10:29:40.688, 7
187, 9.05, 11.09, 16.47, 12.80, 0.000, 0.000, 0.000, 10:29:40.700, 7
188, 12.13, 11.04, 13.51, 12.71, 0.000, 0.000, 0.000, 10:29:40.701, 7
189, 12.02, 11.52, 12.48, 15.65, 0.000, 0.000, 0.000, 10:29:40.715, 7
190, 16.52, 15.30, 19.21, 21.22, 0.000, 0.000, 0.000, 10:29:40.716, 7
191, 12.59, 11.15, 11.33, 12.67, 0.000, 0.000, 0.000, 10:29:40.716, 7
192, 9.07, 9.00, 14.56, 12.96, 0.000, 0.000, 0.000, 10:29:40.717, 7
193, 15.51, 10.43, 18.85, 16.86, 0.000, 0.000, 0.000, 10:29:40.731, 7
194, 12.84, 17.19, 19.86, 19.85, 0.000, 0.000, 0.000, 10:29:40.731, 7
195, 15.74, 9.55, 10.62, 17.31, 0.000, 0.000, 0.000, 10:29:40.745, 7
196, 9.74, 6.97, 16.63, 12.19, 0.000, 0.000, 0.000, 10:29:40.745, 7
197, 17.26, 14.75, 15.96, 20.78, 0.000, 0.000, 0.000, 10:29:40.746, 7
198, 15.99, 17.20, 21.61, 20.58, 0.000, 0.000, 0.000, 10:29:40.746, 7
199, 18.04, 13.38, 13.16, 13.83, 0.000, 0.000, 0.000, 10:29:40.760, 7
200, 9.29, 8.99, 8.76, 16.45, 0.000, 0.000, 0.000, 10:29:40.761, 7
0, 14.01, 15.46, 17.73, 19.57, 0.000, 0.000, 0.000, 10:29:40.761, 7
1, 18.71, 14.68, 24.56, 19.44, 0.000, 0.000, 0.000, 10:29:40.790, 7
2, 14.02, 12.12, 14.01, 8.75, 0.000, 0.000, 0.000, 10:29:40.790, 7
3, 14.44, 11.01, 14.87, 10.81, 0.000, 0.000, 0.000, 10:29:40.791, 7
4, 13.41, 13.51, 24.67, 18.26, 0.000, 0.000, 0.000, 10:29:40.791, 7
5, 13.12, 15.36, 18.36, 20.62, 0.000, 0.000, 0.000, 10:29:40.792, 7
6, 12.66, 11.89, 15.17, 15.19, 0.000, 0.000, 0.000, 10:29:40.792, 7
7, 15.72, 10.12, 15.51, 15.44, 0.000, 0.000, 0.000, 10:29:40.805, 7
8, 12.33, 8.60, 17.84, 17.12, 0.000, 0.000, 0.000, 10:29:40.805, 7
9, 17.52, 15.89, 15.72, 17.49, 0.000, 0.000, 0.000, 10:29:40.820, 7
10, 19.46, 13.37, 17.09, 15.86, 0.000, 0.000, 0.000, 10:29:40.820, 7
11, 9.91, 12.79, 14.80, 6.83, 0.000, 0.000, 0.000, 10:29:40.821, 7
12, 17.75, 14.89, 14.44, 19.50, 0.000, 0.000, 0.000, 10:29:40.821, 7
13, 11.86, 16.06, 18.67, 12.37, 0.000, 0.000, 0.000, 10:29:40.836, 7
14, 12.88, 14.73, 12.73, 13.42, 0.000, 0.000, 0.000, 10:29:40.836, 7
15, 13.56, 9.60, 10.02, 15.92, 0.000, 0.000, 0.000, 10:29:40.849, 7
16, 15.68, 15.05, 16.60, 12.37, 0.000, 0.000, 0.000, 10:29:40.849, 7
17, 15.34, 12.33, 12.42, 13.94, 0.000, 0.000, 0.000, 10:29:40.866, 7
18, 17.45, 13.88, 23.68, 12.87, 0.000, 0.000, 0.000, 10:29:40.867, 7
19, 13.89, 10.55, 15.69, 11.85, 0.000, 0.000, 0.000, 10:29:40.873, 7
20, 12.58, 13.65, 13.91, 13.63, 0.000, 0.000, 0.000, 10:29:40.874, 7
21, 15.84, 15.05, 19.18, 20.05, 0.000, 0.000, 0.000, 10:29:40.880, 7
22, 10.42, 12.37, 15.69, 20.76, 0.000, 0.000, 0.000, 10:29:40.881, 7
23, 13.36, 11.67, 16.00, 19.24, 0.000, 0.000, 0.000, 10:29:40.881, 7
24, 13.85, 13.73, 16.35, 18.76, 0.000, 0.000, 0.000, 10:29:40.882, 7
25, 12.56, 12.22, 13.30, 13.90, 0.000, 0.000, 0.000, 10:29:40.895, 7
26, 11.08, 10.01, 17.23, 17.76, 0.000, 0.000, 0.000, 10:29:40.896, 7
27, 11.20, 7.17, 12.53, 11.94, 0.000, 0.000, 0.000, 10:29:40.911, 7
28, 12.61, 14.10, 21.08, 12.33, 0.000, 0.000, 0.000, 10:29:40.911, 7
29, 18.20, 13.61, 21.27, 16.02, 0.000, 0.000, 0.000, 10:29:40.913, 7
30, 16.27, 14.96, 16.56, 18.54, 0.000, 0.000, 0.000, 10:29:40.914, 7
31, 9.54, 10.12, 10.14, 8.44, 0.000, 0.000, 0.000, 10:29:40.926, 7
32, 9.17, 11.36, 21.45, 16.56, 0.000, 0.000, 0.000, 10:29:40.926, 7
33, 16.83, 15.41, 25.52, 20.69, 0.000, 0.000, 0.000, 10:29:40.941, 7
34, 14.72, 13.05, 14.82, 16.67, 0.000, 0.000, 0.000, 10:29:40.942, 7
35, 12.03, 11.96, 16.36, 11.90, 0.000, 0.000, 0.000, 10:29:40.943, 7
36, 14.19, 14.62, 20.89, 12.45, 0.000, 0.000, 0.000, 10:29:40.943, 7
37, 18.39, 14.11, 20.31, 16.31, 0.000, 0.000, 0.000, 10:29:40.955, 7
38, 14.51, 11.16, 11.97, 15.76, 0.000, 0.000, 0.000, 10:29:40.956, 7
39, 12.49, 9.71, 13.63, 16.44, 0.000, 0.000, 0.000, 10:29:40.971, 7
40, 13.28, 9.63, 15.09, 14.08, 0.000, 0.000, 0.000, 10:29:40.972, 7
41, 12.85, 17.84, 22.76, 20.13, 0.000, 0.000, 0.000, 10:29:40.973, 7
42, 17.07, 13.30, 10.72, 19.68, 0.000, 0.000, 0.000, 10:29:40.973, 7
43, 10.00, 12.15, 13.12, 10.28, 0.000, 0.000, 0.000, 10:29:40.986, 7
44, 8.59, 11.69, 16.16, 15.44, 0.000, 0.000, 0.000, 10:29:40.986, 7
45, 7.68, 15.07, 14.52, 17.27, 0.000, 0.000, 0.000, 10:29:40.999, 7
46, 8.18, 9.64, 12.13, 15.86, 0.000, 0.000, 0.000, 10:29:41.000, 7
47, 14.29, 11.98, 9.11, 15.88, 0.000, 0.000, 0.000, 10:29:41.001, 7
48, 10.03, 13.85, 19.71, 13.64, 0.000, 0.000, 0.000, 10:29:41.001, 7
49, 21.13, 12.70, 22.99, 20.57, 0.000, 0.000, 0.000, 10:29:41.015, 7
50, 16.18, 12.49, 11.40, 21.65, 0.000, 0.000, 0.000, 10:29:41.015, 7
51, 12.85, 11.04, 14.61, 9.84, 0.000, 0.000, 0.000, 10:29:41.030, 7
52, 13.09, 11.23, 20.70, 16.98, 0.000, 0.000, 0.000, 10:29:41.031, 7
53, 19.10, 13.82, 22.84, 18.34, 0.000, 0.000, 0.000, 10:29:41.031, 7
54, 7.35, 11.52, 14.34, 15.00, 0.000, 0.000, 0.000, 10:29:41.032, 7
55, 9.02, 7.92, 12.44, 16.68, 0.000, 0.000, 0.000, 10:29:41.045, 7
56, 12.25, 8.73, 17.68, 17.71, 0.000, 0.000, 0.000, 10:29:41.046, 7
57, 22.28, 16.43, 21.92, 20.97, 0.000, 0.000, 0.000, 10:29:41.060, 7
58, 14.65, 12.21, 20.85, 17.07, 0.000, 0.000, 0.000, 10:29:41.061, 7
59, 13.07, 12.08, 12.98, 8.43, 0.000, 0.000, 0.000, 10:29:41.061, 7
60, 13.20, 16.15, 17.04, 17.21, 0.000, 0.000, 0.000, 10:29:41.062, 7
61, 10.17, 13.12, 20.53, 20.79, 0.000, 0.000, 0.000, 10:29:41.075, 7
62, 9.52, 10.74, 8.86, 17.41, 0.000, 0.000, 0.000, 10:29:41.075, 7
63, 11.62, 7.83, 13.70, 13.16, 0.000, 0.000, 0.000, 10:29:41.090, 7
64, 15.14, 15.05, 13.93, 17.64, 0.000, 0.000, 0.000, 10:29:41.091, 7
65, 16.33, 17.56, 15.49, 18.96, 0.000, 0.000, 0.000, 10:29:41.091, 7
66, 10.22, 12.58, 11.18, 12.39, 0.000, 0.000, 0.000, 10:29:41.092, 7
67, 15.02, 8.75, 12.21, 15.77, 0.000, 0.000, 0.000, 10:29:41.105, 7
68, 13.22, 12.22, 15.31, 17.23, 0.000, 0.000, 0.000, 10:29:41.105, 7
69, 17.41, 13.14, 21.81, 12.72, 0.000, 0.000, 0.000, 10:29:41.120, 7
70, 13.49, 9.36, 11.22, 8.54, 0.000, 0.000, 0.000, 10:29:41.121, 7
71, 10.49, 13.26, 15.32, 12.39, 0.000, 0.000, 0.000, 10:29:41.121, 7
72, 20.35, 16.22, 15.25, 15.61, 0.000, 0.000, 0.000, 10:29:41.122, 7
73, 20.40, 18.67, 20.45, 19.95, 0.000, 0.000, 0.000, 10:29:41.144, 7
74, 17.91, 13.62, 28.54, 10.18, 0.000, 0.000, 0.000, 10:29:41.144, 7
75, 15.72, 9.77, 15.29, 8.83, 0.000, 0.000, 0.000, 10:29:41.149, 7
76, 11.87, 15.92, 15.14, 14.38, 0.000, 0.000, 0.000, 10:29:41.150, 7
77, 13.93, 16.37, 19.34, 13.04, 0.000, 0.000, 0.000, 10:29:41.152, 7
78, 13.64, 11.73, 19.59, 13.85, 0.000, 0.000, 0.000, 10:29:41.152, 7
79, 10.36, 7.28, 10.82, 14.11, 0.000, 0.000, 0.000, 10:29:41.169, 7
80, 13.63, 12.54, 15.14, 14.00, 0.000, 0.000, 0.000, 10:29:41.170, 7
81, 13.26, 14.57, 20.19, 17.49, 0.000, 0.000, 0.000, 10:29:41.180, 7
82, 16.75, 11.80, 14.40, 15.35, 0.000, 0.000, 0.000, 10:29:41.180, 7
83, 6.62, 8.45, 11.08, 13.69, 0.000, 0.000, 0.000, 10:29:41.182, 7
84, 10.53, 11.64, 14.53, 10.18, 0.000, 0.000, 0.000, 10:29:41.182, 7
85, 14.81, 17.18, 23.13, 19.13, 0.000, 0.000, 0.000, 10:29:41.195, 7
86, 14.40, 11.00, 8.90, 13.28, 0.000, 0.000, 0.000, 10:29:41.196, 7
87, 9.94, 8.69, 14.93, 10.34, 0.000, 0.000, 0.000, 10:29:41.211, 7
88, 11.36, 11.62, 20.46, 17.84, 0.000, 0.000, 0.000, 10:29:41.211, 7
89, 13.88, 12.57, 21.10, 18.70, 0.000, 0.000, 0.000, 10:29:41.212, 7
90, 13.95, 13.66, 13.77, 18.19, 0.000, 0.000, 0.000, 10:29:41.212, 7
91, 15.15, 9.79, 11.51, 16.03, 0.000, 0.000, 0.000, 10:29:41.225, 7
92, 11.80, 13.04, 18.84, 17.32, 0.000, 0.000, 0.000, 10:29:41.226, 7
93, 16.76, 14.17, 23.00, 21.63, 0.000, 0.000, 0.000, 10:29:41.241, 7
94, 14.04, 10.89, 17.25, 15.26, 0.000, 0.000, 0.000, 10:29:41.242, 7
95, 11.57, 9.76, 11.79, 16.35, 0.000, 0.000, 0.000, 10:29:41.243, 7
96, 14.84, 14.20, 12.06, 14.37, 0.000, 0.000, 0.000, 10:29:41.244, 7
97, 17.65, 14.59, 19.15, 16.80, 0.000, 0.000, 0.000, 10:29:41.255, 7
98, 11.08, 12.12, 20.06, 16.93, 0.000, 0.000, 0.000, 10:29:41.256, 7
99, 10.71, 13.65, 17.03, 14.08, 0.000, 0.000, 0.000, 10:29:41.271, 7
100, 13.20, 11.88, 19.14, 18.41, 0.000, 0.000, 0.000, 10:29:41.272, 7
101, 16.36, 15.76, 14.59, 16.20, 0.000, 0.000, 0.000, 10:29:41.272, 7
102, 13.44, 9.34, 18.42, 12.42, 0.000, 0.000, 0.000, 10:29:41.273, 7
103, 15.90, 10.20, 15.29, 16.20, 0.000, 0.000, 0.000, 10:29:41.286, 7
104, 13.86, 14.38, 17.30, 14.49, 0.000, 0.000, 0.000, 10:29:41.286, 7
105, 10.89, 14.45, 22.88, 14.76, 0.000, 0.000, 0.000, 10:29:41.300, 7
106, 10.71, 8.47, 10.60, 18.62, 0.000, 0.000, 0.000, 10:29:41.301, 7
107, 10.14, 7.22, 17.93, 12.64, 0.000, 0.000, 0.000, 10:29:41.302, 7
108, 19.65, 15.47, 18.60, 16.31, 0.000, 0.000, 0.000, 10:29:41.303, 7
109, 19.37, 17.62, 17.89, 20.06, 0.000, 0.000, 0.000, 10:29:41.315, 7
110, 11.72, 11.03, 16.17, 15.09, 0.000, 0.000, 0.000, 10:29:41.316, 7
111, 11.38, 10.71, 15.35, 12.81, 0.000, 0.000, 0.000, 10:29:41.330, 7
112, 16.20, 14.50, 11.96, 18.37, 0.000, 0.000, 0.000, 10:29:41.331, 7
113, 15.10, 11.84, 25.06, 19.89, 0.000, 0.000, 0.000, 10:29:41.331, 7
114, 11.02, 13.85, 18.08, 10.86, 0.000, 0.000, 0.000, 10:29:41.332, 7
115, 11.43, 9.59, 18.10, 10.48, 0.000, 0.000, 0.000, 10:29:41.345, 7
116, 10.63, 12.10, 22.81, 12.50, 0.000, 0.000, 0.000, 10:29:41.346, 7
117, 17.24, 13.20, 23.34, 17.44, 0.000, 0.000, 0.000, 10:29:41.361, 7
118, 13.75, 12.40, 11.44, 11.49, 0.000, 0.000, 0.000, 10:29:41.362, 7
119, 13.18, 10.19, 14.34, 13.13, 0.000, 0.000, 0.000, 10:29:41.372, 7
120, 19.04, 17.57, 13.70, 18.40, 0.000, 0.000, 0.000, 10:29:41.373, 7
121, 11.31, 16.13, 10.30, 23.10, 0.000, 0.000, 0.000, 10:29:41.376, 7
122, 15.85, 12.84, 18.28, 15.86, 0.000, 0.000, 0.000, 10:29:41.377, 7
123, 8.83, 9.86, 17.04, 11.14, 0.000, 0.000, 0.000, 10:29:41.392, 7
124, 15.29, 14.31, 18.56, 19.03, 0.000, 0.000, 0.000, 10:29:41.393, 7
125, 15.35, 13.07, 16.86, 17.67, 0.000, 0.000, 0.000, 10:29:41.394, 7
126, 14.57, 16.57, 14.35, 17.10, 0.000, 0.000, 0.000, 10:29:41.394, 7
127, 14.70, 7.40, 13.82, 10.08, 0.000, 0.000, 0.000, 10:29:41.406, 7
128, 16.47, 12.53, 20.58, 15.11, 0.000, 0.000, 0.000, 10:29:41.407, 7
129, 13.82, 14.60, 17.70, 15.44, 0.000, 0.000, 0.000, 10:29:41.421, 7
130, 13.84, 11.04, 11.88, 15.79, 0.000, 0.000, 0.000, 10:29:41.421, 7
131, 14.57, 12.50, 10.59, 14.62, 0.000, 0.000, 0.000, 10:29:41.422, 7
132, 14.83, 11.78, 19.33, 20.22, 0.000, 0.000, 0.000, 10:29:41.423, 7
133, 19.02, 14.04, 14.04, 22.04, 0.000, 0.000, 0.000, 10:29:41.435, 7
134, 15.14, 13.38, 12.01, 10.79, 0.000, 0.000, 0.000, 10:29:41.436, 7
135, 9.62, 12.26, 8.96, 9.79, 0.000, 0.000, 0.000, 10:29:41.449, 7
136, 13.62, 14.30, 17.19, 14.03, 0.000, 0.000, 0.000, 10:29:41.450, 7
137, 11.58, 15.35, 19.52, 22.56, 0.000, 0.000, 0.000, 10:29:41.451, 7
138, 14.21, 11.91, 11.73, 17.51, 0.000, 0.000, 0.000, 10:29:41.451, 7
139, 13.18, 11.57, 21.14, 13.82, 0.000, 0.000, 0.000, 10:29:41.464, 7
140, 19.13, 12.75, 14.96, 20.63, 0.000, 0.000, 0.000, 10:29:41.464, 7
141, 18.38, 19.26, 20.69, 25.76, 0.000, 0.000, 0.000, 10:29:41.479, 7
142, 12.71, 12.11, 13.86, 10.36, 0.000, 0.000, 0.000, 10:29:41.479, 7
143, 7.22, 9.60, 19.84, 14.60, 0.000, 0.000, 0.000, 10:29:41.480, 7
144, 16.89, 10.58, 17.94, 17.02, 0.000, 0.000, 0.000, 10:29:41.480, 7
145, 10.09, 13.36, 20.32, 16.32, 0.000, 0.000, 0.000, 10:29:41.494, 7
146, 14.59, 13.10, 18.92, 11.78, 0.000, 0.000, 0.000, 10:29:41.494, 7
147, 10.51, 10.91, 9.39, 15.71, 0.000, 0.000, 0.000, 10:29:41.509, 7
148, 15.84, 11.37, 10.14, 11.67, 0.000, 0.000, 0.000, 10:29:41.510, 7
149, 14.60, 10.13, 14.43, 16.38, 0.000, 0.000, 0.000, 10:29:41.510, 7
150, 13.23, 12.71, 18.29, 14.01, 0.000, 0.000, 0.000, 10:29:41.510, 7
151, 14.95, 10.67, 18.22, 13.86, 0.000, 0.000, 0.000, 10:29:41.525, 7
152, 12.19, 18.20, 15.96, 13.78, 0.000, 0.000, 0.000, 10:29:41.525, 7
153, 20.81, 13.29, 19.60, 15.81, 0.000, 0.000, 0.000, 10:29:41.541, 7
154, 13.47, 12.00, 17.87, 16.31, 0.000, 0.000, 0.000, 10:29:41.541, 7
155, 13.81, 12.36, 17.80, 10.24, 0.000, 0.000, 0.000, 10:29:41.542, 7
156, 16.99, 15.33, 23.95, 19.50, 0.000, 0.000, 0.000, 10:29:41.543, 7
157, 17.76, 12.17, 17.49, 13.45, 0.000, 0.000, 0.000, 10:29:41.557, 7
158, 9.12, 10.50, 15.72, 12.47, 0.000, 0.000, 0.000, 10:29:41.559, 7
159, 9.20, 10.90, 10.65, 13.11, 0.000, 0.000, 0.000, 10:29:41.574, 7
160, 14.95, 13.27, 17.66, 16.76, 0.000, 0.000, 0.000, 10:29:41.575, 7
161, 15.56, 11.88, 18.36, 21.07, 0.000, 0.000, 0.000, 10:29:41.575, 7
162, 11.33, 11.23, 11.83, 15.60, 0.000, 0.000, 0.000, 10:29:41.575, 7
163, 14.79, 12.04, 14.14, 15.60, 0.000, 0.000, 0.000, 10:29:41.590, 7
164, 14.50, 7.45, 11.69, 17.60, 0.000, 0.000, 0.000, 10:29:41.590, 7
165, 12.66, 11.38, 17.38, 20.48, 0.000, 0.000, 0.000, 10:29:41.599, 7
166, 13.13, 10.16, 10.04, 17.60, 0.000, 0.000, 0.000, 10:29:41.600, 7
167, 16.32, 13.07, 19.22, 13.42, 0.000, 0.000, 0.000, 10:29:41.602, 7
168, 13.49, 14.45, 19.85, 16.20, 0.000, 0.000, 0.000, 10:29:41.603, 7
169, 14.53, 12.27, 22.32, 21.29, 0.000, 0.000, 0.000, 10:29:41.621, 7
170, 11.38, 12.78, 15.03, 14.35, 0.000, 0.000, 0.000, 10:29:41.621, 7
171, 15.90, 13.70, 17.29, 12.23, 0.000, 0.000, 0.000, 10:29:41.629, 7
172, 11.95, 17.00, 16.64, 13.08, 0.000, 0.000, 0.000, 10:29:41.629, 7
173, 13.12, 17.58, 15.32, 17.95, 0.000, 0.000, 0.000, 10:29:41.630, 7
174, 14.16, 14.69, 18.40, 19.60, 0.000, 0.000, 0.000, 10:29:41.630, 7
175, 15.06, 10.81, 9.86, 15.87, 0.000, 0.000, 0.000, 10:29:41.644, 7
176, 11.76, 16.12, 19.47, 20.19, 0.000, 0.000, 0.000, 10:29:41.644, 7
177, 19.18, 18.48, 22.56, 17.36, 0.000, 0.000, 0.000, 10:29:41.659, 7
178, 9.06, 12.07, 18.09, 19.75, 0.000, 0.000, 0.000, 10:29:41.660, 7
179, 5.38, 7.47, 14.34, 12.22, 0.000, 0.000, 0.000, 10:29:41.660, 7
180, 16.29, 9.61, 16.36, 16.11, 0.000, 0.000, 0.000, 10:29:41.660, 7
181, 13.28, 13.60, 17.26, 14.35, 0.000, 0.000, 0.000, 10:29:41.674, 7
182, 13.87, 10.33, 9.29, 15.60, 0.000, 0.000, 0.000, 10:29:41.674, 7
183, 13.08, 9.70, 10.54, 14.89, 0.000, 0.000, 0.000, 10:29:41.689, 7
184, 7.44, 8.39, 12.96, 15.52, 0.000, 0.000, 0.000, 10:29:41.689, 7
185, 17.43, 13.77, 18.12, 19.53, 0.000, 0.000, 0.000, 10:29:41.689, 7
186, 7.26, 10.44, 10.69, 9.84, 0.000, 0.000, 0.000, 10:29:41.690, 7
187, 16.97, 15.20, 7.64, 17.81, 0.000, 0.000, 0.000, 10:29:41.705, 7
188, 12.77, 12.96, 22.24, 18.60, 0.000, 0.000, 0.000, 10:29:41.705, 7
189, 14.91, 15.24, 18.80, 15.95, 0.000, 0.000, 0.000, 10:29:41.720, 7
190, 9.93, 7.42, 16.17, 15.22, 0.000, 0.000, 0.000, 10:29:41.721, 7
191, 14.42, 11.99, 17.14, 13.17, 0.000, 0.000, 0.000, 10:29:41.721, 7
192, 8.97, 12.46, 14.67, 14.65, 0.000, 0.000, 0.000, 10:29:41.721, 7
193, 21.77, 14.76, 19.51, 15.66, 0.000, 0.000, 0.000, 10:29:41.734, 7
194, 13.01, 14.29, 9.41, 15.92, 0.000, 0.000, 0.000, 10:29:41.734, 7
195, 14.33, 9.81, 14.25, 14.05, 0.000, 0.000, 0.000, 10:29:41.749, 7
196, 16.83, 12.07, 17.06, 15.61, 0.000, 0.000, 0.000, 10:29:41.749, 7
197, 8.17, 13.99, 20.23, 12.66, 0.000, 0.000, 0.000, 10:29:41.751, 7
198, 7.50, 11.00, 12.60, 11.21, 0.000, 0.000, 0.000, 10:29:41.751, 7
199, 15.57, 8.17, 17.15, 15.09, 0.000, 0.000, 0.000, 10:29:41.764, 7
200, 20.76, 12.89, 15.90, 20.28, 0.000, 0.000, 0.000, 10:29:41.764, 7
0, 16.96, 14.77, 18.37, 15.09, 0.000, 0.000, 0.000, 10:29:41.764, 7
1, 15.68, 15.82, 14.28, 14.14, 0.000, 0.000, 0.000, 10:29:41.779, 7
2, 12.38, 8.46, 20.32, 15.57, 0.000, 0.000, 0.000, 10:29:41.779, 7
3, 15.48, 15.31, 16.77, 17.17, 0.000, 0.000, 0.000, 10:29:41.794, 7
4, 14.18, 15.17, 17.93, 20.94, 0.000, 0.000, 0.000, 10:29:41.794, 7
5, 13.59, 11.05, 14.39, 14.32, 0.000, 0.000, 0.000, 10:29:41.797, 7
6, 12.65, 12.53, 13.05, 16.20, 0.000, 0.000, 0.000, 10:29:41.797, 7
7, 16.78, 14.76, 17.50, 17.85, 0.000, 0.000, 0.000, 10:29:41.809, 7
8, 14.34, 16.27, 24.04, 16.29, 0.000, 0.000, 0.000, 10:29:41.810, 7
9, 15.87, 11.20, 18.94, 13.61, 0.000, 0.000, 0.000, 10:29:41.824, 7
10, 6.35, 11.05, 14.11, 13.63, 0.000, 0.000, 0.000, 10:29:41.824, 7
11, 14.19, 12.85, 17.18, 14.96, 0.000, 0.000, 0.000, 10:29:41.824, 7
12, 13.93, 15.17, 22.94, 14.14, 0.000, 0.000, 0.000, 10:29:41.824, 7
13, 12.26, 13.35, 19.49, 15.30, 0.000, 0.000, 0.000, 10:29:41.839, 7
14, 9.79, 10.65, 19.83, 15.07, 0.000, 0.000, 0.000, 10:29:41.839, 7
15, 13.02, 14.12, 23.20, 18.04, 0.000, 0.000, 0.000, 10:29:41.854, 7
16, 17.21, 16.70, 22.18, 17.66, 0.000, 0.000, 0.000, 10:29:41.854, 7
17, 13.56, 9.58, 14.54, 19.90, 0.000, 0.000, 0.000, 10:29:41.854, 7
18, 13.82, 13.19, 8.80, 19.92, 0.000, 0.000, 0.000, 10:29:41.854, 7
19, 16.52, 15.28, 14.21, 17.84, 0.000, 0.000, 0.000, 10:29:41.870, 7
20, 15.99, 10.95, 15.65, 19.22, 0.000, 0.000, 0.000, 10:29:41.870, 7
21, 17.29, 10.90, 14.16, 13.95, 0.000, 0.000, 0.000, 10:29:41.884, 7
22, 8.84, 9.83, 10.75, 13.44, 0.000, 0.000, 0.000, 10:29:41.884, 7
23, 15.45, 15.00, 17.04, 17.08, 0.000, 0.000, 0.000, 10:29:41.884, 7
24, 21.47, 17.05, 18.89, 19.47, 0.000, 0.000, 0.000, 10:29:41.884, 7
25, 13.19, 7.06, 19.13, 13.21, 0.000, 0.000, 0.000, 10:29:41.905, 7
26, 12.00, 8.67, 17.60, 11.22, 0.000, 0.000, 0.000, 10:29:41.906, 7
27, 13.80, 17.19, 16.64, 15.00, 0.000, 0.000, 0.000, 10:29:41.914, 7
28, 13.84, 14.61, 14.96, 12.81, 0.000, 0.000, 0.000, 10:29:41.914, 7
29, 12.19, 10.30, 19.33, 12.16, 0.000, 0.000, 0.000, 10:29:41.914, 7
30, 6.81, 14.09, 10.42, 12.76, 0.000, 0.000, 0.000, 10:29:41.914, 7
31, 18.95, 14.27, 24.56, 16.72, 0.000, 0.000, 0.000, 10:29:41.929, 7
32, 12.17, 14.15, 26.97, 15.88, 0.000, 0.000, 0.000, 10:29:41.929, 7
33, 10.95, 6.27, 19.07, 14.37, 0.000, 0.000, 0.000, 10:29:41.945, 7
34, 14.61, 11.13, 10.33, 15.45, 0.000, 0.000, 0.000, 10:29:41.945, 7
35, 14.08, 12.44, 18.51, 16.12, 0.000, 0.000, 0.000, 10:29:41.946, 7
36, 15.20, 16.26, 20.34, 20.47, 0.000, 0.000, 0.000, 10:29:41.946, 7
37, 19.10, 13.74, 12.03, 16.96, 0.000, 0.000, 0.000, 10:29:41.960, 7
38, 11.71, 15.51, 15.73, 16.28, 0.000, 0.000, 0.000, 10:29:41.960, 7
39, 14.08, 12.54, 17.80, 17.01, 0.000, 0.000, 0.000, 10:29:41.975, 7
40, 12.52, 17.44, 17.65, 20.44, 0.000, 0.000, 0.000, 10:29:41.975, 7
41, 19.89, 9.45, 4.17, 13.94, 0.000, 0.000, 0.000, 10:29:41.976, 7
42, 11.63, 7.27, 10.35, 11.90, 0.000, 0.000, 0.000, 10:29:41.976, 7
43, 15.27, 11.52, 13.40, 11.03, 0.000, 0.000, 0.000, 10:29:41.991, 7
44, 11.75, 12.91, 18.08, 18.46, 0.000, 0.000, 0.000, 10:29:41.991, 7
45, 10.62, 12.46, 14.16, 15.95, 0.000, 0.000, 0.000, 10:29:42.006, 7
46, 9.56, 10.50, 14.78, 14.21, 0.000, 0.000, 0.000, 10:29:42.007, 7
47, 12.34, 13.17, 16.12, 17.37, 0.000, 0.000, 0.000, 10:29:42.019, 7
48, 21.99, 15.19, 19.58, 15.33, 0.000, 0.000, 0.000, 10:29:42.020, 7
49, 13.58, 13.12, 16.79, 10.65, 0.000, 0.000, 0.000, 10:29:42.035, 7
50, 12.44, 10.51, 14.88, 6.92, 0.000, 0.000, 0.000, 10:29:42.036, 7
51, 9.48, 13.56, 16.90, 11.48, 0.000, 0.000, 0.000, 10:29:42.036, 7
52, 18.20, 14.18, 20.72, 12.71, 0.000, 0.000, 0.000, 10:29:42.037, 7
53, 12.95, 7.50, 13.65, 13.20, 0.000, 0.000, 0.000, 10:29:42.038, 7
54, 10.24, 11.48, 16.97, 13.40, 0.000, 0.000, 0.000, 10:29:42.039, 7
55, 11.15, 15.00, 20.85, 16.21, 0.000, 0.000, 0.000, 10:29:42.049, 7
56, 16.90, 12.71, 20.86, 19.90, 0.000, 0.000, 0.000, 10:29:42.050, 7
57, 9.60, 12.45, 13.09, 12.58, 0.000, 0.000, 0.000, 10:29:42.064, 7
58, 11.75, 12.05, 12.63, 10.68, 0.000, 0.000, 0.000, 10:29:42.065, 7
59, 14.52, 14.12, 24.06, 14.09, 0.000, 0.000, 0.000, 10:29:42.065, 7
60, 18.06, 15.96, 18.21, 13.67, 0.000, 0.000, 0.000, 10:29:42.065, 7
61, 15.33, 13.07, 17.49, 10.12, 0.000, 0.000, 0.000, 10:29:42.080, 7
62, 5.52, 14.21, 12.83, 11.31, 0.000, 0.000, 0.000, 10:29:42.080, 7
63, 14.37, 17.11, 24.11, 18.49, 0.000, 0.000, 0.000, 10:29:42.095, 7
64, 19.91, 13.06, 20.23, 18.84, 0.000, 0.000, 0.000, 10:29:42.095, 7
65, 18.95, 12.59, 13.71, 20.18, 0.000, 0.000, 0.000, 10:29:42.095, 7
66, 8.19, 9.26, 11.06, 9.16, 0.000, 0.000, 0.000, 10:29:42.095, 7
67, 17.76, 17.38, 19.96, 10.97, 0.000, 0.000, 0.000, 10:29:42.110, 7
68, 19.93, 13.60, 16.62, 15.98, 0.000, 0.000, 0.000, 10:29:42.110, 7
69, 10.30, 10.03, 14.05, 11.49, 0.000, 0.000, 0.000, 10:29:42.125, 7
70, 7.86, 8.17, 11.24, 13.55, 0.000, 0.000, 0.000, 10:29:42.125, 7
71, 16.95, 9.10, 14.92, 15.13, 0.000, 0.000, 0.000, 10:29:42.125, 7
72, 15.93, 11.92, 17.53, 15.34, 0.000, 0.000, 0.000, 10:29:42.126, 7
73, 14.38, 10.25, 11.61, 13.64, 0.000, 0.000, 0.000, 10:29:42.140, 7
74, 12.54, 13.58, 16.83, 12.69, 0.000, 0.000, 0.000, 10:29:42.140, 7
75, 10.93, 17.63, 18.87, 19.92, 0.000, 0.000, 0.000, 10:29:42.155, 7
76, 14.43, 14.73, 23.45, 18.58, 0.000, 0.000, 0.000, 10:29:42.156, 7
77, 12.91, 12.68, 12.62, 18.82, 0.000, 0.000, 0.000, 10:29:42.156, 7
78, 12.53, 9.46, 15.05, 16.49, 0.000, 0.000, 0.000, 10:29:42.157, 7
79, 15.10, 15.18, 18.40, 16.65, 0.000, 0.000, 0.000, 10:29:42.169, 7
80, 16.19, 14.87, 20.46, 19.14, 0.000, 0.000, 0.000, 10:29:42.169, 7
81, 13.13, 10.78, 9.45, 13.50, 0.000, 0.000, 0.000, 10:29:42.185, 7
82, 9.66, 8.74, 11.12, 9.55, 0.000, 0.000, 0.000, 10:29:42.185, 7
83, 15.83, 13.77, 12.51, 16.14, 0.000, 0.000, 0.000, 10:29:42.185, 7
84, 16.06, 10.97, 18.83, 14.37, 0.000, 0.000, 0.000, 10:29:42.185, 7
85, 16.79, 14.15, 16.32, 12.59, 0.000, 0.000, 0.000, 10:29:42.214, 7
86, 7.74, 11.66, 18.19, 17.17, 0.000, 0.000, 0.000, 10:29:42.214, 7
87, 12.84, 14.12, 21.46, 23.71, 0.000, 0.000, 0.000, 10:29:42.215, 7
88, 13.78, 15.26, 20.11, 17.65, 0.000, 0.000, 0.000, 10:29:42.215, 7
89, 8.85, 9.11, 12.27, 11.12, 0.000, 0.000, 0.000, 10:29:42.215, 7
90, 13.16, 11.08, 17.46, 15.09, 0.000, 0.000, 0.000, 10:29:42.216, 7
91, 20.21, 19.07, 16.32, 13.17, 0.000, 0.000, 0.000, 10:29:42.230, 7
92, 16.30, 10.31, 18.24, 15.69, 0.000, 0.000, 0.000, 10:29:42.230, 7
93, 15.25, 10.85, 17.98, 17.72, 0.000, 0.000, 0.000, 10:29:42.245, 7
94, 12.12, 13.15, 13.97, 16.07, 0.000, 0.000, 0.000, 10:29:42.245, 7
95, 18.19, 17.88, 19.12, 19.42, 0.000, 0.000, 0.000, 10:29:42.246, 7
96, 14.16, 15.50, 22.59, 18.02, 0.000, 0.000, 0.000, 10:29:42.246, 7
97, 8.13, 6.91, 10.77, 11.38, 0.000, 0.000, 0.000, 10:29:42.260, 7
98, 7.32, 8.35, 9.56, 8.87, 0.000, 0.000, 0.000, 10:29:42.260, 7
99, 17.24, 14.27, 16.20, 13.60, 0.000, 0.000, 0.000, 10:29:42.275, 7
100, 16.03, 16.72, 14.83, 16.32, 0.000, 0.000, 0.000, 10:29:42.275, 7
101, 11.86, 11.71, 20.44, 11.93, 0.000, 0.000, 0.000, 10:29:42.276, 7
102, 11.75, 13.11, 18.95, 11.20, 0.000, 0.000, 0.000, 10:29:42.277, 7
103, 14.82, 15.10, 21.67, 14.41, 0.000, 0.000, 0.000, 10:29:42.290, 7
104, 17.28, 13.06, 17.35, 13.58, 0.000, 0.000, 0.000, 10:29:42.290, 7
105, 9.69, 9.84, 16.97, 12.62, 0.000, 0.000, 0.000, 10:29:42.304, 7
106, 11.82, 15.37, 16.40, 13.51, 0.000, 0.000, 0.000, 10:29:42.305, 7
107, 14.67, 16.52, 19.80, 19.31, 0.000, 0.000, 0.000, 10:29:42.307, 7
108, 13.73, 12.91, 15.42, 22.18, 0.000, 0.000, 0.000, 10:29:42.308, 7
109, 11.34, 7.42, 10.80, 16.86, 0.000, 0.000, 0.000, 10:29:42.321, 7
110, 13.82, 10.73, 11.77, 18.94, 0.000, 0.000, 0.000, 10:29:42.321, 7
111, 15.74, 14.13, 13.72, 17.35, 0.000, 0.000, 0.000, 10:29:42.336, 7
112, 14.65, 13.96, 24.83, 16.30, 0.000, 0.000, 0.000, 10:29:42.336, 7
113, 12.43, 12.23, 15.40, 11.81, 0.000, 0.000, 0.000, 10:29:42.338, 7
114, 15.72, 11.08, 14.83, 14.25, 0.000, 0.000, 0.000, 10:29:42.338, 7
115, 15.36, 14.86, 26.88, 22.56, 0.000, 0.000, 0.000, 10:29:42.350, 7
116, 14.69, 15.11, 14.15, 16.76, 0.000, 0.000, 0.000, 10:29:42.351, 7
117, 10.03, 11.02, 13.35, 13.77, 0.000, 0.000, 0.000, 10:29:42.365, 7
118, 18.23, 9.94, 18.39, 14.39, 0.000, 0.000, 0.000, 10:29:42.366, 7
119, 15.12, 12.97, 19.78, 19.20, 0.000, 0.000, 0.000, 10:29:42.366, 7
120, 11.62, 12.91, 19.45, 18.97, 0.000, 0.000, 0.000, 10:29:42.367, 7
121, 11.63, 7.67, 16.13, 16.93, 0.000, 0.000, 0.000, 10:29:42.388, 7
122, 11.59, 8.99, 7.68, 13.77, 0.000, 0.000, 0.000, 10:29:42.389, 7
123, 21.80, 13.19, 15.00, 19.74, 0.000, 0.000, 0.000, 10:29:42.396, 7
124, 12.83, 15.36, 15.58, 17.26, 0.000, 0.000, 0.000, 10:29:42.396, 7
125, 12.18, 10.30, 17.38, 10.80, 0.000, 0.000, 0.000, 10:29:42.397, 7
126, 12.45, 11.81, 12.80, 13.08, 0.000, 0.000, 0.000, 10:29:42.397, 7
127, 19.60, 14.79, 19.17, 16.73, 0.000, 0.000, 0.000, 10:29:42.413, 7
128, 9.17, 13.59, 21.02, 17.60, 0.000, 0.000, 0.000, 10:29:42.413, 7
129, 13.06, 10.44, 13.26, 14.03, 0.000, 0.000, 0.000, 10:29:42.425, 7
130, 12.08, 12.78, 16.52, 15.53, 0.000, 0.000, 0.000, 10:29:42.426, 7
131, 14.28, 16.47, 15.48, 18.56, 0.000, 0.000, 0.000, 10:29:42.427, 7
132, 15.12, 10.74, 19.26, 15.05, 0.000, 0.000, 0.000, 10:29:42.427, 7
133, 12.23, 11.64, 19.13, 13.75, 0.000, 0.000, 0.000, 10:29:42.441, 7
134, 10.19, 10.93, 14.48, 17.36, 0.000, 0.000, 0.000, 10:29:42.441, 7
135, 15.31, 14.60, 12.07, 18.37, 0.000, 0.000, 0.000, 10:29:42.455, 7
136, 14.08, 11.58, 17.86, 16.92, 0.000, 0.000, 0.000, 10:29:42.457, 7
137, 15.88, 11.44, 14.14, 13.92, 0.000, 0.000, 0.000, 10:29:42.458, 7
138, 18.04, 7.25, 17.36, 14.48, 0.000, 0.000, 0.000, 10:29:42.458, 7
139, 11.51, 13.80, 21.30, 17.61, 0.000, 0.000, 0.000, 10:29:42.470, 7
140, 18.30, 14.90, 12.88, 17.57, 0.000, 0.000, 0.000, 10:29:42.471, 7
141, 12.54, 8.95, 9.51, 12.24, 0.000, 0.000, 0.000, 10:29:42.485, 7
142, 7.86, 13.29, 7.80, 15.81, 0.000, 0.000, 0.000, 10:29:42.486, 7
143, 14.77, 13.65, 23.18, 14.58, 0.000, 0.000, 0.000, 10:29:42.487, 7
144, 13.10, 15.44, 20.04, 18.11, 0.000, 0.000, 0.000, 10:29:42.487, 7
145, 12.33, 14.45, 17.71, 13.09, 0.000, 0.000, 0.000, 10:29:42.499, 7
146, 15.45, 12.08, 24.77, 13.99, 0.000, 0.000, 0.000, 10:29:42.500, 7
147, 13.24, 15.70, 17.91, 17.74, 0.000, 0.000, 0.000, 10:29:42.514, 7
148, 15.45, 17.03, 20.37, 17.83, 0.000, 0.000, 0.000, 10:29:42.515, 7
149, 14.77, 9.73, 13.91, 18.20, 0.000, 0.000, 0.000, 10:29:42.516, 7
150, 7.98, 8.99, 11.79, 15.52, 0.000, 0.000, 0.000, 10:29:42.516, 7
151, 13.88, 16.34, 21.90, 19.52, 0.000, 0.000, 0.000, 10:29:42.529, 7
152, 17.38, 14.51, 17.22, 18.75, 0.000, 0.000, 0.000, 10:29:42.530, 7
153, 8.96, 7.48, 18.09, 11.76, 0.000, 0.000, 0.000, 10:29:42.545, 7
154, 12.58, 10.70, 17.64, 12.98, 0.000, 0.000, 0.000, 10:29:42.545, 7
155, 12.25, 10.02, 14.70, 15.97, 0.000, 0.000, 0.000, 10:29:42.546, 7
156, 17.42, 12.88, 15.52, 17.45, 0.000, 0.000, 0.000, 10:29:42.546, 7
157, 11.00, 10.83, 17.19, 12.23, 0.000, 0.000, 0.000, 10:29:42.560, 7
158, 11.71, 10.15, 16.32, 10.16, 0.000, 0.000, 0.000, 10:29:42.560, 7
159, 14.03, 11.06, 14.70, 19.39, 0.000, 0.000, 0.000, 10:29:42.575, 7
160, 22.14, 18.74, 10.18, 14.88, 0.000, 0.000, 0.000, 10:29:42.575, 7
161, 8.26, 11.33, 15.90, 12.75, 0.000, 0.000, 0.000, 10:29:42.576, 7
162, 13.58, 5.46, 8.90, 17.73, 0.000, 0.000, 0.000, 10:29:42.576, 7
163, 15.69, 11.39, 19.39, 18.14, 0.000, 0.000, 0.000, 10:29:42.591, 7
164, 12.48, 14.31, 23.36, 15.56, 0.000, 0.000, 0.000, 10:29:42.592, 7
165, 15.56, 12.77, 13.24, 12.93, 0.000, 0.000, 0.000, 10:29:42.605, 7
166, 11.95, 11.19, 15.74, 11.52, 0.000, 0.000, 0.000, 10:29:42.606, 7
167, 20.74, 14.84, 15.82, 16.06, 0.000, 0.000, 0.000, 10:29:42.608, 7
168, 13.50, 13.41, 17.57, 13.30, 0.000, 0.000, 0.000, 10:29:42.608, 7
169, 10.68, 9.75, 14.16, 15.35, 0.000, 0.000, 0.000, 10:29:42.620, 7
170, 14.66, 8.31, 16.31, 17.64, 0.000, 0.000, 0.000, 10:29:42.621, 7
171, 14.28, 13.85, 10.69, 18.92, 0.000, 0.000, 0.000, 10:29:42.635, 7
172, 16.02, 17.65, 17.36, 16.66, 0.000, 0.000, 0.000, 10:29:42.636, 7
173, 13.49, 11.42, 19.06, 14.51, 0.000, 0.000, 0.000, 10:29:42.638, 7
174, 13.62, 12.48, 21.23, 15.45, 0.000, 0.000, 0.000, 10:29:42.638, 7
175, 17.69, 14.65, 22.15, 18.19, 0.000, 0.000, 0.000, 10:29:42.650, 7
176, 16.24, 17.44, 9.76, 22.70, 0.000, 0.000, 0.000, 10:29:42.651, 7
177, 13.62, 14.44, 16.12, 18.33, 0.000, 0.000, 0.000, 10:29:42.666, 7
178, 15.68, 9.85, 15.19, 11.16, 0.000, 0.000, 0.000, 10:29:42.666, 7
179, 12.30, 14.85, 13.01, 19.37, 0.000, 0.000, 0.000, 10:29:42.667, 7
180, 19.26, 11.80, 19.81, 15.65, 0.000, 0.000, 0.000, 10:29:42.667, 7
181, 11.14, 11.34, 20.47, 15.56, 0.000, 0.000, 0.000, 10:29:42.680, 7
182, 13.34, 12.98, 13.73, 16.43, 0.000, 0.000, 0.000, 10:29:42.680, 7
183, 18.67, 17.18, 20.05, 22.34, 0.000, 0.000, 0.000, 10:29:42.695, 7
184, 15.64, 13.81, 14.21, 17.84, 0.000, 0.000, 0.000, 10:29:42.695, 7
185, 11.35, 10.45, 13.98, 13.33, 0.000, 0.000, 0.000, 10:29:42.696, 7
186, 8.25, 4.17, 14.97, 16.63, 0.000, 0.000, 0.000, 10:29:42.696, 7
187, 16.33, 15.38, 21.02, 16.02, 0.000, 0.000, 0.000, 10:29:42.710, 7
188, 16.90, 16.26, 15.41, 15.34, 0.000, 0.000, 0.000, 10:29:42.711, 7
189, 6.49, 12.94, 12.96, 10.23, 0.000, 0.000, 0.000, 10:29:42.725, 7
190, 15.01, 14.27, 14.23, 13.45, 0.000, 0.000, 0.000, 10:29:42.725, 7
191, 16.45, 15.60, 19.99, 20.93, 0.000, 0.000, 0.000, 10:29:42.726, 7
192, 7.61, 13.60, 21.19, 14.71, 0.000, 0.000, 0.000, 10:29:42.727, 7
193, 13.06, 7.14, 11.98, 12.61, 0.000, 0.000, 0.000, 10:29:42.740, 7
194, 11.05, 14.78, 13.22, 12.81, 0.000, 0.000, 0.000, 10:29:42.740, 7
195, 17.48, 12.89, 13.72, 12.98, 0.000, 0.000, 0.000, 10:29:42.755, 7
196, 13.52, 14.93, 18.70, 11.59, 0.000, 0.000, 0.000, 10:29:42.755, 7
197, 9.45, 12.90, 8.52, 16.35, 0.000, 0.000, 0.000, 10:29:42.757, 7
198, 14.46, 8.20, 11.33, 11.26, 0.000, 0.000, 0.000, 10:29:42.757, 7
199, 13.28, 14.35, 25.95, 18.44, 0.000, 0.000, 0.000, 10:29:42.770, 7
200, 18.31, 14.47, 22.35, 21.21, 0.000, 0.000, 0.000, 10:29:42.771, 7
0, 13.54, 8.54, 20.49, 13.32, 0.000, 0.000, 0.000, 10:29:42.771, 7
1, 14.81, 11.78, 17.90, 8.08, 0.000, 0.000, 0.000, 10:29:42.785, 7
2, 16.31, 16.54, 19.35, 14.00, 0.000, 0.000, 0.000, 10:29:42.786, 7
3, 8.80, 13.28, 12.55, 16.51, 0.000, 0.000, 0.000, 10:29:42.800, 7
4, 12.03, 10.05, 13.84, 17.71, 0.000, 0.000, 0.000, 10:29:42.801, 7
5, 13.32, 10.25, 18.27, 16.20, 0.000, 0.000, 0.000, 10:29:42.802, 7
6, 15.55, 17.22, 18.66, 15.70, 0.000, 0.000, 0.000, 10:29:42.803, 7
7, 16.16, 14.13, 15.98, 16.56, 0.000, 0.000, 0.000, 10:29:42.815, 7
8, 8.55, 13.02, 14.83, 14.17, 0.000, 0.000, 0.000, 10:29:42.815, 7
9, 13.71, 13.23, 13.24, 17.97, 0.000, 0.000, 0.000, 10:29:42.830, 7
10, 21.47, 13.91, 17.98, 18.50, 0.000, 0.000, 0.000, 10:29:42.830, 7
11, 15.93, 16.00, 26.37, 19.04, 0.000, 0.000, 0.000, 10:29:42.831, 7
12, 6.11, 8.62, 14.31, 16.35, 0.000, 0.000, 0.000, 10:29:42.831, 7
13, 17.68, 10.56, 13.04, 10.35, 0.000, 0.000, 0.000, 10:29:42.845, 7
14, 15.87, 18.36, 22.70, 22.26, 0.000, 0.000, 0.000, 10:29:42.845, 7
15, 14.27, 14.15, 19.48, 19.28, 0.000, 0.000, 0.000, 10:29:42.859, 7
16, 11.67, 11.76, 11.37, 12.75, 0.000, 0.000, 0.000, 10:29:42.860, 7
17, 7.31, 6.96, 12.34, 9.89, 0.000, 0.000, 0.000, 10:29:42.861, 7
18, 17.87, 13.93, 18.49, 13.49, 0.000, 0.000, 0.000, 10:29:42.861, 7
19, 12.33, 13.46, 17.14, 14.98, 0.000, 0.000, 0.000, 10:29:42.874, 7
20, 7.85, 8.80, 13.36, 11.75, 0.000, 0.000, 0.000, 10:29:42.875, 7
21, 14.35, 10.38, 12.15, 17.04, 0.000, 0.000, 0.000, 10:29:42.891, 7
22, 15.75, 11.74, 14.44, 14.33, 0.000, 0.000, 0.000, 10:29:42.891, 7
23, 17.85, 11.95, 15.27, 15.21, 0.000, 0.000, 0.000, 10:29:42.891, 7
24, 12.73, 10.86, 13.27, 10.00, 0.000, 0.000, 0.000, 10:29:42.891, 7
25, 19.19, 14.17, 22.99, 12.41, 0.000, 0.000, 0.000, 10:29:42.906, 7
26, 12.95, 12.33, 21.16, 19.14, 0.000, 0.000, 0.000, 10:29:42.906, 7
27, 15.41, 12.83, 20.18, 13.33, 0.000, 0.000, 0.000, 10:29:42.922, 7
28, 13.21, 13.64, 10.40, 14.55, 0.000, 0.000, 0.000, 10:29:42.922, 7
29, 10.30, 11.22, 17.13, 17.07, 0.000, 0.000, 0.000, 10:29:42.924, 7
30, 13.11, 13.78, 13.47, 17.25, 0.000, 0.000, 0.000, 10:29:42.924, 7
31, 13.78, 15.59, 15.95, 20.15, 0.000, 0.000, 0.000, 10:29:42.936, 7
32, 16.41, 10.07, 21.09, 14.97, 0.000, 0.000, 0.000, 10:29:42.937, 7
33, 6.69, 10.54, 18.82, 15.13, 0.000, 0.000, 0.000, 10:29:42.950, 7
34, 17.49, 13.78, 19.09, 14.19, 0.000, 0.000, 0.000, 10:29:42.951, 7
35, 11.90, 14.96, 18.29, 15.86, 0.000, 0.000, 0.000, 10:29:42.951, 7
36, 10.80, 6.84, 18.71, 17.56, 0.000, 0.000, 0.000, 10:29:42.952, 7
37, 10.54, 16.00, 14.17, 13.34, 0.000, 0.000, 0.000, 10:29:42.965, 7
38, 17.08, 15.76, 21.06, 23.37, 0.000, 0.000, 0.000, 10:29:42.966, 7
39, 18.10, 10.64, 15.77, 20.33, 0.000, 0.000, 0.000, 10:29:42.980, 7
40, 8.75, 9.23, 10.65, 16.70, 0.000, 0.000, 0.000, 10:29:42.980, 7
41, 13.59, 10.32, 11.51, 14.95, 0.000, 0.000, 0.000, 10:29:42.981, 7
42, 16.93, 16.94, 20.40, 15.19, 0.000, 0.000, 0.000, 10:29:42.981, 7
43, 14.85, 16.81, 20.65, 18.68, 0.000, 0.000, 0.000, 10:29:43.002, 7
44, 8.02, 10.51, 16.23, 16.50, 0.000, 0.000, 0.000, 10:29:43.003, 7
45, 13.75, 7.86, 7.39, 14.61, 0.000, 0.000, 0.000, 10:29:43.010, 7
46, 13.64, 14.16, 21.00, 12.43, 0.000, 0.000, 0.000, 10:29:43.010, 7
47, 19.26, 13.90, 19.03, 19.54, 0.000, 0.000, 0.000, 10:29:43.011, 7
48, 11.59, 9.03, 9.97, 11.57, 0.000, 0.000, 0.000, 10:29:43.011, 7
49, 14.85, 11.07, 18.45, 13.50, 0.000, 0.000, 0.000, 10:29:43.026, 7
50, 14.19, 13.90, 18.15, 14.30, 0.000, 0.000, 0.000, 10:29:43.026, 7
51, 12.63, 12.66, 19.72, 9.46, 0.000, 0.000, 0.000, 10:29:43.041, 7
52, 10.10, 10.51, 12.65, 11.03, 0.000, 0.000, 0.000, 10:29:43.041, 7
53, 9.52, 11.84, 16.17, 17.58, 0.000, 0.000, 0.000, 10:29:43.042, 7
54, 15.39, 15.74, 15.28, 18.96, 0.000, 0.000, 0.000, 10:29:43.042, 7
55, 13.83, 13.66, 18.99, 17.87, 0.000, 0.000, 0.000, 10:29:43.055, 7
56, 11.00, 10.63, 16.47, 17.23, 0.000, 0.000, 0.000, 10:29:43.056, 7
57, 15.95, 13.21, 12.15, 15.11, 0.000, 0.000, 0.000, 10:29:43.071, 7
58, 16.94, 14.31, 10.86, 17.39, 0.000, 0.000, 0.000, 10:29:43.071, 7
59, 22.08, 16.78, 17.00, 20.19, 0.000, 0.000, 0.000, 10:29:43.072, 7
60, 8.24, 12.87, 10.13, 15.22, 0.000, 0.000, 0.000, 10:29:43.072, 7
61, 14.33, 13.61, 13.45, 15.97, 0.000, 0.000, 0.000, 10:29:43.085, 7
62, 12.66, 12.52, 23.86, 18.08, 0.000, 0.000, 0.000, 10:29:43.086, 7
63, 19.88, 14.08, 13.88, 19.02, 0.000, 0.000, 0.000, 10:29:43.100, 7
64, 15.36, 10.79, 18.17, 14.59, 0.000, 0.000, 0.000, 10:29:43.100, 7
65, 6.53, 12.39, 21.14, 12.52, 0.000, 0.000, 0.000, 10:29:43.102, 7
66, 19.00, 17.99, 19.93, 19.19, 0.000, 0.000, 0.000, 10:29:43.102, 7
67, 11.19, 14.52, 9.73, 16.02, 0.000, 0.000, 0.000, 10:29:43.115, 7
68, 7.31, 7.49, 14.13, 14.91, 0.000, 0.000, 0.000, 10:29:43.115, 7
69, 12.84, 5.78, 12.30, 15.27, 0.000, 0.000, 0.000, 10:29:43.130, 7
70, 12.61, 14.55, 20.50, 18.86, 0.000, 0.000, 0.000, 10:29:43.131, 7
71, 17.84, 14.27, 18.46, 16.33, 0.000, 0.000, 0.000, 10:29:43.131, 7
72, 12.74, 9.74, 13.53, 14.64, 0.000, 0.000, 0.000, 10:29:43.132, 7
73, 12.49, 11.26, 22.69, 14.10, 0.000, 0.000, 0.000, 10:29:43.145, 7
74, 17.14, 18.58, 24.02, 20.54, 0.000, 0.000, 0.000, 10:29:43.145, 7
75, 17.96, 15.94, 16.97, 16.53, 0.000, 0.000, 0.000, 10:29:43.161, 7
76, 15.46, 13.32, 11.36, 10.80, 0.000, 0.000, 0.000, 10:29:43.162, 7
77, 10.45, 11.10, 13.25, 12.13, 0.000, 0.000, 0.000, 10:29:43.162, 7
78, 12.01, 12.88, 13.50, 16.85, 0.000, 0.000, 0.000, 10:29:43.163, 7
79, 17.37, 12.12, 23.71, 15.26, 0.000, 0.000, 0.000, 10:29:43.174, 7
80, 10.85, 11.20, 14.79, 9.77, 0.000, 0.000, 0.000, 10:29:43.175, 7
81, 12.50, 11.66, 12.67, 10.25, 0.000, 0.000, 0.000, 10:29:43.190, 7
82, 8.32, 14.36, 15.46, 15.27, 0.000, 0.000, 0.000, 10:29:43.191, 7
83, 14.39, 13.72, 13.42, 12.63, 0.000, 0.000, 0.000, 10:29:43.192, 7
84, 12.15, 10.54, 10.90, 18.70, 0.000, 0.000, 0.000, 10:29:43.192, 7
85, 15.48, 11.12, 15.54, 22.78, 0.000, 0.000, 0.000, 10:29:43.204, 7
86, 15.29, 14.20, 23.77, 16.16, 0.000, 0.000, 0.000, 10:29:43.205, 7
87, 14.17, 17.88, 17.06, 18.01, 0.000, 0.000, 0.000, 10:29:43.220, 7
88, 8.08, 9.59, 16.11, 15.13, 0.000, 0.000, 0.000, 10:29:43.220, 7
89, 17.72, 8.27, 13.96, 13.98, 0.000, 0.000, 0.000, 10:29:43.221, 7
90, 9.92, 13.03, 17.50, 9.77, 0.000, 0.000, 0.000, 10:29:43.221, 7
91, 18.14, 16.45, 23.44, 10.69, 0.000, 0.000, 0.000, 10:29:43.234, 7
92, 8.06, 7.61, 15.01, 9.60, 0.000, 0.000, 0.000, 10:29:43.235, 7
93, 15.77, 10.03, 14.21, 15.79, 0.000, 0.000, 0.000, 10:29:43.249, 7
94, 16.72, 14.16, 16.69, 20.21, 0.000, 0.000, 0.000, 10:29:43.250, 7
95, 10.02, 12.22, 14.59, 16.80, 0.000, 0.000, 0.000, 10:29:43.252, 7
96, 21.05, 9.91, 10.74, 12.32, 0.000, 0.000, 0.000, 10:29:43.252, 7
97, 16.54, 8.60, 17.11, 11.55, 0.000, 0.000, 0.000, 10:29:43.264, 7
98, 11.39, 13.36, 19.04, 13.37, 0.000, 0.000, 0.000, 10:29:43.265, 7
99, 9.09, 15.19, 24.14, 21.31, 0.000, 0.000, 0.000, 10:29:43.280, 7
100, 9.56, 7.98, 14.97, 14.75, 0.000, 0.000, 0.000, 10:29:43.281, 7
101, 12.59, 12.70, 10.56, 13.87, 0.000, 0.000, 0.000, 10:29:43.281, 7
102, 20.60, 14.18, 20.87, 17.33, 0.000, 0.000, 0.000, 10:29:43.282, 7
103, 20.43, 15.36, 15.34, 20.17, 0.000, 0.000, 0.000, 10:29:43.295, 7
104, 4.63, 13.70, 15.38, 17.00, 0.000, 0.000, 0.000, 10:29:43.295, 7
105, 10.69, 12.38, 5.59, 13.47, 0.000, 0.000, 0.000, 10:29:43.311, 7
106, 16.32, 11.83, 19.77, 19.12, 0.000, 0.000, 0.000, 10:29:43.311, 7
107, 11.28, 11.32, 24.40, 16.27, 0.000, 0.000, 0.000, 10:29:43.311, 7
108, 18.17, 10.15, 10.24, 7.89, 0.000, 0.000, 0.000, 10:29:43.312, 7
109, 20.49, 10.35, 15.85, 15.18, 0.000, 0.000, 0.000, 10:29:43.325, 7
110, 14.22, 13.67, 18.56, 18.48, 0.000, 0.000, 0.000, 10:29:43.325, 7
111, 14.42, 15.03, 13.00, 17.92, 0.000, 0.000, 0.000, 10:29:43.340, 7
112, 12.63, 13.93, 13.06, 14.38, 0.000, 0.000, 0.000, 10:29:43.340, 7
113, 12.18, 12.12, 17.74, 18.94, 0.000, 0.000, 0.000, 10:29:43.341, 7
114, 17.39, 18.47, 20.27, 21.57, 0.000, 0.000, 0.000, 10:29:43.342, 7
115, 17.40, 13.40, 18.99, 20.70, 0.000, 0.000, 0.000, 10:29:43.355, 7
116, 9.64, 11.14, 12.09, 14.19, 0.000, 0.000, 0.000, 10:29:43.355, 7
117, 18.05, 10.57, 13.75, 17.04, 0.000, 0.000, 0.000, 10:29:43.370, 7
118, 8.60, 14.11, 16.09, 17.33, 0.000, 0.000, 0.000, 10:29:43.370, 7
119, 10.75, 8.82, 18.76, 17.07, 0.000, 0.000, 0.000, 10:29:43.371, 7
120, 10.82, 10.44, 16.15, 15.91, 0.000, 0.000, 0.000, 10:29:43.371, 7
121, 13.46, 9.35, 20.72, 14.20, 0.000, 0.000, 0.000, 10:29:43.391, 7
122, 13.39, 13.88, 24.88, 17.66, 0.000, 0.000, 0.000, 10:29:43.392, 7
123, 19.38, 12.26, 23.24, 15.50, 0.000, 0.000, 0.000, 10:29:43.400, 7
124, 17.91, 10.03, 8.05, 13.65, 0.000, 0.000, 0.000, 10:29:43.401, 7
125, 10.78, 13.84, 12.25, 17.38, 0.000, 0.000, 0.000, 10:29:43.402, 7
126, 15.65, 16.57, 20.16, 19.89, 0.000, 0.000, 0.000, 10:29:43.403, 7
127, 16.61, 16.97, 18.88, 16.85, 0.000, 0.000, 0.000, 10:29:43.415, 7
128, 13.77, 9.25, 15.44, 14.06, 0.000, 0.000, 0.000, 10:29:43.415, 7
129, 17.98, 10.18, 21.64, 8.73, 0.000, 0.000, 0.000, 10:29:43.430, 7
130, 19.57, 18.88, 14.84, 12.48, 0.000, 0.000, 0.000, 10:29:43.430, 7
131, 9.20, 14.93, 20.92, 17.58, 0.000, 0.000, 0.000, 10:29:43.431, 7
132, 13.16, 14.81, 10.23, 18.82, 0.000, 0.000, 0.000, 10:29:43.431, 7
133, 11.82, 9.35, 14.34, 14.55, 0.000, 0.000, 0.000, 10:29:43.445, 7
134, 18.09, 15.64, 21.44, 13.26, 0.000, 0.000, 0.000, 10:29:43.445, 7
135, 10.50, 13.18, 20.03, 12.77, 0.000, 0.000, 0.000, 10:29:43.461, 7
136, 16.69, 13.96, 21.69, 16.35, 0.000, 0.000, 0.000, 10:29:43.461, 7
137, 18.52, 11.46, 11.49, 14.41, 0.000, 0.000, 0.000, 10:29:43.462, 7
138, 7.84, 14.44, 16.71, 14.91, 0.000, 0.000, 0.000, 10:29:43.463, 7
