%OpenBCI Raw EEG Data
%
%Sample Rate = 200.0 Hz
%First Column = SampleIndex
%Last Column = Timestamp 
%Other Columns = EEG data in microvolts followed by Accel Data (in G) interleaved with Aux Data
0, 10.44, 0.00, 10.12, 16.45, 0.000, 0.000, 0.000, 10:43:26.342
1, 11.46, 0.00, 9.34, 16.39, 0.000, 0.000, 0.000, 10:43:26.361
2, 10.95, 0.00, 12.85, 17.69, 0.000, 0.000, 0.000, 10:43:26.363
3, 10.62, 0.00, 19.06, 18.40, 0.000, 0.000, 0.000, 10:43:26.374
4, 11.66, 0.00, 7.59, 19.45, 0.000, 0.000, 0.000, 10:43:26.375
5, 7.89, 0.00, 12.56, 14.79, 0.000, 0.000, 0.000, 10:43:26.377
6, 7.86, 0.00, 12.25, 16.00, 0.000, 0.000, 0.000, 10:43:26.379
7, 15.04, 0.00, 13.52, 17.65, 0.000, 0.000, 0.000, 10:43:26.383
8, 8.97, 0.00, 12.24, 14.54, 0.000, 0.000, 0.000, 10:43:26.385
9, 9.48, 0.00, 10.93, 12.41, 0.000, 0.000, 0.000, 10:43:26.393
10, 9.31, 0.00, 9.61, 12.92, 0.000, 0.000, 0.000, 10:43:26.396
11, 12.81, 0.00, 13.47, 16.78, 0.000, 0.000, 0.000, 10:43:26.397
12, 13.26, 0.00, 14.65, 13.92, 0.000, 0.000, 0.000, 10:43:26.398
13, 10.46, 0.00, 10.15, 13.64, 0.000, 0.000, 0.000, 10:43:26.407
14, 10.80, 0.00, 8.77, 10.08, 0.000, 0.000, 0.000, 10:43:26.409
15, 12.99, 0.00, 11.72, 15.76, 0.000, 0.000, 0.000, 10:43:26.423
16, 9.43, 0.00, 14.86, 18.07, 0.000, 0.000, 0.000, 10:43:26.425
17, 8.97, 0.00, 8.36, 9.48, 0.000, 0.000, 0.000, 10:43:26.427
18, 8.41, 0.00, 9.88, 10.82, 0.000, 0.000, 0.000, 10:43:26.429
19, 13.70, 0.00, 13.01, 20.39, 0.000, 0.000, 0.000, 10:43:26.438
20, 9.80, 0.00, 15.73, 18.56, 0.000, 0.000, 0.000, 10:43:26.439
21, 6.98, 0.00, 12.03, 16.86, 0.000, 0.000, 0.000, 10:43:26.453
22, 8.29, 0.00, 10.98, 13.73, 0.000, 0.000, 0.000, 10:43:26.455
23, 10.28, 0.00, 14.44, 18.64, 0.000, 0.000, 0.000, 10:43:26.456
24, 9.89, 0.00, 14.95, 21.93, 0.000, 0.000, 0.000, 10:43:26.457
25, 9.77, 0.00, 11.74, 13.42, 0.000, 0.000, 0.000, 10:43:26.467
26, 11.09, 0.00, 10.34, 14.50, 0.000, 0.000, 0.000, 10:43:26.468
27, 10.46, 0.00, 13.82, 17.96, 0.000, 0.000, 0.000, 10:43:26.482
28, 11.39, 0.00, 15.53, 20.44, 0.000, 0.000, 0.000, 10:43:26.483
29, 7.91, 0.00, -2.11, 12.17, 0.000, 0.000, 0.000, 10:43:26.497
30, 8.82, 0.00, 7.47, 19.74, 0.000, 0.000, 0.000, 10:43:26.498
31, 14.05, 0.00, 7.92, 18.08, 0.000, 0.000, 0.000, 10:43:26.498
32, 9.56, 0.00, 9.07, 13.40, 0.000, 0.000, 0.000, 10:43:26.499
33, 3.09, 0.00, 0.78, 9.04, 0.000, 0.000, 0.000, 10:43:26.512
34, 13.61, 0.00, 5.41, 15.87, 0.000, 0.000, 0.000, 10:43:26.513
35, 18.11, 0.00, 11.03, 17.13, 0.000, 0.000, 0.000, 10:43:26.514
36, 12.92, 0.00, 15.83, 14.56, 0.000, 0.000, 0.000, 10:43:26.515
37, 11.20, 0.00, 8.06, 16.35, 0.000, 0.000, 0.000, 10:43:26.529
38, 9.08, 0.00, 15.13, 17.61, 0.000, 0.000, 0.000, 10:43:26.531
39, 8.07, 0.00, 16.67, 17.53, 0.000, 0.000, 0.000, 10:43:26.542
40, 14.65, 0.00, 22.99, 18.56, 0.000, 0.000, 0.000, 10:43:26.542
41, 11.32, 0.00, 11.60, 12.49, 0.000, 0.000, 0.000, 10:43:26.549
42, 8.39, 0.00, 11.81, 16.21, 0.000, 0.000, 0.000, 10:43:26.550
43, 15.46, 0.00, 13.44, 15.97, 0.000, 0.000, 0.000, 10:43:26.557
44, 14.34, 0.00, 23.75, 17.23, 0.000, 0.000, 0.000, 10:43:26.558
45, 8.21, 0.00, 14.18, 11.26, 0.000, 0.000, 0.000, 10:43:26.572
46, 7.86, 0.00, 8.04, 11.49, 0.000, 0.000, 0.000, 10:43:26.572
47, 14.19, 0.00, 3.79, 20.17, 0.000, 0.000, 0.000, 10:43:26.573
48, 9.27, 0.00, 19.89, 18.53, 0.000, 0.000, 0.000, 10:43:26.573
49, 7.62, 0.00, 8.99, 17.90, 0.000, 0.000, 0.000, 10:43:26.587
50, 13.24, 0.00, 24.97, 15.69, 0.000, 0.000, 0.000, 10:43:26.588
51, 15.95, 0.00, 3.46, 18.71, 0.000, 0.000, 0.000, 10:43:26.603
52, 14.75, 0.00, 9.53, 14.05, 0.000, 0.000, 0.000, 10:43:26.605
53, 12.10, 0.00, 10.55, 13.25, 0.000, 0.000, 0.000, 10:43:26.607
54, 9.25, 0.00, 13.12, 15.95, 0.000, 0.000, 0.000, 10:43:26.607
55, 13.61, 0.00, 21.15, 20.39, 0.000, 0.000, 0.000, 10:43:26.617
56, 10.17, 0.00, 5.10, 18.08, 0.000, 0.000, 0.000, 10:43:26.617
57, 9.64, 0.00, 13.63, 13.16, 0.000, 0.000, 0.000, 10:43:26.632
58, 5.16, 0.00, 2.04, 11.63, 0.000, 0.000, 0.000, 10:43:26.632
59, 14.93, 0.00, 17.69, 18.62, 0.000, 0.000, 0.000, 10:43:26.633
60, 12.46, 0.00, 11.69, 18.74, 0.000, 0.000, 0.000, 10:43:26.633
61, 8.65, 0.00, 14.89, 13.98, 0.000, 0.000, 0.000, 10:43:26.648
62, 10.42, 0.00, 12.90, 12.12, 0.000, 0.000, 0.000, 10:43:26.649
63, 12.42, 0.00, 23.21, 18.07, 0.000, 0.000, 0.000, 10:43:26.662
64, 10.88, 0.00, 24.53, 15.35, 0.000, 0.000, 0.000, 10:43:26.662
65, 7.81, 0.00, 15.86, 12.42, 0.000, 0.000, 0.000, 10:43:26.664
66, 11.89, 0.00, 6.67, 16.36, 0.000, 0.000, 0.000, 10:43:26.665
67, 14.91, 0.00, 15.15, 19.43, 0.000, 0.000, 0.000, 10:43:26.677
68, 8.06, 0.00, 13.90, 14.77, 0.000, 0.000, 0.000, 10:43:26.677
69, 10.20, 0.00, 10.43, 13.70, 0.000, 0.000, 0.000, 10:43:26.692
70, 10.29, 0.00, 10.54, 13.29, 0.000, 0.000, 0.000, 10:43:26.692
71, 13.99, 0.00, 13.04, 18.22, 0.000, 0.000, 0.000, 10:43:26.699
72, 13.46, 0.00, 15.72, 17.57, 0.000, 0.000, 0.000, 10:43:26.700
73, 14.25, 0.00, 13.79, 15.54, 0.000, 0.000, 0.000, 10:43:26.707
74, 10.77, 0.00, 7.84, 13.62, 0.000, 0.000, 0.000, 10:43:26.707
75, 10.15, 0.00, 9.37, 15.89, 0.000, 0.000, 0.000, 10:43:26.722
76, 11.91, 0.00, 15.26, 14.58, 0.000, 0.000, 0.000, 10:43:26.723
77, 11.52, 0.00, 9.19, 17.63, 0.000, 0.000, 0.000, 10:43:26.723
78, 10.53, 0.00, 9.78, 15.04, 0.000, 0.000, 0.000, 10:43:26.723
79, 15.67, 0.00, 15.80, 15.56, 0.000, 0.000, 0.000, 10:43:26.737
80, 14.24, 0.00, 14.28, 18.62, 0.000, 0.000, 0.000, 10:43:26.738
81, 3.70, 0.00, 9.42, 11.62, 0.000, 0.000, 0.000, 10:43:26.754
82, 13.70, 0.00, 13.64, 15.10, 0.000, 0.000, 0.000, 10:43:26.755
83, 11.46, 0.00, 12.81, 20.78, 0.000, 0.000, 0.000, 10:43:26.755
84, 14.31, 0.00, 15.08, 20.38, 0.000, 0.000, 0.000, 10:43:26.756
85, 6.63, 0.00, 8.76, 15.82, 0.000, 0.000, 0.000, 10:43:26.767
86, 7.93, 0.00, 9.88, 15.24, 0.000, 0.000, 0.000, 10:43:26.767
87, 15.01, 0.00, 11.12, 15.24, 0.000, 0.000, 0.000, 10:43:26.782
88, 13.97, 0.00, 10.78, 14.12, 0.000, 0.000, 0.000, 10:43:26.783
89, 9.69, 0.00, 12.81, 14.39, 0.000, 0.000, 0.000, 10:43:26.783
90, 12.34, 0.00, 12.41, 14.00, 0.000, 0.000, 0.000, 10:43:26.783
91, 12.54, 0.00, 15.56, 14.48, 0.000, 0.000, 0.000, 10:43:26.797
92, 9.76, 0.00, 9.50, 14.29, 0.000, 0.000, 0.000, 10:43:26.797
93, 7.88, 0.00, 9.02, 9.57, 0.000, 0.000, 0.000, 10:43:26.812
94, 11.94, 0.00, 12.50, 11.63, 0.000, 0.000, 0.000, 10:43:26.812
95, 14.28, 0.00, 14.47, 17.28, 0.000, 0.000, 0.000, 10:43:26.814
96, 9.51, 0.00, 14.14, 20.90, 0.000, 0.000, 0.000, 10:43:26.815
97, 9.82, 0.00, 9.59, 13.08, 0.000, 0.000, 0.000, 10:43:26.828
98, 9.62, 0.00, 13.41, 15.60, 0.000, 0.000, 0.000, 10:43:26.828
99, 13.31, 0.00, 17.83, 18.61, 0.000, 0.000, 0.000, 10:43:26.842
100, 14.95, 0.00, 11.50, 19.98, 0.000, 0.000, 0.000, 10:43:26.843
101, 7.84, 0.00, 8.51, 16.66, 0.000, 0.000, 0.000, 10:43:26.843
102, 11.85, 0.00, 14.56, 17.03, 0.000, 0.000, 0.000, 10:43:26.843
103, 10.15, 0.00, 12.47, 14.59, 0.000, 0.000, 0.000, 10:43:26.857
104, 10.70, 0.00, 14.05, 15.48, 0.000, 0.000, 0.000, 10:43:26.858
105, 4.49, 0.00, 3.66, 9.79, 0.000, 0.000, 0.000, 10:43:26.872
106, 9.92, 0.00, 12.52, 15.56, 0.000, 0.000, 0.000, 10:43:26.873
107, 13.08, 0.00, 14.38, 18.72, 0.000, 0.000, 0.000, 10:43:26.873
108, 11.63, 0.00, 15.02, 19.96, 0.000, 0.000, 0.000, 10:43:26.873
109, 8.81, 0.00, 12.75, 13.59, 0.000, 0.000, 0.000, 10:43:26.888
110, 10.79, 0.00, 12.71, 14.52, 0.000, 0.000, 0.000, 10:43:26.888
111, 16.17, 0.00, 15.34, 20.08, 0.000, 0.000, 0.000, 10:43:26.902
112, 11.89, 0.00, 11.97, 17.57, 0.000, 0.000, 0.000, 10:43:26.902
113, 5.73, 0.00, 13.09, 17.73, 0.000, 0.000, 0.000, 10:43:26.904
114, 12.12, 0.00, 15.04, 15.25, 0.000, 0.000, 0.000, 10:43:26.905
115, 8.76, 0.00, 13.18, 17.99, 0.000, 0.000, 0.000, 10:43:26.917
116, 9.33, 0.00, 12.12, 15.46, 0.000, 0.000, 0.000, 10:43:26.917
117, 10.46, 0.00, 11.15, 14.13, 0.000, 0.000, 0.000, 10:43:26.932
118, 8.35, 0.00, 13.93, 16.88, 0.000, 0.000, 0.000, 10:43:26.932
119, 11.16, 0.00, 17.29, 16.77, 0.000, 0.000, 0.000, 10:43:26.933
120, 10.97, 0.00, 13.32, 17.60, 0.000, 0.000, 0.000, 10:43:26.933
121, 13.78, 0.00, 9.67, 11.29, 0.000, 0.000, 0.000, 10:43:26.948
122, 12.90, 0.00, 11.17, 13.53, 0.000, 0.000, 0.000, 10:43:26.949
123, 16.96, 0.00, 13.06, 15.36, 0.000, 0.000, 0.000, 10:43:26.963
124, 14.08, 0.00, 14.58, 16.58, 0.000, 0.000, 0.000, 10:43:26.964
125, 7.13, 0.00, 3.31, 14.13, 0.000, 0.000, 0.000, 10:43:26.967
126, 10.74, 0.00, 13.73, 17.09, 0.000, 0.000, 0.000, 10:43:26.968
127, 13.37, 0.00, 14.81, 18.65, 0.000, 0.000, 0.000, 10:43:26.978
128, 10.31, 0.00, 9.73, 13.59, 0.000, 0.000, 0.000, 10:43:26.979
129, 7.83, 0.00, 6.94, 10.73, 0.000, 0.000, 0.000, 10:43:26.992
130, 11.85, 0.00, 13.01, 14.70, 0.000, 0.000, 0.000, 10:43:26.992
131, 14.40, 0.00, 17.48, 18.33, 0.000, 0.000, 0.000, 10:43:26.993
132, 14.02, 0.00, 12.11, 12.98, 0.000, 0.000, 0.000, 10:43:26.993
133, 8.15, 0.00, 7.93, 13.25, 0.000, 0.000, 0.000, 10:43:27.007
134, 12.43, 0.00, 10.91, 15.51, 0.000, 0.000, 0.000, 10:43:27.008
135, 14.01, 0.00, 17.18, 24.06, 0.000, 0.000, 0.000, 10:43:27.023
136, 11.57, 0.00, 11.92, 17.63, 0.000, 0.000, 0.000, 10:43:27.023
137, 7.20, 0.00, 15.18, 9.71, 0.000, 0.000, 0.000, 10:43:27.024
138, 9.03, 0.00, 9.88, 17.90, 0.000, 0.000, 0.000, 10:43:27.024
139, 17.92, 0.00, 17.18, 19.44, 0.000, 0.000, 0.000, 10:43:27.046
140, 9.76, 0.00, 15.55, 15.67, 0.000, 0.000, 0.000, 10:43:27.047
141, 6.00, 0.00, 7.81, 10.56, 0.000, 0.000, 0.000, 10:43:27.053
142, 10.13, 0.00, 7.21, 13.15, 0.000, 0.000, 0.000, 10:43:27.054
143, 17.83, 0.00, 14.15, 19.77, 0.000, 0.000, 0.000, 10:43:27.055
144, 14.98, 0.00, 12.45, 17.18, 0.000, 0.000, 0.000, 10:43:27.055
145, 13.21, 0.00, 10.26, 12.60, 0.000, 0.000, 0.000, 10:43:27.067
146, 7.60, 0.00, 10.10, 11.86, 0.000, 0.000, 0.000, 10:43:27.068
147, 15.51, 0.00, 17.15, 19.51, 0.000, 0.000, 0.000, 10:43:27.082
148, 14.53, 0.00, 11.38, 16.47, 0.000, 0.000, 0.000, 10:43:27.083
149, 9.97, 0.00, 7.90, 14.21, 0.000, 0.000, 0.000, 10:43:27.083
150, 10.58, 0.00, 12.76, 15.39, 0.000, 0.000, 0.000, 10:43:27.084
151, 13.22, 0.00, 9.71, 21.95, 0.000, 0.000, 0.000, 10:43:27.101
152, 9.77, 0.00, 14.56, 20.68, 0.000, 0.000, 0.000, 10:43:27.102
153, 8.62, 0.00, 13.74, 17.04, 0.000, 0.000, 0.000, 10:43:27.113
154, 16.14, 0.00, 12.36, 18.82, 0.000, 0.000, 0.000, 10:43:27.114
155, 9.84, 0.00, 14.54, 14.71, 0.000, 0.000, 0.000, 10:43:27.114
156, 9.79, 0.00, 17.14, 20.24, 0.000, 0.000, 0.000, 10:43:27.114
157, 3.95, 0.00, 15.51, 14.49, 0.000, 0.000, 0.000, 10:43:27.128
158, 10.76, 0.00, 8.71, 12.70, 0.000, 0.000, 0.000, 10:43:27.129
159, 13.39, 0.00, 13.10, 18.23, 0.000, 0.000, 0.000, 10:43:27.142
160, 12.38, 0.00, 10.28, 16.85, 0.000, 0.000, 0.000, 10:43:27.143
161, 9.36, 0.00, 14.90, 18.53, 0.000, 0.000, 0.000, 10:43:27.145
162, 10.11, 0.00, 14.78, 17.85, 0.000, 0.000, 0.000, 10:43:27.145
163, 15.75, 0.00, 15.33, 18.60, 0.000, 0.000, 0.000, 10:43:27.165
164, 10.82, 0.00, 11.90, 15.31, 0.000, 0.000, 0.000, 10:43:27.166
165, 6.16, 0.00, 5.04, 9.90, 0.000, 0.000, 0.000, 10:43:27.173
166, 12.80, 0.00, 15.52, 15.48, 0.000, 0.000, 0.000, 10:43:27.173
167, 10.57, 0.00, 11.74, 15.46, 0.000, 0.000, 0.000, 10:43:27.174
168, 11.80, 0.00, 14.91, 15.03, 0.000, 0.000, 0.000, 10:43:27.174
169, 11.78, 0.00, 7.01, 16.97, 0.000, 0.000, 0.000, 10:43:27.188
170, 8.27, 0.00, 11.74, 13.66, 0.000, 0.000, 0.000, 10:43:27.189
171, 11.56, 0.00, 16.50, 19.64, 0.000, 0.000, 0.000, 10:43:27.203
172, 13.38, 0.00, 9.99, 18.58, 0.000, 0.000, 0.000, 10:43:27.204
173, 5.66, 0.00, 9.77, 13.38, 0.000, 0.000, 0.000, 10:43:27.207
174, 10.12, 0.00, 10.61, 14.44, 0.000, 0.000, 0.000, 10:43:27.207
175, 14.81, 0.00, 21.81, 16.06, 0.000, 0.000, 0.000, 10:43:27.217
176, 12.98, 0.00, 16.87, 16.26, 0.000, 0.000, 0.000, 10:43:27.218
177, 10.36, 0.00, 9.67, 10.83, 0.000, 0.000, 0.000, 10:43:27.232
178, 9.59, 0.00, 9.50, 9.79, 0.000, 0.000, 0.000, 10:43:27.233
179, 9.64, 0.00, 8.42, 17.67, 0.000, 0.000, 0.000, 10:43:27.233
180, 13.92, 0.00, 16.32, 16.59, 0.000, 0.000, 0.000, 10:43:27.233
181, 12.68, 0.00, 11.80, 16.23, 0.000, 0.000, 0.000, 10:43:27.249
182, 8.06, 0.00, 7.91, 19.91, 0.000, 0.000, 0.000, 10:43:27.249
183, 13.37, 0.00, 18.98, 14.59, 0.000, 0.000, 0.000, 10:43:27.263
184, 13.48, 0.00, 15.26, 20.08, 0.000, 0.000, 0.000, 10:43:27.263
185, 10.55, 0.00, 12.89, 16.00, 0.000, 0.000, 0.000, 10:43:27.263
186, 11.25, 0.00, 12.69, 13.39, 0.000, 0.000, 0.000, 10:43:27.264
187, 13.47, 0.00, 15.33, 21.17, 0.000, 0.000, 0.000, 10:43:27.279
188, 13.40, 0.00, 13.98, 17.64, 0.000, 0.000, 0.000, 10:43:27.279
189, 8.92, 0.00, 13.01, 16.27, 0.000, 0.000, 0.000, 10:43:27.293
190, 8.78, 0.00, 7.58, 16.25, 0.000, 0.000, 0.000, 10:43:27.293
191, 12.28, 0.00, 13.49, 14.09, 0.000, 0.000, 0.000, 10:43:27.295
192, 12.27, 0.00, 13.34, 14.44, 0.000, 0.000, 0.000, 10:43:27.296
193, 10.56, 0.00, 11.88, 14.57, 0.000, 0.000, 0.000, 10:43:27.309
194, 12.28, 0.00, 13.95, 16.70, 0.000, 0.000, 0.000, 10:43:27.311
195, 12.47, 0.00, 12.48, 18.92, 0.000, 0.000, 0.000, 10:43:27.323
196, 13.10, 0.00, 12.84, 16.98, 0.000, 0.000, 0.000, 10:43:27.324
197, 5.63, 0.00, 10.11, 9.61, 0.000, 0.000, 0.000, 10:43:27.324
198, 10.31, 0.00, 11.80, 12.26, 0.000, 0.000, 0.000, 10:43:27.325
199, 12.55, 0.00, 9.67, 16.91, 0.000, 0.000, 0.000, 10:43:27.339
200, 15.01, 0.00, 8.80, 15.08, 0.000, 0.000, 0.000, 10:43:27.339
0, 4.38, 0.00, 4.34, 14.62, 0.000, 0.000, 0.000, 10:43:27.340
1, 7.58, 0.00, 9.43, 15.94, 0.000, 0.000, 0.000, 10:43:27.355
2, 12.88, 0.00, 12.81, 20.66, 0.000, 0.000, 0.000, 10:43:27.356
3, 10.76, 0.00, 14.59, 15.41, 0.000, 0.000, 0.000, 10:43:27.367
4, 7.98, 0.00, 8.10, 14.18, 0.000, 0.000, 0.000, 10:43:27.367
5, 10.65, 0.00, 10.72, 14.61, 0.000, 0.000, 0.000, 10:43:27.368
6, 14.73, 0.00, 15.94, 20.34, 0.000, 0.000, 0.000, 10:43:27.368
7, 12.75, 0.00, 8.42, 18.38, 0.000, 0.000, 0.000, 10:43:27.382
8, 11.81, 0.00, 10.20, 15.00, 0.000, 0.000, 0.000, 10:43:27.382
9, 11.13, 0.00, 8.40, 10.44, 0.000, 0.000, 0.000, 10:43:27.397
10, 12.98, 0.00, 19.59, 15.41, 0.000, 0.000, 0.000, 10:43:27.398
11, 12.53, 0.00, 11.78, 19.56, 0.000, 0.000, 0.000, 10:43:27.398
12, 9.83, 0.00, 12.81, 15.10, 0.000, 0.000, 0.000, 10:43:27.398
13, 11.68, 0.00, 16.69, 12.52, 0.000, 0.000, 0.000, 10:43:27.412
14, 11.93, 0.00, 3.19, 16.42, 0.000, 0.000, 0.000, 10:43:27.412
15, 13.27, 0.00, 8.08, 17.97, 0.000, 0.000, 0.000, 10:43:27.428
16, 5.26, 0.00, 13.06, 9.93, 0.000, 0.000, 0.000, 10:43:27.428
17, 13.43, 0.00, 15.48, 13.07, 0.000, 0.000, 0.000, 10:43:27.443
18, 12.84, 0.00, 14.37, 16.95, 0.000, 0.000, 0.000, 10:43:27.445
19, 10.37, 0.00, 9.25, 18.66, 0.000, 0.000, 0.000, 10:43:27.446
20, 9.43, 0.00, 15.53, 16.45, 0.000, 0.000, 0.000, 10:43:27.447
21, 11.72, 0.00, 12.92, 16.44, 0.000, 0.000, 0.000, 10:43:27.458
22, 15.51, 0.00, 17.26, 21.73, 0.000, 0.000, 0.000, 10:43:27.459
23, 14.03, 0.00, 15.51, 17.37, 0.000, 0.000, 0.000, 10:43:27.459
24, 9.65, 0.00, 12.43, 13.97, 0.000, 0.000, 0.000, 10:43:27.460
25, 10.79, 0.00, 13.56, 16.46, 0.000, 0.000, 0.000, 10:43:27.473
26, 10.80, 0.00, 13.97, 19.97, 0.000, 0.000, 0.000, 10:43:27.474
27, 11.25, 0.00, 14.07, 16.76, 0.000, 0.000, 0.000, 10:43:27.489
28, 5.26, 0.00, 12.20, 10.87, 0.000, 0.000, 0.000, 10:43:27.490
29, 13.92, 0.00, 10.51, 18.15, 0.000, 0.000, 0.000, 10:43:27.490
30, 8.36, 0.00, 10.26, 20.94, 0.000, 0.000, 0.000, 10:43:27.491
31, 12.58, 0.00, 15.74, 14.06, 0.000, 0.000, 0.000, 10:43:27.506
32, 4.88, 0.00, 15.42, 11.00, 0.000, 0.000, 0.000, 10:43:27.506
33, 11.32, 0.00, 11.40, 10.79, 0.000, 0.000, 0.000, 10:43:27.518
34, 16.97, 0.00, 18.10, 19.24, 0.000, 0.000, 0.000, 10:43:27.518
35, 13.19, 0.00, 12.00, 15.67, 0.000, 0.000, 0.000, 10:43:27.521
36, 9.78, 0.00, 15.07, 15.37, 0.000, 0.000, 0.000, 10:43:27.521
37, 9.86, 0.00, 18.09, 15.65, 0.000, 0.000, 0.000, 10:43:27.532
38, 11.85, 0.00, 10.76, 19.23, 0.000, 0.000, 0.000, 10:43:27.532
39, 11.01, 0.00, 17.74, 13.90, 0.000, 0.000, 0.000, 10:43:27.548
40, 12.83, 0.00, 17.44, 11.90, 0.000, 0.000, 0.000, 10:43:27.548
41, 12.12, 0.00, 12.89, 15.88, 0.000, 0.000, 0.000, 10:43:27.549
42, 15.77, 0.00, 13.37, 20.12, 0.000, 0.000, 0.000, 10:43:27.549
43, 10.90, 0.00, 11.01, 18.16, 0.000, 0.000, 0.000, 10:43:27.563
44, 8.11, 0.00, 4.46, 8.25, 0.000, 0.000, 0.000, 10:43:27.563
45, 10.05, 0.00, 0.68, 13.02, 0.000, 0.000, 0.000, 10:43:27.577
46, 13.10, 0.00, 17.98, 15.07, 0.000, 0.000, 0.000, 10:43:27.577
47, 11.27, 0.00, 15.63, 14.42, 0.000, 0.000, 0.000, 10:43:27.578
48, 12.25, 0.00, 8.11, 16.82, 0.000, 0.000, 0.000, 10:43:27.579
49, 12.41, 0.00, 8.52, 13.41, 0.000, 0.000, 0.000, 10:43:27.592
50, 14.14, 0.00, 12.27, 20.00, 0.000, 0.000, 0.000, 10:43:27.592
51, 10.76, 0.00, 21.21, 19.71, 0.000, 0.000, 0.000, 10:43:27.607
52, 9.07, 0.00, 10.94, 11.77, 0.000, 0.000, 0.000, 10:43:27.607
53, 13.51, 0.00, 10.10, 12.34, 0.000, 0.000, 0.000, 10:43:27.607
54, 14.17, 0.00, 14.60, 18.98, 0.000, 0.000, 0.000, 10:43:27.607
55, 12.81, 0.00, 9.17, 14.69, 0.000, 0.000, 0.000, 10:43:27.623
56, 8.45, 0.00, 1.82, 14.82, 0.000, 0.000, 0.000, 10:43:27.623
57, 8.22, 0.00, 14.75, 15.90, 0.000, 0.000, 0.000, 10:43:27.637
58, 13.44, 0.00, 14.17, 19.89, 0.000, 0.000, 0.000, 10:43:27.638
59, 7.60, 0.00, 11.98, 15.76, 0.000, 0.000, 0.000, 10:43:27.645
60, 10.13, 0.00, 10.33, 12.51, 0.000, 0.000, 0.000, 10:43:27.645
61, 11.90, 0.00, 13.83, 12.66, 0.000, 0.000, 0.000, 10:43:27.652
62, 14.28, 0.00, 15.81, 16.60, 0.000, 0.000, 0.000, 10:43:27.652
63, 11.91, 0.00, 9.36, 15.93, 0.000, 0.000, 0.000, 10:43:27.667
64, 10.46, 0.00, 8.82, 13.69, 0.000, 0.000, 0.000, 10:43:27.668
65, 13.01, 0.00, 16.04, 15.60, 0.000, 0.000, 0.000, 10:43:27.668
66, 10.37, 0.00, 14.42, 15.66, 0.000, 0.000, 0.000, 10:43:27.668
67, 8.38, 0.00, 10.58, 18.47, 0.000, 0.000, 0.000, 10:43:27.683
68, 7.26, 0.00, 9.72, 11.87, 0.000, 0.000, 0.000, 10:43:27.683
69, 9.05, 0.00, 8.61, 11.58, 0.000, 0.000, 0.000, 10:43:27.701
70, 12.49, 0.00, 10.25, 18.47, 0.000, 0.000, 0.000, 10:43:27.701
71, 8.18, 0.00, 12.08, 12.57, 0.000, 0.000, 0.000, 10:43:27.702
72, 9.75, 0.00, 13.19, 14.08, 0.000, 0.000, 0.000, 10:43:27.704
73, 11.03, 0.00, 11.97, 12.93, 0.000, 0.000, 0.000, 10:43:27.714
74, 12.07, 0.00, 16.02, 20.03, 0.000, 0.000, 0.000, 10:43:27.715
75, 12.94, 0.00, 18.00, 18.19, 0.000, 0.000, 0.000, 10:43:27.728
76, 8.97, 0.00, 13.30, 13.60, 0.000, 0.000, 0.000, 10:43:27.728
77, 8.98, 0.00, 16.55, 11.97, 0.000, 0.000, 0.000, 10:43:27.730
78, 11.11, 0.00, 20.79, 17.01, 0.000, 0.000, 0.000, 10:43:27.731
79, 14.08, 0.00, 11.15, 15.66, 0.000, 0.000, 0.000, 10:43:27.743
80, 8.10, 0.00, 5.73, 17.89, 0.000, 0.000, 0.000, 10:43:27.743
81, 10.29, 0.00, 14.98, 22.04, 0.000, 0.000, 0.000, 10:43:27.758
82, 12.57, 0.00, 19.62, 22.19, 0.000, 0.000, 0.000, 10:43:27.758
83, 12.10, 0.00, 15.64, 17.69, 0.000, 0.000, 0.000, 10:43:27.759
84, 9.44, 0.00, 14.38, 14.86, 0.000, 0.000, 0.000, 10:43:27.759
85, 10.05, 0.00, -1.14, 16.83, 0.000, 0.000, 0.000, 10:43:27.773
86, 15.14, 0.00, 6.98, 21.96, 0.000, 0.000, 0.000, 10:43:27.773
87, 8.07, 0.00, 11.68, 18.07, 0.000, 0.000, 0.000, 10:43:27.789
88, 8.44, 0.00, 11.62, 11.82, 0.000, 0.000, 0.000, 10:43:27.790
89, 11.46, 0.00, 1.96, 16.81, 0.000, 0.000, 0.000, 10:43:27.790
90, 11.84, 0.00, 19.93, 19.84, 0.000, 0.000, 0.000, 10:43:27.791
91, 12.48, 0.00, 12.24, 16.09, 0.000, 0.000, 0.000, 10:43:27.803
92, 13.76, 0.00, 18.33, 13.20, 0.000, 0.000, 0.000, 10:43:27.803
93, 3.81, 0.00, 12.73, 8.85, 0.000, 0.000, 0.000, 10:43:27.818
94, 9.41, 0.00, 10.46, 18.10, 0.000, 0.000, 0.000, 10:43:27.818
95, 9.07, 0.00, 9.79, 15.60, 0.000, 0.000, 0.000, 10:43:27.819
96, 7.44, 0.00, 10.22, 16.65, 0.000, 0.000, 0.000, 10:43:27.819
97, 13.92, 0.00, 14.48, 15.46, 0.000, 0.000, 0.000, 10:43:27.833
98, 10.50, 0.00, 8.23, 16.67, 0.000, 0.000, 0.000, 10:43:27.833
99, 11.23, 0.00, 8.98, 12.29, 0.000, 0.000, 0.000, 10:43:27.848
100, 11.03, 0.00, 10.33, 12.78, 0.000, 0.000, 0.000, 10:43:27.849
101, 12.25, 0.00, 14.44, 15.42, 0.000, 0.000, 0.000, 10:43:27.851
102, 11.77, 0.00, 14.31, 14.97, 0.000, 0.000, 0.000, 10:43:27.851
103, 12.39, 0.00, 17.39, 17.47, 0.000, 0.000, 0.000, 10:43:27.862
104, 8.59, 0.00, 18.03, 17.34, 0.000, 0.000, 0.000, 10:43:27.862
105, 8.87, 0.00, 14.55, 18.43, 0.000, 0.000, 0.000, 10:43:27.877
106, 15.14, 0.00, 15.47, 19.12, 0.000, 0.000, 0.000, 10:43:27.877
107, 11.85, 0.00, 7.72, 12.51, 0.000, 0.000, 0.000, 10:43:27.877
108, 12.55, 0.00, 10.54, 16.58, 0.000, 0.000, 0.000, 10:43:27.877
109, 10.97, 0.00, 8.33, 17.51, 0.000, 0.000, 0.000, 10:43:27.893
110, 12.59, 0.00, 17.26, 22.85, 0.000, 0.000, 0.000, 10:43:27.893
111, 13.11, 0.00, 14.00, 16.57, 0.000, 0.000, 0.000, 10:43:27.908
112, 4.61, 0.00, 10.89, 12.73, 0.000, 0.000, 0.000, 10:43:27.908
113, 10.69, 0.00, 5.58, 15.41, 0.000, 0.000, 0.000, 10:43:27.909
114, 15.05, 0.00, 15.34, 16.63, 0.000, 0.000, 0.000, 10:43:27.910
115, 10.87, 0.00, 13.48, 17.25, 0.000, 0.000, 0.000, 10:43:27.923
116, 7.54, 0.00, 14.16, 18.01, 0.000, 0.000, 0.000, 10:43:27.924
117, 11.39, 0.00, 12.93, 18.65, 0.000, 0.000, 0.000, 10:43:27.939
118, 15.10, 0.00, 14.13, 17.40, 0.000, 0.000, 0.000, 10:43:27.940
119, 10.67, 0.00, 11.36, 21.59, 0.000, 0.000, 0.000, 10:43:27.940
120, 5.32, 0.00, 11.73, 9.16, 0.000, 0.000, 0.000, 10:43:27.941
121, 14.68, 0.00, 9.76, 14.17, 0.000, 0.000, 0.000, 10:43:27.959
122, 15.66, 0.00, 16.64, 18.24, 0.000, 0.000, 0.000, 10:43:27.959
123, 12.06, 0.00, 13.67, 18.59, 0.000, 0.000, 0.000, 10:43:27.967
124, 8.91, 0.00, 10.25, 15.13, 0.000, 0.000, 0.000, 10:43:27.967
125, 10.19, 0.00, 5.22, 11.12, 0.000, 0.000, 0.000, 10:43:27.968
126, 10.44, 0.00, 11.05, 17.90, 0.000, 0.000, 0.000, 10:43:27.969
127, 10.67, 0.00, 12.07, 13.53, 0.000, 0.000, 0.000, 10:43:27.984
128, 7.03, 0.00, 6.03, 10.69, 0.000, 0.000, 0.000, 10:43:27.984
129, 12.84, 0.00, 16.44, 20.52, 0.000, 0.000, 0.000, 10:43:27.998
130, 15.51, 0.00, 11.09, 17.03, 0.000, 0.000, 0.000, 10:43:27.998
131, 10.78, 0.00, 12.90, 17.40, 0.000, 0.000, 0.000, 10:43:27.999
132, 9.59, 0.00, 8.99, 13.25, 0.000, 0.000, 0.000, 10:43:28.000
133, 24.56, 0.00, 11.56, 17.18, 0.000, 0.000, 0.000, 10:43:28.012
134, 35.92, 0.00, 17.90, 19.08, 0.000, 0.000, 0.000, 10:43:28.012
135, 40.93, 0.00, 11.25, 17.64, 0.000, 0.000, 0.000, 10:43:28.027
136, 29.83, 0.00, 8.80, 8.01, 0.000, 0.000, 0.000, 10:43:28.027
137, 23.98, 0.00, 14.82, 17.97, 0.000, 0.000, 0.000, 10:43:28.027
138, 26.01, 0.00, 14.17, 19.43, 0.000, 0.000, 0.000, 10:43:28.028
139, 23.17, 0.00, 10.77, 16.20, 0.000, 0.000, 0.000, 10:43:28.042
140, 20.97, 0.00, 13.28, 18.44, 0.000, 0.000, 0.000, 10:43:28.042
141, 21.08, 0.00, 11.50, 17.65, 0.000, 0.000, 0.000, 10:43:28.057
142, 19.47, 0.00, 19.51, 17.15, 0.000, 0.000, 0.000, 10:43:28.057
143, 20.20, 0.00, 13.40, 17.00, 0.000, 0.000, 0.000, 10:43:28.058
144, 14.98, 0.00, 14.73, 15.21, 0.000, 0.000, 0.000, 10:43:28.058
145, 12.52, 0.00, 10.75, 14.89, 0.000, 0.000, 0.000, 10:43:28.072
146, 15.01, 0.00, 15.48, 17.67, 0.000, 0.000, 0.000, 10:43:28.072
147, 15.14, 0.00, 8.01, 14.07, 0.000, 0.000, 0.000, 10:43:28.087
148, 11.04, 0.00, 9.56, 11.59, 0.000, 0.000, 0.000, 10:43:28.087
149, 12.03, 0.00, 10.82, 12.21, 0.000, 0.000, 0.000, 10:43:28.087
150, 16.57, 0.00, 10.90, 18.94, 0.000, 0.000, 0.000, 10:43:28.088
151, 11.68, 0.00, 11.57, 16.09, 0.000, 0.000, 0.000, 10:43:28.102
152, 5.42, 0.00, 8.82, 15.73, 0.000, 0.000, 0.000, 10:43:28.102
153, 10.61, 0.00, 15.92, 14.93, 0.000, 0.000, 0.000, 10:43:28.117
154, 4.82, 0.00, 15.05, 19.19, 0.000, 0.000, 0.000, 10:43:28.117
155, 11.39, 0.00, 10.17, 15.17, 0.000, 0.000, 0.000, 10:43:28.117
156, 7.89, 0.00, 8.99, 12.64, 0.000, 0.000, 0.000, 10:43:28.117
157, -0.09, 0.00, 11.03, 15.13, 0.000, 0.000, 0.000, 10:43:28.132
158, 1.81, 0.00, 15.20, 22.91, 0.000, 0.000, 0.000, 10:43:28.133
159, -0.18, 0.00, 13.32, 14.48, 0.000, 0.000, 0.000, 10:43:28.148
160, 2.63, 0.00, 11.01, 11.72, 0.000, 0.000, 0.000, 10:43:28.149
161, 4.80, 0.00, 9.06, 13.48, 0.000, 0.000, 0.000, 10:43:28.149
162, 8.26, 0.00, 13.15, 17.07, 0.000, 0.000, 0.000, 10:43:28.149
163, 1.78, 0.00, 11.74, 16.91, 0.000, 0.000, 0.000, 10:43:28.163
164, 4.76, 0.00, 14.22, 14.36, 0.000, 0.000, 0.000, 10:43:28.163
165, 7.68, 0.00, 13.40, 14.35, 0.000, 0.000, 0.000, 10:43:28.178
166, 10.55, 0.00, 10.62, 15.79, 0.000, 0.000, 0.000, 10:43:28.179
167, 6.60, 0.00, 13.40, 13.27, 0.000, 0.000, 0.000, 10:43:28.179
168, 8.60, 0.00, 12.57, 14.46, 0.000, 0.000, 0.000, 10:43:28.180
169, 12.19, 0.00, 14.05, 12.54, 0.000, 0.000, 0.000, 10:43:28.194
170, 11.70, 0.00, 15.20, 16.42, 0.000, 0.000, 0.000, 10:43:28.194
171, 15.13, 0.00, 14.35, 13.84, 0.000, 0.000, 0.000, 10:43:28.208
172, 11.29, 0.00, 11.00, 10.69, 0.000, 0.000, 0.000, 10:43:28.208
173, 14.60, 0.00, 9.81, 13.54, 0.000, 0.000, 0.000, 10:43:28.209
174, 16.60, 0.00, 11.05, 18.86, 0.000, 0.000, 0.000, 10:43:28.209
175, 14.59, 0.00, 14.32, 18.98, 0.000, 0.000, 0.000, 10:43:28.223
176, 11.56, 0.00, 9.14, 15.25, 0.000, 0.000, 0.000, 10:43:28.223
177, 9.23, 0.00, 13.23, 18.16, 0.000, 0.000, 0.000, 10:43:28.239
178, 8.37, 0.00, 15.67, 16.09, 0.000, 0.000, 0.000, 10:43:28.239
179, 6.78, 0.00, 15.77, 15.71, 0.000, 0.000, 0.000, 10:43:28.240
180, 7.61, 0.00, 15.90, 13.17, 0.000, 0.000, 0.000, 10:43:28.240
181, 7.96, 0.00, 9.47, 18.77, 0.000, 0.000, 0.000, 10:43:28.253
182, 14.00, 0.00, 16.47, 19.89, 0.000, 0.000, 0.000, 10:43:28.254
183, 12.85, 0.00, 19.38, 17.68, 0.000, 0.000, 0.000, 10:43:28.268
184, 9.21, 0.00, 13.08, 14.31, 0.000, 0.000, 0.000, 10:43:28.269
185, 13.72, 0.00, 10.19, 15.93, 0.000, 0.000, 0.000, 10:43:28.274
186, 18.98, 0.00, 12.93, 19.84, 0.000, 0.000, 0.000, 10:43:28.274
187, 10.32, 0.00, 10.97, 16.73, 0.000, 0.000, 0.000, 10:43:28.284
188, 8.06, 0.00, 6.08, 10.85, 0.000, 0.000, 0.000, 10:43:28.284
189, 10.13, 0.00, 10.80, 14.20, 0.000, 0.000, 0.000, 10:43:28.298
190, 9.28, 0.00, 16.78, 16.45, 0.000, 0.000, 0.000, 10:43:28.299
191, 13.47, 0.00, 14.71, 17.84, 0.000, 0.000, 0.000, 10:43:28.301
192, 7.61, 0.00, 12.67, 12.61, 0.000, 0.000, 0.000, 10:43:28.301
193, 11.05, 0.00, 12.40, 18.19, 0.000, 0.000, 0.000, 10:43:28.313
194, 18.53, 0.00, 14.88, 14.57, 0.000, 0.000, 0.000, 10:43:28.315
195, 14.21, 0.00, 17.21, 14.26, 0.000, 0.000, 0.000, 10:43:28.334
196, 7.71, 0.00, 10.14, 12.43, 0.000, 0.000, 0.000, 10:43:28.334
197, 11.48, 0.00, 8.46, 15.41, 0.000, 0.000, 0.000, 10:43:28.340
198, 13.22, 0.00, 8.59, 19.66, 0.000, 0.000, 0.000, 10:43:28.340
199, 13.52, 0.00, 15.78, 18.82, 0.000, 0.000, 0.000, 10:43:28.358
200, 12.95, 0.00, 12.24, 15.17, 0.000, 0.000, 0.000, 10:43:28.358
0, 11.27, 0.00, 11.45, 14.97, 0.000, 0.000, 0.000, 10:43:28.359
1, 12.70, 0.00, 14.43, 16.11, 0.000, 0.000, 0.000, 10:43:28.359
2, 16.32, 0.00, 9.44, 20.50, 0.000, 0.000, 0.000, 10:43:28.360
3, 8.77, 0.00, 12.31, 17.30, 0.000, 0.000, 0.000, 10:43:28.372
4, 7.81, 0.00, 12.57, 19.97, 0.000, 0.000, 0.000, 10:43:28.372
5, 16.11, 0.00, 9.23, 17.41, 0.000, 0.000, 0.000, 10:43:28.372
6, 14.40, 0.00, 15.64, 15.54, 0.000, 0.000, 0.000, 10:43:28.372
7, 8.42, 0.00, 9.73, 10.95, 0.000, 0.000, 0.000, 10:43:28.388
8, 14.61, 0.00, 12.02, 16.24, 0.000, 0.000, 0.000, 10:43:28.388
9, 15.74, 0.00, 15.96, 17.18, 0.000, 0.000, 0.000, 10:43:28.402
10, 8.49, 0.00, 10.45, 16.44, 0.000, 0.000, 0.000, 10:43:28.402
11, 6.80, 0.00, 9.41, 15.40, 0.000, 0.000, 0.000, 10:43:28.402
12, 9.35, 0.00, 8.72, 15.03, 0.000, 0.000, 0.000, 10:43:28.403
13, 9.88, 0.00, 11.57, 16.01, 0.000, 0.000, 0.000, 10:43:28.417
14, 8.75, 0.00, 14.63, 16.59, 0.000, 0.000, 0.000, 10:43:28.417
15, 9.52, 0.00, 14.00, 13.62, 0.000, 0.000, 0.000, 10:43:28.432
16, 10.17, 0.00, 12.54, 19.78, 0.000, 0.000, 0.000, 10:43:28.432
17, 6.95, 0.00, 9.22, 16.35, 0.000, 0.000, 0.000, 10:43:28.432
18, 6.82, 0.00, 14.11, 16.46, 0.000, 0.000, 0.000, 10:43:28.432
19, 2.53, 0.00, 11.52, 14.63, 0.000, 0.000, 0.000, 10:43:28.447
20, 9.84, 0.00, 7.22, 16.22, 0.000, 0.000, 0.000, 10:43:28.447
21, 9.64, 0.00, 13.05, 19.77, 0.000, 0.000, 0.000, 10:43:28.464
22, 9.47, 0.00, 14.83, 17.46, 0.000, 0.000, 0.000, 10:43:28.465
23, 7.61, 0.00, 11.82, 15.13, 0.000, 0.000, 0.000, 10:43:28.465
24, 15.96, 0.00, 14.21, 21.70, 0.000, 0.000, 0.000, 10:43:28.466
25, 16.52, 0.00, 14.93, 17.77, 0.000, 0.000, 0.000, 10:43:28.479
26, 9.25, 0.00, 12.88, 11.56, 0.000, 0.000, 0.000, 10:43:28.479
27, 6.99, 0.00, 8.89, 11.82, 0.000, 0.000, 0.000, 10:43:28.495
28, 8.29, 0.00, 13.53, 11.96, 0.000, 0.000, 0.000, 10:43:28.495
29, 14.44, 0.00, 15.33, 18.81, 0.000, 0.000, 0.000, 10:43:28.496
30, 10.34, 0.00, 12.31, 16.83, 0.000, 0.000, 0.000, 10:43:28.496
31, 10.71, 0.00, 11.11, 15.38, 0.000, 0.000, 0.000, 10:43:28.508
32, 8.77, 0.00, 13.70, 13.38, 0.000, 0.000, 0.000, 10:43:28.508
33, 10.86, 0.00, 12.63, 20.96, 0.000, 0.000, 0.000, 10:43:28.526
34, 10.32, 0.00, 9.01, 16.36, 0.000, 0.000, 0.000, 10:43:28.527
35, 5.70, 0.00, 8.05, 14.38, 0.000, 0.000, 0.000, 10:43:28.529
36, 7.07, 0.00, 11.14, 16.54, 0.000, 0.000, 0.000, 10:43:28.529
37, 11.10, 0.00, 16.32, 18.14, 0.000, 0.000, 0.000, 10:43:28.539
38, 11.45, 0.00, 12.83, 14.37, 0.000, 0.000, 0.000, 10:43:28.540
39, 6.46, 0.00, 12.47, 15.78, 0.000, 0.000, 0.000, 10:43:28.556
40, 9.92, 0.00, 12.12, 11.72, 0.000, 0.000, 0.000, 10:43:28.556
41, 16.79, 0.00, 14.07, 17.50, 0.000, 0.000, 0.000, 10:43:28.560
42, 12.90, 0.00, 15.03, 12.72, 0.000, 0.000, 0.000, 10:43:28.561
43, 6.91, 0.00, 13.93, 13.53, 0.000, 0.000, 0.000, 10:43:28.567
44, 12.01, 0.00, 13.32, 15.64, 0.000, 0.000, 0.000, 10:43:28.567
45, 7.15, 0.00, 14.47, 21.04, 0.000, 0.000, 0.000, 10:43:28.582
46, 10.98, 0.00, 16.65, 16.30, 0.000, 0.000, 0.000, 10:43:28.582
47, 6.30, 0.00, 16.36, 16.80, 0.000, 0.000, 0.000, 10:43:28.582
48, 8.68, 0.00, 19.71, 13.63, 0.000, 0.000, 0.000, 10:43:28.583
49, 8.07, 0.00, 17.37, 17.33, 0.000, 0.000, 0.000, 10:43:28.597
50, 7.79, 0.00, 20.08, 17.60, 0.000, 0.000, 0.000, 10:43:28.597
51, 8.10, 0.00, 17.04, 11.14, 0.000, 0.000, 0.000, 10:43:28.612
52, 14.00, 0.00, 5.11, 14.55, 0.000, 0.000, 0.000, 10:43:28.612
53, 17.84, 0.00, 16.15, 17.42, 0.000, 0.000, 0.000, 10:43:28.612
54, 17.16, 0.00, 16.76, 15.53, 0.000, 0.000, 0.000, 10:43:28.613
55, 12.61, 0.00, 2.60, 12.37, 0.000, 0.000, 0.000, 10:43:28.628
56, 14.00, 0.00, 19.60, 18.34, 0.000, 0.000, 0.000, 10:43:28.629
57, 17.43, 0.00, 14.60, 16.77, 0.000, 0.000, 0.000, 10:43:28.642
58, 17.84, 0.00, 5.33, 15.44, 0.000, 0.000, 0.000, 10:43:28.642
59, 10.15, 0.00, 3.82, 13.50, 0.000, 0.000, 0.000, 10:43:28.642
60, 6.72, 0.00, 8.24, 18.56, 0.000, 0.000, 0.000, 10:43:28.643
61, 11.39, 0.00, 10.64, 23.10, 0.000, 0.000, 0.000, 10:43:28.657
62, 12.91, 0.00, 9.92, 18.97, 0.000, 0.000, 0.000, 10:43:28.657
63, 10.61, 0.00, 9.10, 12.04, 0.000, 0.000, 0.000, 10:43:28.672
64, 13.64, 0.00, 19.37, 18.81, 0.000, 0.000, 0.000, 10:43:28.672
65, 21.00, 0.00, 12.01, 19.06, 0.000, 0.000, 0.000, 10:43:28.672
66, 15.65, 0.00, 17.06, 16.24, 0.000, 0.000, 0.000, 10:43:28.672
67, 13.90, 0.00, 9.61, 14.95, 0.000, 0.000, 0.000, 10:43:28.687
68, 20.40, 0.00, 21.50, 17.97, 0.000, 0.000, 0.000, 10:43:28.688
69, 14.77, 0.00, 15.60, 20.11, 0.000, 0.000, 0.000, 10:43:28.702
70, 7.25, 0.00, 7.37, 13.16, 0.000, 0.000, 0.000, 10:43:28.702
71, 4.39, 0.00, 11.66, 7.63, 0.000, 0.000, 0.000, 10:43:28.704
72, 6.71, 0.00, 16.52, 20.26, 0.000, 0.000, 0.000, 10:43:28.704
73, 12.26, 0.00, 9.95, 18.02, 0.000, 0.000, 0.000, 10:43:28.723
74, 15.66, 0.00, 10.12, 14.48, 0.000, 0.000, 0.000, 10:43:28.724
75, 8.21, 0.00, 5.46, 8.70, 0.000, 0.000, 0.000, 10:43:28.732
76, 7.11, 0.00, 13.87, 10.36, 0.000, 0.000, 0.000, 10:43:28.732
77, 11.03, 0.00, 12.29, 18.50, 0.000, 0.000, 0.000, 10:43:28.732
78, 5.25, 0.00, 12.49, 15.20, 0.000, 0.000, 0.000, 10:43:28.733
79, 11.04, 0.00, 8.24, 12.37, 0.000, 0.000, 0.000, 10:43:28.747
80, 12.31, 0.00, 7.12, 16.11, 0.000, 0.000, 0.000, 10:43:28.747
81, 15.65, 0.00, 12.09, 20.17, 0.000, 0.000, 0.000, 10:43:28.763
82, 14.89, 0.00, 12.50, 13.27, 0.000, 0.000, 0.000, 10:43:28.763
83, 8.44, 0.00, 8.13, 16.96, 0.000, 0.000, 0.000, 10:43:28.763
84, 14.15, 0.00, 11.52, 14.21, 0.000, 0.000, 0.000, 10:43:28.763
85, 13.11, 0.00, 17.06, 17.50, 0.000, 0.000, 0.000, 10:43:28.778
86, 12.60, 0.00, 9.27, 12.83, 0.000, 0.000, 0.000, 10:43:28.778
87, 12.26, 0.00, 4.92, 12.89, 0.000, 0.000, 0.000, 10:43:28.792
88, 10.48, 0.00, 10.54, 11.10, 0.000, 0.000, 0.000, 10:43:28.792
89, 16.64, 0.00, 18.42, 18.47, 0.000, 0.000, 0.000, 10:43:28.793
90, 13.96, 0.00, 15.74, 12.17, 0.000, 0.000, 0.000, 10:43:28.793
91, 13.99, 0.00, 12.86, 14.10, 0.000, 0.000, 0.000, 10:43:28.807
92, 13.74, 0.00, 14.09, 10.05, 0.000, 0.000, 0.000, 10:43:28.807
93, 11.42, 0.00, 12.53, 15.76, 0.000, 0.000, 0.000, 10:43:28.822
94, 12.98, 0.00, 13.98, 15.22, 0.000, 0.000, 0.000, 10:43:28.822
95, 10.15, 0.00, 10.85, 14.08, 0.000, 0.000, 0.000, 10:43:28.822
96, 8.81, 0.00, 14.00, 20.80, 0.000, 0.000, 0.000, 10:43:28.823
97, 10.30, 0.00, 15.07, 20.76, 0.000, 0.000, 0.000, 10:43:28.837
98, 10.02, 0.00, 14.32, 19.09, 0.000, 0.000, 0.000, 10:43:28.838
99, 8.45, 0.00, 13.41, 18.24, 0.000, 0.000, 0.000, 10:43:28.852
100, 6.51, 0.00, 11.52, 17.67, 0.000, 0.000, 0.000, 10:43:28.852
101, 6.91, 0.00, 7.42, 21.09, 0.000, 0.000, 0.000, 10:43:28.853
102, 6.01, 0.00, 14.63, 10.43, 0.000, 0.000, 0.000, 10:43:28.853
103, 4.77, 0.00, 12.15, 7.92, 0.000, 0.000, 0.000, 10:43:28.867
104, 4.30, 0.00, 11.00, 11.73, 0.000, 0.000, 0.000, 10:43:28.867
105, 6.69, 0.00, 16.09, 21.74, 0.000, 0.000, 0.000, 10:43:28.882
106, 7.76, 0.00, 13.19, 17.92, 0.000, 0.000, 0.000, 10:43:28.882
107, 6.79, 0.00, 9.39, 14.93, 0.000, 0.000, 0.000, 10:43:28.882
108, 9.55, 0.00, 14.68, 16.47, 0.000, 0.000, 0.000, 10:43:28.882
109, 9.62, 0.00, 16.25, 19.14, 0.000, 0.000, 0.000, 10:43:28.898
110, 8.00, 0.00, 12.53, 14.36, 0.000, 0.000, 0.000, 10:43:28.899
111, 5.66, 0.00, 8.16, 9.83, 0.000, 0.000, 0.000, 10:43:28.912
112, 9.91, 0.00, 4.40, 15.94, 0.000, 0.000, 0.000, 10:43:28.912
113, 11.17, 0.00, 11.35, 18.62, 0.000, 0.000, 0.000, 10:43:28.913
114, 6.99, 0.00, 9.33, 18.26, 0.000, 0.000, 0.000, 10:43:28.913
115, 7.61, 0.00, 8.69, 13.00, 0.000, 0.000, 0.000, 10:43:28.927
116, 10.43, 0.00, 9.93, 12.52, 0.000, 0.000, 0.000, 10:43:28.927
117, 16.35, 0.00, 17.76, 19.32, 0.000, 0.000, 0.000, 10:43:28.942
118, 13.42, 0.00, 10.80, 20.54, 0.000, 0.000, 0.000, 10:43:28.942
119, 13.31, 0.00, 11.51, 12.86, 0.000, 0.000, 0.000, 10:43:28.943
120, 13.72, 0.00, 12.56, 13.81, 0.000, 0.000, 0.000, 10:43:28.943
121, 11.91, 0.00, 14.48, 17.21, 0.000, 0.000, 0.000, 10:43:28.957
122, 10.91, 0.00, 18.51, 19.01, 0.000, 0.000, 0.000, 10:43:28.957
123, 7.77, 0.00, 14.08, 15.73, 0.000, 0.000, 0.000, 10:43:28.973
124, 12.16, 0.00, 12.71, 13.78, 0.000, 0.000, 0.000, 10:43:28.973
125, 14.38, 0.00, 14.84, 19.08, 0.000, 0.000, 0.000, 10:43:28.973
126, 10.58, 0.00, 15.37, 11.79, 0.000, 0.000, 0.000, 10:43:28.973
127, 9.80, 0.00, 14.57, 16.46, 0.000, 0.000, 0.000, 10:43:28.987
128, 7.53, 0.00, 11.29, 12.89, 0.000, 0.000, 0.000, 10:43:28.987
129, 10.10, 0.00, 14.82, 19.89, 0.000, 0.000, 0.000, 10:43:29.002
130, 10.92, 0.00, 9.93, 18.89, 0.000, 0.000, 0.000, 10:43:29.002
131, 9.38, 0.00, 11.49, 14.42, 0.000, 0.000, 0.000, 10:43:29.003
132, 10.57, 0.00, 12.66, 13.91, 0.000, 0.000, 0.000, 10:43:29.003
133, 19.27, 0.00, 15.04, 20.03, 0.000, 0.000, 0.000, 10:43:29.017
134, 11.56, 0.00, 9.70, 16.71, 0.000, 0.000, 0.000, 10:43:29.017
135, 11.69, 0.00, 11.58, 17.05, 0.000, 0.000, 0.000, 10:43:29.032
136, 14.10, 0.00, 14.63, 16.97, 0.000, 0.000, 0.000, 10:43:29.032
137, 11.56, 0.00, 13.09, 20.52, 0.000, 0.000, 0.000, 10:43:29.033
138, 12.71, 0.00, 12.99, 19.68, 0.000, 0.000, 0.000, 10:43:29.033
139, 12.34, 0.00, 10.14, 13.63, 0.000, 0.000, 0.000, 10:43:29.048
140, 12.67, 0.00, 12.62, 15.81, 0.000, 0.000, 0.000, 10:43:29.048
141, 12.78, 0.00, 14.49, 19.91, 0.000, 0.000, 0.000, 10:43:29.064
142, 13.40, 0.00, 10.50, 17.11, 0.000, 0.000, 0.000, 10:43:29.064
143, 5.41, 0.00, 9.51, 9.31, 0.000, 0.000, 0.000, 10:43:29.070
144, 12.37, 0.00, 14.80, 20.42, 0.000, 0.000, 0.000, 10:43:29.071
145, 16.00, 0.00, 17.56, 22.33, 0.000, 0.000, 0.000, 10:43:29.077
146, 7.40, 0.00, 10.74, 18.88, 0.000, 0.000, 0.000, 10:43:29.077
147, 9.45, 0.00, 11.95, 12.45, 0.000, 0.000, 0.000, 10:43:29.092
148, 12.04, 0.00, 16.39, 13.94, 0.000, 0.000, 0.000, 10:43:29.092
149, 11.98, 0.00, 13.95, 16.22, 0.000, 0.000, 0.000, 10:43:29.092
150, 7.43, 0.00, 14.34, 20.81, 0.000, 0.000, 0.000, 10:43:29.092
151, 7.35, 0.00, 10.41, 12.32, 0.000, 0.000, 0.000, 10:43:29.107
152, 9.32, 0.00, 12.07, 18.07, 0.000, 0.000, 0.000, 10:43:29.107
153, 11.04, 0.00, 13.51, 17.39, 0.000, 0.000, 0.000, 10:43:29.122
154, 10.82, 0.00, 13.51, 15.74, 0.000, 0.000, 0.000, 10:43:29.123
155, 10.40, 0.00, 8.11, 7.89, 0.000, 0.000, 0.000, 10:43:29.123
156, 12.43, 0.00, 10.66, 15.14, 0.000, 0.000, 0.000, 10:43:29.123
157, 10.65, 0.00, 15.64, 17.82, 0.000, 0.000, 0.000, 10:43:29.137
158, 12.61, 0.00, 11.49, 13.54, 0.000, 0.000, 0.000, 10:43:29.138
159, 6.70, 0.00, 6.68, 13.21, 0.000, 0.000, 0.000, 10:43:29.153
160, 12.18, 0.00, 8.30, 15.87, 0.000, 0.000, 0.000, 10:43:29.153
161, 14.47, 0.00, 14.43, 21.80, 0.000, 0.000, 0.000, 10:43:29.154
162, 10.58, 0.00, 11.58, 18.61, 0.000, 0.000, 0.000, 10:43:29.154
163, 12.14, 0.00, 14.74, 11.95, 0.000, 0.000, 0.000, 10:43:29.168
164, 11.63, 0.00, 15.62, 17.85, 0.000, 0.000, 0.000, 10:43:29.168
165, 19.29, 0.00, 13.58, 16.18, 0.000, 0.000, 0.000, 10:43:29.183
166, 15.14, 0.00, 12.75, 17.89, 0.000, 0.000, 0.000, 10:43:29.183
167, 12.28, 0.00, 9.64, 12.08, 0.000, 0.000, 0.000, 10:43:29.184
168, 16.82, 0.00, 11.97, 13.97, 0.000, 0.000, 0.000, 10:43:29.184
169, 17.96, 0.00, 18.37, 21.24, 0.000, 0.000, 0.000, 10:43:29.208
170, 18.12, 0.00, 12.68, 17.30, 0.000, 0.000, 0.000, 10:43:29.209
171, 9.39, 0.00, 5.16, 12.09, 0.000, 0.000, 0.000, 10:43:29.213
172, 15.57, 0.00, 8.59, 15.56, 0.000, 0.000, 0.000, 10:43:29.213
173, 20.83, 0.00, 17.60, 16.12, 0.000, 0.000, 0.000, 10:43:29.214
174, 10.88, 0.00, 12.47, 13.19, 0.000, 0.000, 0.000, 10:43:29.214
175, 11.82, 0.00, 5.17, 14.98, 0.000, 0.000, 0.000, 10:43:29.228
176, 13.75, 0.00, 11.35, 13.68, 0.000, 0.000, 0.000, 10:43:29.229
177, 15.41, 0.00, 18.66, 15.93, 0.000, 0.000, 0.000, 10:43:29.248
178, 12.72, 0.00, 11.92, 12.57, 0.000, 0.000, 0.000, 10:43:29.249
179, 14.40, 0.00, 8.59, 12.15, 0.000, 0.000, 0.000, 10:43:29.249
180, 14.73, 0.00, 12.73, 16.61, 0.000, 0.000, 0.000, 10:43:29.250
181, 13.61, 0.00, 14.20, 22.18, 0.000, 0.000, 0.000, 10:43:29.258
182, 10.05, 0.00, 13.03, 11.28, 0.000, 0.000, 0.000, 10:43:29.258
183, 5.58, 0.00, 5.82, 12.41, 0.000, 0.000, 0.000, 10:43:29.273
184, 10.38, 0.00, 12.72, 18.37, 0.000, 0.000, 0.000, 10:43:29.273
185, 14.06, 0.00, 17.45, 23.54, 0.000, 0.000, 0.000, 10:43:29.274
186, 11.12, 0.00, 11.21, 18.73, 0.000, 0.000, 0.000, 10:43:29.275
187, 10.77, 0.00, 14.57, 13.96, 0.000, 0.000, 0.000, 10:43:29.289
188, 10.93, 0.00, 13.74, 13.12, 0.000, 0.000, 0.000, 10:43:29.289
189, 14.07, 0.00, 12.61, 20.04, 0.000, 0.000, 0.000, 10:43:29.303
190, 10.30, 0.00, 14.38, 16.44, 0.000, 0.000, 0.000, 10:43:29.303
191, 7.27, 0.00, 5.71, 12.53, 0.000, 0.000, 0.000, 10:43:29.304
192, 6.99, 0.00, 16.05, 18.26, 0.000, 0.000, 0.000, 10:43:29.305
193, 10.56, 0.00, 18.10, 17.55, 0.000, 0.000, 0.000, 10:43:29.318
194, 9.70, 0.00, 16.06, 19.31, 0.000, 0.000, 0.000, 10:43:29.318
195, 6.21, 0.00, 8.12, 13.00, 0.000, 0.000, 0.000, 10:43:29.333
196, 5.62, 0.00, 12.27, 13.57, 0.000, 0.000, 0.000, 10:43:29.333
197, 9.84, 0.00, 12.84, 17.87, 0.000, 0.000, 0.000, 10:43:29.334
198, 9.70, 0.00, 15.22, 13.55, 0.000, 0.000, 0.000, 10:43:29.334
199, 10.74, 0.00, 9.47, 15.65, 0.000, 0.000, 0.000, 10:43:29.348
200, 15.83, 0.00, 16.67, 17.15, 0.000, 0.000, 0.000, 10:43:29.348
0, 11.70, 0.00, 10.13, 17.85, 0.000, 0.000, 0.000, 10:43:29.349
1, 7.02, 0.00, 11.72, 14.08, 0.000, 0.000, 0.000, 10:43:29.363
2, 3.52, 0.00, 3.04, 8.38, 0.000, 0.000, 0.000, 10:43:29.363
3, 7.85, 0.00, 14.69, 15.61, 0.000, 0.000, 0.000, 10:43:29.378
4, 8.47, 0.00, 15.59, 19.67, 0.000, 0.000, 0.000, 10:43:29.378
5, 8.04, 0.00, 12.67, 17.76, 0.000, 0.000, 0.000, 10:43:29.379
6, 5.27, 0.00, 9.37, 12.05, 0.000, 0.000, 0.000, 10:43:29.379
7, 9.40, 0.00, 13.21, 20.59, 0.000, 0.000, 0.000, 10:43:29.393
8, 11.34, 0.00, 14.94, 19.97, 0.000, 0.000, 0.000, 10:43:29.394
9, 7.40, 0.00, 12.56, 12.53, 0.000, 0.000, 0.000, 10:43:29.408
10, 8.56, 0.00, 15.97, 17.71, 0.000, 0.000, 0.000, 10:43:29.409
11, 11.64, 0.00, 13.35, 17.51, 0.000, 0.000, 0.000, 10:43:29.411
12, 16.81, 0.00, 15.88, 16.43, 0.000, 0.000, 0.000, 10:43:29.411
13, 8.18, 0.00, 7.92, 13.08, 0.000, 0.000, 0.000, 10:43:29.423
14, 7.02, 0.00, 7.38, 13.54, 0.000, 0.000, 0.000, 10:43:29.423
15, 11.10, 0.00, 16.84, 15.87, 0.000, 0.000, 0.000, 10:43:29.439
16, 15.16, 0.00, 13.63, 18.56, 0.000, 0.000, 0.000, 10:43:29.440
17, 12.75, 0.00, 14.61, 16.01, 0.000, 0.000, 0.000, 10:43:29.440
18, 11.42, 0.00, 8.07, 12.81, 0.000, 0.000, 0.000, 10:43:29.441
19, 14.01, 0.00, 13.28, 17.70, 0.000, 0.000, 0.000, 10:43:29.453
20, 15.28, 0.00, 16.36, 15.79, 0.000, 0.000, 0.000, 10:43:29.454
21, 16.41, 0.00, 10.49, 17.26, 0.000, 0.000, 0.000, 10:43:29.468
22, 13.74, 0.00, 10.21, 16.00, 0.000, 0.000, 0.000, 10:43:29.469
23, 16.15, 0.00, 14.09, 15.27, 0.000, 0.000, 0.000, 10:43:29.470
24, 16.90, 0.00, 14.79, 18.70, 0.000, 0.000, 0.000, 10:43:29.470
25, 12.33, 0.00, 15.63, 16.49, 0.000, 0.000, 0.000, 10:43:29.483
26, 9.63, 0.00, 12.30, 11.60, 0.000, 0.000, 0.000, 10:43:29.483
27, 12.70, 0.00, 14.49, 15.65, 0.000, 0.000, 0.000, 10:43:29.498
28, 12.29, 0.00, 17.25, 17.43, 0.000, 0.000, 0.000, 10:43:29.498
29, 12.62, 0.00, 8.81, 16.75, 0.000, 0.000, 0.000, 10:43:29.499
30, 8.38, 0.00, 13.07, 13.60, 0.000, 0.000, 0.000, 10:43:29.499
31, 13.65, 0.00, 15.53, 13.76, 0.000, 0.000, 0.000, 10:43:29.513
32, 14.24, 0.00, 12.14, 21.12, 0.000, 0.000, 0.000, 10:43:29.513
33, 8.40, 0.00, 12.22, 13.63, 0.000, 0.000, 0.000, 10:43:29.528
34, 8.51, 0.00, 9.83, 17.91, 0.000, 0.000, 0.000, 10:43:29.528
35, 9.75, 0.00, 11.50, 15.96, 0.000, 0.000, 0.000, 10:43:29.529
36, 11.47, 0.00, 14.86, 18.08, 0.000, 0.000, 0.000, 10:43:29.529
37, 4.84, 0.00, 12.22, 16.17, 0.000, 0.000, 0.000, 10:43:29.549
38, 5.56, 0.00, 11.27, 12.11, 0.000, 0.000, 0.000, 10:43:29.550
39, 12.17, 0.00, 12.75, 17.31, 0.000, 0.000, 0.000, 10:43:29.558
40, 10.83, 0.00, 15.39, 22.21, 0.000, 0.000, 0.000, 10:43:29.559
41, 7.82, 0.00, 10.21, 10.90, 0.000, 0.000, 0.000, 10:43:29.561
42, 7.05, 0.00, 10.99, 16.24, 0.000, 0.000, 0.000, 10:43:29.561
43, 11.24, 0.00, 11.02, 15.03, 0.000, 0.000, 0.000, 10:43:29.573
44, 12.33, 0.00, 15.85, 21.85, 0.000, 0.000, 0.000, 10:43:29.573
45, 5.32, 0.00, 10.63, 14.85, 0.000, 0.000, 0.000, 10:43:29.589
46, 7.87, 0.00, 11.02, 15.65, 0.000, 0.000, 0.000, 10:43:29.589
47, 14.25, 0.00, 13.89, 14.23, 0.000, 0.000, 0.000, 10:43:29.590
48, 6.19, 0.00, 13.10, 18.36, 0.000, 0.000, 0.000, 10:43:29.590
49, 11.17, 0.00, 11.09, 16.30, 0.000, 0.000, 0.000, 10:43:29.603
50, 10.85, 0.00, 15.45, 13.66, 0.000, 0.000, 0.000, 10:43:29.603
51, 10.58, 0.00, 12.97, 11.23, 0.000, 0.000, 0.000, 10:43:29.618
52, 12.69, 0.00, 17.23, 18.32, 0.000, 0.000, 0.000, 10:43:29.619
53, 12.37, 0.00, 11.11, 14.01, 0.000, 0.000, 0.000, 10:43:29.619
54, 5.64, 0.00, 10.82, 15.07, 0.000, 0.000, 0.000, 10:43:29.619
55, 10.15, 0.00, 11.79, 19.13, 0.000, 0.000, 0.000, 10:43:29.633
56, 13.95, 0.00, 16.47, 21.10, 0.000, 0.000, 0.000, 10:43:29.633
57, 9.41, 0.00, 10.75, 20.12, 0.000, 0.000, 0.000, 10:43:29.648
58, 5.90, 0.00, 11.74, 11.55, 0.000, 0.000, 0.000, 10:43:29.648
59, 14.26, 0.00, 13.64, 15.72, 0.000, 0.000, 0.000, 10:43:29.649
60, 11.06, 0.00, 14.37, 17.47, 0.000, 0.000, 0.000, 10:43:29.650
61, 12.25, 0.00, 10.25, 15.91, 0.000, 0.000, 0.000, 10:43:29.663
62, 13.38, 0.00, 7.15, 14.08, 0.000, 0.000, 0.000, 10:43:29.663
63, 15.32, 0.00, 10.27, 18.12, 0.000, 0.000, 0.000, 10:43:29.678
64, 10.44, 0.00, 16.08, 13.77, 0.000, 0.000, 0.000, 10:43:29.678
65, 11.53, 0.00, 9.16, 18.02, 0.000, 0.000, 0.000, 10:43:29.679
66, 13.54, 0.00, 5.81, 14.36, 0.000, 0.000, 0.000, 10:43:29.679
67, 15.98, 0.00, 15.30, 18.92, 0.000, 0.000, 0.000, 10:43:29.694
68, 14.02, 0.00, 17.42, 18.08, 0.000, 0.000, 0.000, 10:43:29.695
69, 5.37, 0.00, 9.35, 13.35, 0.000, 0.000, 0.000, 10:43:29.708
70, 6.69, 0.00, 12.87, 14.37, 0.000, 0.000, 0.000, 10:43:29.708
71, 8.16, 0.00, 11.72, 10.50, 0.000, 0.000, 0.000, 10:43:29.710
72, 13.10, 0.00, 13.35, 16.41, 0.000, 0.000, 0.000, 10:43:29.711
73, 14.79, 0.00, 16.12, 16.45, 0.000, 0.000, 0.000, 10:43:29.733
74, 9.19, 0.00, 9.01, 10.76, 0.000, 0.000, 0.000, 10:43:29.735
75, 11.06, 0.00, 19.69, 18.12, 0.000, 0.000, 0.000, 10:43:29.739
76, 12.02, 0.00, 10.92, 18.65, 0.000, 0.000, 0.000, 10:43:29.740
77, 10.64, 0.00, 12.96, 15.23, 0.000, 0.000, 0.000, 10:43:29.741
78, 8.25, 0.00, 11.04, 12.34, 0.000, 0.000, 0.000, 10:43:29.741
79, 14.47, 0.00, 14.26, 13.27, 0.000, 0.000, 0.000, 10:43:29.753
80, 14.33, 0.00, 16.59, 18.34, 0.000, 0.000, 0.000, 10:43:29.753
81, 17.87, 0.00, 11.59, 14.33, 0.000, 0.000, 0.000, 10:43:29.774
82, 12.88, 0.00, 8.92, 14.51, 0.000, 0.000, 0.000, 10:43:29.774
83, 14.24, 0.00, 16.55, 17.00, 0.000, 0.000, 0.000, 10:43:29.776
84, 14.61, 0.00, 17.95, 20.17, 0.000, 0.000, 0.000, 10:43:29.777
85, 9.11, 0.00, 10.98, 16.88, 0.000, 0.000, 0.000, 10:43:29.783
86, 13.37, 0.00, 17.15, 14.28, 0.000, 0.000, 0.000, 10:43:29.784
87, 8.19, 0.00, 8.61, 15.30, 0.000, 0.000, 0.000, 10:43:29.799
88, 14.38, 0.00, 16.79, 22.60, 0.000, 0.000, 0.000, 10:43:29.800
89, 10.17, 0.00, 10.24, 14.10, 0.000, 0.000, 0.000, 10:43:29.801
90, 9.44, 0.00, 9.38, 14.10, 0.000, 0.000, 0.000, 10:43:29.801
91, 9.71, 0.00, 10.61, 15.32, 0.000, 0.000, 0.000, 10:43:29.813
92, 9.17, 0.00, 15.94, 19.37, 0.000, 0.000, 0.000, 10:43:29.814
93, 7.99, 0.00, 11.60, 19.51, 0.000, 0.000, 0.000, 10:43:29.829
94, 4.95, 0.00, 7.75, 11.75, 0.000, 0.000, 0.000, 10:43:29.829
95, 8.25, 0.00, 8.81, 15.69, 0.000, 0.000, 0.000, 10:43:29.830
96, 13.06, 0.00, 17.45, 18.22, 0.000, 0.000, 0.000, 10:43:29.831
97, 7.90, 0.00, 6.77, 13.86, 0.000, 0.000, 0.000, 10:43:29.844
98, 9.98, 0.00, 11.63, 10.49, 0.000, 0.000, 0.000, 10:43:29.844
99, 14.11, 0.00, 14.60, 15.97, 0.000, 0.000, 0.000, 10:43:29.858
100, 17.25, 0.00, 10.14, 17.47, 0.000, 0.000, 0.000, 10:43:29.859
101, 10.46, 0.00, 10.69, 15.35, 0.000, 0.000, 0.000, 10:43:29.859
102, 10.03, 0.00, 15.37, 17.19, 0.000, 0.000, 0.000, 10:43:29.860
103, 11.12, 0.00, 15.27, 17.01, 0.000, 0.000, 0.000, 10:43:29.874
104, 15.51, 0.00, 12.57, 21.12, 0.000, 0.000, 0.000, 10:43:29.875
105, 14.45, 0.00, 10.15, 14.22, 0.000, 0.000, 0.000, 10:43:29.889
106, 4.47, 0.00, 11.30, 7.54, 0.000, 0.000, 0.000, 10:43:29.890
107, 10.22, 0.00, 12.25, 20.21, 0.000, 0.000, 0.000, 10:43:29.891
108, 11.74, 0.00, 16.54, 20.17, 0.000, 0.000, 0.000, 10:43:29.892
109, 10.24, 0.00, 8.99, 13.68, 0.000, 0.000, 0.000, 10:43:29.903
110, 13.34, 0.00, 9.97, 11.72, 0.000, 0.000, 0.000, 10:43:29.903
111, 10.91, 0.00, 10.96, 15.16, 0.000, 0.000, 0.000, 10:43:29.918
112, 12.27, 0.00, 13.17, 16.32, 0.000, 0.000, 0.000, 10:43:29.919
113, 9.99, 0.00, 12.57, 19.66, 0.000, 0.000, 0.000, 10:43:29.920
114, 3.58, 0.00, 4.33, 12.50, 0.000, 0.000, 0.000, 10:43:29.921
115, 8.90, 0.00, 6.70, 19.27, 0.000, 0.000, 0.000, 10:43:29.932
116, 10.62, 0.00, 16.50, 16.93, 0.000, 0.000, 0.000, 10:43:29.933
117, 11.27, 0.00, 14.39, 14.48, 0.000, 0.000, 0.000, 10:43:29.950
118, 9.03, 0.00, 12.41, 13.10, 0.000, 0.000, 0.000, 10:43:29.950
119, 13.52, 0.00, 16.48, 19.06, 0.000, 0.000, 0.000, 10:43:29.952
120, 8.25, 0.00, 17.33, 19.48, 0.000, 0.000, 0.000, 10:43:29.953
121, 14.24, 0.00, 10.84, 13.55, 0.000, 0.000, 0.000, 10:43:29.964
122, 8.76, 0.00, 11.65, 10.92, 0.000, 0.000, 0.000, 10:43:29.964
123, 11.64, 0.00, 13.35, 17.72, 0.000, 0.000, 0.000, 10:43:29.989
124, 12.15, 0.00, 13.06, 18.99, 0.000, 0.000, 0.000, 10:43:29.990
125, 10.14, 0.00, 14.10, 16.03, 0.000, 0.000, 0.000, 10:43:29.991
126, 6.77, 0.00, 11.29, 15.03, 0.000, 0.000, 0.000, 10:43:29.992
127, 9.93, 0.00, 15.62, 18.98, 0.000, 0.000, 0.000, 10:43:29.994
128, 12.67, 0.00, 16.06, 22.02, 0.000, 0.000, 0.000, 10:43:29.994
129, 9.33, 0.00, 11.66, 14.95, 0.000, 0.000, 0.000, 10:43:30.007
130, 10.97, 0.00, 11.09, 15.18, 0.000, 0.000, 0.000, 10:43:30.007
131, 14.92, 0.00, 15.76, 16.80, 0.000, 0.000, 0.000, 10:43:30.008
132, 13.62, 0.00, 15.60, 16.78, 0.000, 0.000, 0.000, 10:43:30.008
133, 10.23, 0.00, 7.21, 15.67, 0.000, 0.000, 0.000, 10:43:30.022
134, 7.73, 0.00, 9.34, 18.23, 0.000, 0.000, 0.000, 10:43:30.023
135, 11.05, 0.00, 13.38, 15.53, 0.000, 0.000, 0.000, 10:43:30.038
136, 16.02, 0.00, 15.55, 21.92, 0.000, 0.000, 0.000, 10:43:30.038
137, 7.55, 0.00, 12.89, 16.22, 0.000, 0.000, 0.000, 10:43:30.039
138, 11.38, 0.00, 11.02, 12.38, 0.000, 0.000, 0.000, 10:43:30.039
139, 11.52, 0.00, 16.20, 12.01, 0.000, 0.000, 0.000, 10:43:30.053
140, 6.98, 0.00, 14.96, 10.58, 0.000, 0.000, 0.000, 10:43:30.053
141, 3.83, 0.00, 9.57, 16.35, 0.000, 0.000, 0.000, 10:43:30.068
142, 6.41, 0.00, 10.96, 13.96, 0.000, 0.000, 0.000, 10:43:30.068
143, 13.65, 0.00, 16.90, 20.15, 0.000, 0.000, 0.000, 10:43:30.069
144, 14.84, 0.00, 14.32, 18.47, 0.000, 0.000, 0.000, 10:43:30.070
145, 7.34, 0.00, 8.38, 16.53, 0.000, 0.000, 0.000, 10:43:30.083
146, 11.20, 0.00, 7.17, 15.69, 0.000, 0.000, 0.000, 10:43:30.084
147, 13.74, 0.00, 13.51, 18.37, 0.000, 0.000, 0.000, 10:43:30.098
148, 11.42, 0.00, 12.49, 16.46, 0.000, 0.000, 0.000, 10:43:30.098
149, 10.72, 0.00, 11.43, 11.90, 0.000, 0.000, 0.000, 10:43:30.099
150, 6.10, 0.00, 15.07, 15.19, 0.000, 0.000, 0.000, 10:43:30.099
151, 11.96, 0.00, 14.32, 13.58, 0.000, 0.000, 0.000, 10:43:30.113
152, 8.11, 0.00, 12.02, 19.03, 0.000, 0.000, 0.000, 10:43:30.113
153, 9.00, 0.00, 9.49, 12.62, 0.000, 0.000, 0.000, 10:43:30.133
154, 6.36, 0.00, 12.28, 11.00, 0.000, 0.000, 0.000, 10:43:30.134
155, 10.98, 0.00, 13.15, 17.35, 0.000, 0.000, 0.000, 10:43:30.135
156, 12.73, 0.00, 20.15, 19.02, 0.000, 0.000, 0.000, 10:43:30.136
157, 5.81, 0.00, 14.71, 14.93, 0.000, 0.000, 0.000, 10:43:30.142
158, 10.14, 0.00, 10.91, 17.61, 0.000, 0.000, 0.000, 10:43:30.144
159, 8.48, 0.00, 13.51, 18.16, 0.000, 0.000, 0.000, 10:43:30.160
160, 8.90, 0.00, 14.46, 18.27, 0.000, 0.000, 0.000, 10:43:30.160
161, 9.98, 0.00, 13.25, 17.75, 0.000, 0.000, 0.000, 10:43:30.160
162, 8.46, 0.00, 8.96, 17.53, 0.000, 0.000, 0.000, 10:43:30.161
163, 12.96, 0.00, 11.78, 15.26, 0.000, 0.000, 0.000, 10:43:30.172
164, 15.81, 0.00, 13.88, 18.82, 0.000, 0.000, 0.000, 10:43:30.173
165, 11.89, 0.00, 9.71, 13.79, 0.000, 0.000, 0.000, 10:43:30.188
166, 8.24, 0.00, 11.10, 14.16, 0.000, 0.000, 0.000, 10:43:30.189
167, 11.26, 0.00, 10.85, 16.07, 0.000, 0.000, 0.000, 10:43:30.189
168, 12.37, 0.00, 14.97, 19.86, 0.000, 0.000, 0.000, 10:43:30.189
169, 10.05, 0.00, 12.82, 16.31, 0.000, 0.000, 0.000, 10:43:30.204
170, 12.16, 0.00, 14.66, 18.84, 0.000, 0.000, 0.000, 10:43:30.205
171, 12.91, 0.00, 13.89, 21.74, 0.000, 0.000, 0.000, 10:43:30.217
172, 8.43, 0.00, 15.09, 15.06, 0.000, 0.000, 0.000, 10:43:30.217
173, 9.27, 0.00, 8.27, 14.03, 0.000, 0.000, 0.000, 10:43:30.217
174, 9.04, 0.00, 7.02, 13.74, 0.000, 0.000, 0.000, 10:43:30.217
175, 11.80, 0.00, 13.63, 17.92, 0.000, 0.000, 0.000, 10:43:30.232
176, 11.76, 0.00, 14.13, 17.95, 0.000, 0.000, 0.000, 10:43:30.232
177, 8.51, 0.00, 15.59, 14.51, 0.000, 0.000, 0.000, 10:43:30.247
178, 8.45, 0.00, 12.70, 13.26, 0.000, 0.000, 0.000, 10:43:30.247
179, 8.73, 0.00, 10.36, 17.66, 0.000, 0.000, 0.000, 10:43:30.247
180, 13.06, 0.00, 14.63, 17.94, 0.000, 0.000, 0.000, 10:43:30.248
181, 11.51, 0.00, 11.66, 10.12, 0.000, 0.000, 0.000, 10:43:30.262
182, 10.77, 0.00, 8.36, 13.85, 0.000, 0.000, 0.000, 10:43:30.262
183, 17.53, 0.00, 11.83, 19.68, 0.000, 0.000, 0.000, 10:43:30.277
184, 16.04, 0.00, 14.79, 17.76, 0.000, 0.000, 0.000, 10:43:30.277
185, 12.19, 0.00, 14.65, 14.63, 0.000, 0.000, 0.000, 10:43:30.277
186, 12.86, 0.00, 8.44, 15.04, 0.000, 0.000, 0.000, 10:43:30.278
187, 11.75, 0.00, 14.11, 14.70, 0.000, 0.000, 0.000, 10:43:30.292
188, 13.90, 0.00, 8.52, 14.78, 0.000, 0.000, 0.000, 10:43:30.292
189, 12.15, 0.00, 12.27, 13.32, 0.000, 0.000, 0.000, 10:43:30.308
190, 8.16, 0.00, 10.17, 14.48, 0.000, 0.000, 0.000, 10:43:30.308
191, 13.18, 0.00, 10.58, 13.62, 0.000, 0.000, 0.000, 10:43:30.314
192, 11.27, 0.00, 13.93, 16.93, 0.000, 0.000, 0.000, 10:43:30.315
193, 8.38, 0.00, 12.44, 13.52, 0.000, 0.000, 0.000, 10:43:30.323
194, 2.19, 0.00, 7.52, 12.34, 0.000, 0.000, 0.000, 10:43:30.324
195, 9.33, 0.00, 15.54, 13.26, 0.000, 0.000, 0.000, 10:43:30.338
196, 12.18, 0.00, 15.92, 14.47, 0.000, 0.000, 0.000, 10:43:30.338
197, 8.30, 0.00, 15.75, 14.73, 0.000, 0.000, 0.000, 10:43:30.338
198, 9.45, 0.00, 16.93, 12.19, 0.000, 0.000, 0.000, 10:43:30.338
199, 13.45, 0.00, 4.73, 15.60, 0.000, 0.000, 0.000, 10:43:30.352
200, 11.85, 0.00, 11.76, 19.23, 0.000, 0.000, 0.000, 10:43:30.352
0, 6.93, 0.00, 7.97, 18.87, 0.000, 0.000, 0.000, 10:43:30.354
1, 9.53, 0.00, 13.73, 16.14, 0.000, 0.000, 0.000, 10:43:30.367
2, 11.46, 0.00, 20.20, 20.00, 0.000, 0.000, 0.000, 10:43:30.367
3, 15.62, 0.00, 14.13, 18.99, 0.000, 0.000, 0.000, 10:43:30.382
4, 11.85, 0.00, 15.39, 11.70, 0.000, 0.000, 0.000, 10:43:30.382
5, 12.40, 0.00, 5.50, 13.57, 0.000, 0.000, 0.000, 10:43:30.386
6, 16.77, 0.00, 10.33, 17.94, 0.000, 0.000, 0.000, 10:43:30.387
7, 12.59, 0.00, 13.08, 20.48, 0.000, 0.000, 0.000, 10:43:30.397
8, 12.24, 0.00, 17.65, 13.85, 0.000, 0.000, 0.000, 10:43:30.398
9, 8.85, 0.00, 8.19, 14.66, 0.000, 0.000, 0.000, 10:43:30.412
10, 11.84, 0.00, 17.50, 15.85, 0.000, 0.000, 0.000, 10:43:30.412
11, 12.12, 0.00, 16.92, 19.16, 0.000, 0.000, 0.000, 10:43:30.413
12, 9.61, 0.00, 7.69, 15.98, 0.000, 0.000, 0.000, 10:43:30.413
13, 7.23, 0.00, 6.90, 15.67, 0.000, 0.000, 0.000, 10:43:30.427
14, 12.63, 0.00, 10.74, 17.20, 0.000, 0.000, 0.000, 10:43:30.427
15, 11.63, 0.00, 10.41, 14.81, 0.000, 0.000, 0.000, 10:43:30.443
16, 13.45, 0.00, 13.83, 14.73, 0.000, 0.000, 0.000, 10:43:30.443
17, 8.48, 0.00, 12.20, 10.83, 0.000, 0.000, 0.000, 10:43:30.444
18, 8.21, 0.00, 7.93, 17.01, 0.000, 0.000, 0.000, 10:43:30.444
19, 11.41, 0.00, 18.71, 20.16, 0.000, 0.000, 0.000, 10:43:30.458
20, 8.81, 0.00, 10.62, 15.40, 0.000, 0.000, 0.000, 10:43:30.458
21, 6.27, 0.00, 10.90, 15.51, 0.000, 0.000, 0.000, 10:43:30.474
22, 11.56, 0.00, 9.77, 15.80, 0.000, 0.000, 0.000, 10:43:30.474
23, 12.36, 0.00, 13.78, 18.18, 0.000, 0.000, 0.000, 10:43:30.476
24, 8.22, 0.00, 10.95, 17.37, 0.000, 0.000, 0.000, 10:43:30.477
25, 10.45, 0.00, 11.94, 18.25, 0.000, 0.000, 0.000, 10:43:30.488
26, 14.36, 0.00, 9.77, 19.63, 0.000, 0.000, 0.000, 10:43:30.489
27, 14.22, 0.00, 15.66, 19.48, 0.000, 0.000, 0.000, 10:43:30.503
28, 7.94, 0.00, 12.63, 13.98, 0.000, 0.000, 0.000, 10:43:30.503
29, 10.05, 0.00, 7.05, 12.75, 0.000, 0.000, 0.000, 10:43:30.504
30, 14.72, 0.00, 14.71, 16.00, 0.000, 0.000, 0.000, 10:43:30.505
31, 15.16, 0.00, 16.65, 19.35, 0.000, 0.000, 0.000, 10:43:30.518
32, 9.08, 0.00, 12.34, 18.47, 0.000, 0.000, 0.000, 10:43:30.518
33, 8.85, 0.00, 11.26, 10.18, 0.000, 0.000, 0.000, 10:43:30.532
34, 15.11, 0.00, 14.21, 19.13, 0.000, 0.000, 0.000, 10:43:30.532
35, 12.44, 0.00, 12.71, 14.49, 0.000, 0.000, 0.000, 10:43:30.533
36, 10.30, 0.00, 13.28, 16.66, 0.000, 0.000, 0.000, 10:43:30.533
37, 5.30, 0.00, 11.05, 13.23, 0.000, 0.000, 0.000, 10:43:30.548
38, 9.03, 0.00, 16.15, 15.57, 0.000, 0.000, 0.000, 10:43:30.548
39, 13.13, 0.00, 10.66, 17.24, 0.000, 0.000, 0.000, 10:43:30.563
40, 10.73, 0.00, 12.92, 17.37, 0.000, 0.000, 0.000, 10:43:30.563
41, 12.44, 0.00, 8.67, 14.57, 0.000, 0.000, 0.000, 10:43:30.563
42, 18.70, 0.00, 21.22, 23.40, 0.000, 0.000, 0.000, 10:43:30.564
43, 16.26, 0.00, 15.25, 17.84, 0.000, 0.000, 0.000, 10:43:30.578
44, 12.96, 0.00, 13.03, 15.87, 0.000, 0.000, 0.000, 10:43:30.578
45, 14.49, 0.00, 11.55, 13.59, 0.000, 0.000, 0.000, 10:43:30.593
46, 15.51, 0.00, 11.19, 19.18, 0.000, 0.000, 0.000, 10:43:30.593
47, 13.54, 0.00, 16.38, 20.77, 0.000, 0.000, 0.000, 10:43:30.594
48, 10.59, 0.00, 13.14, 19.95, 0.000, 0.000, 0.000, 10:43:30.594
49, 10.87, 0.00, 10.66, 12.15, 0.000, 0.000, 0.000, 10:43:30.608
50, 18.10, 0.00, 13.82, 18.16, 0.000, 0.000, 0.000, 10:43:30.609
51, 14.20, 0.00, 13.06, 18.51, 0.000, 0.000, 0.000, 10:43:30.623
52, 13.22, 0.00, 14.16, 15.97, 0.000, 0.000, 0.000, 10:43:30.623
53, 11.09, 0.00, 13.35, 13.42, 0.000, 0.000, 0.000, 10:43:30.624
54, 10.93, 0.00, 14.86, 14.57, 0.000, 0.000, 0.000, 10:43:30.624
55, 10.10, 0.00, 14.04, 15.84, 0.000, 0.000, 0.000, 10:43:30.644
56, 7.67, 0.00, 12.00, 18.65, 0.000, 0.000, 0.000, 10:43:30.644
57, 6.60, 0.00, 14.52, 8.73, 0.000, 0.000, 0.000, 10:43:30.652
58, 12.58, 0.00, 14.85, 14.88, 0.000, 0.000, 0.000, 10:43:30.652
59, 10.35, 0.00, 14.22, 23.68, 0.000, 0.000, 0.000, 10:43:30.656
60, 11.41, 0.00, 12.43, 15.51, 0.000, 0.000, 0.000, 10:43:30.656
61, 8.74, 0.00, 11.57, 13.38, 0.000, 0.000, 0.000, 10:43:30.667
62, 12.08, 0.00, 11.36, 15.27, 0.000, 0.000, 0.000, 10:43:30.667
63, 12.48, 0.00, 14.91, 18.07, 0.000, 0.000, 0.000, 10:43:30.682
64, 8.89, 0.00, 14.13, 14.51, 0.000, 0.000, 0.000, 10:43:30.682
65, 6.22, 0.00, 7.99, 12.37, 0.000, 0.000, 0.000, 10:43:30.683
66, 13.39, 0.00, 8.24, 14.93, 0.000, 0.000, 0.000, 10:43:30.683
67, 14.36, 0.00, 13.27, 15.53, 0.000, 0.000, 0.000, 10:43:30.698
68, 7.85, 0.00, 18.24, 14.31, 0.000, 0.000, 0.000, 10:43:30.698
69, 6.70, 0.00, 15.09, 15.59, 0.000, 0.000, 0.000, 10:43:30.713
70, 15.78, 0.00, 14.85, 14.15, 0.000, 0.000, 0.000, 10:43:30.713
71, 13.02, 0.00, 8.25, 16.21, 0.000, 0.000, 0.000, 10:43:30.714
72, 8.18, 0.00, 11.95, 12.50, 0.000, 0.000, 0.000, 10:43:30.714
73, 9.83, 0.00, 8.02, 10.84, 0.000, 0.000, 0.000, 10:43:30.727
74, 10.35, 0.00, 11.28, 13.25, 0.000, 0.000, 0.000, 10:43:30.728
75, 16.06, 0.00, 14.99, 12.80, 0.000, 0.000, 0.000, 10:43:30.742
76, 6.31, 0.00, 14.06, 13.71, 0.000, 0.000, 0.000, 10:43:30.743
77, 7.58, 0.00, 6.94, 13.68, 0.000, 0.000, 0.000, 10:43:30.743
78, 8.43, 0.00, 11.32, 20.42, 0.000, 0.000, 0.000, 10:43:30.744
79, 13.41, 0.00, 16.04, 21.89, 0.000, 0.000, 0.000, 10:43:30.757
80, 9.85, 0.00, 8.85, 15.11, 0.000, 0.000, 0.000, 10:43:30.758
81, 10.30, 0.00, 16.79, 14.20, 0.000, 0.000, 0.000, 10:43:30.773
82, 12.30, 0.00, 13.86, 17.39, 0.000, 0.000, 0.000, 10:43:30.773
83, 9.31, 0.00, 6.30, 19.63, 0.000, 0.000, 0.000, 10:43:30.775
84, 9.53, 0.00, 11.18, 14.70, 0.000, 0.000, 0.000, 10:43:30.775
85, 7.30, 0.00, 10.77, 14.68, 0.000, 0.000, 0.000, 10:43:30.788
86, 12.04, 0.00, 11.91, 16.38, 0.000, 0.000, 0.000, 10:43:30.788
87, 8.99, 0.00, 15.52, 18.69, 0.000, 0.000, 0.000, 10:43:30.802
88, 5.69, 0.00, 17.70, 15.18, 0.000, 0.000, 0.000, 10:43:30.803
89, 5.67, 0.00, 8.98, 12.86, 0.000, 0.000, 0.000, 10:43:30.804
90, 10.16, 0.00, 4.40, 16.81, 0.000, 0.000, 0.000, 10:43:30.805
91, 12.06, 0.00, 14.09, 16.62, 0.000, 0.000, 0.000, 10:43:30.818
92, 14.01, 0.00, 6.00, 14.79, 0.000, 0.000, 0.000, 10:43:30.818
93, 11.80, 0.00, 13.61, 14.62, 0.000, 0.000, 0.000, 10:43:30.833
94, 17.24, 0.00, 12.77, 17.13, 0.000, 0.000, 0.000, 10:43:30.833
95, 11.30, 0.00, 12.00, 19.44, 0.000, 0.000, 0.000, 10:43:30.834
96, 5.37, 0.00, 3.67, 12.30, 0.000, 0.000, 0.000, 10:43:30.834
97, 7.66, 0.00, 12.05, 16.18, 0.000, 0.000, 0.000, 10:43:30.847
98, 10.25, 0.00, 13.26, 16.43, 0.000, 0.000, 0.000, 10:43:30.847
99, 15.43, 0.00, 15.46, 15.46, 0.000, 0.000, 0.000, 10:43:30.862
100, 9.43, 0.00, 13.38, 13.63, 0.000, 0.000, 0.000, 10:43:30.863
101, 13.38, 0.00, 10.17, 14.14, 0.000, 0.000, 0.000, 10:43:30.863
102, 12.53, 0.00, 16.01, 16.72, 0.000, 0.000, 0.000, 10:43:30.863
103, 13.89, 0.00, 19.61, 21.12, 0.000, 0.000, 0.000, 10:43:30.877
104, 11.52, 0.00, 15.61, 18.03, 0.000, 0.000, 0.000, 10:43:30.878
105, 6.80, 0.00, 12.01, 12.50, 0.000, 0.000, 0.000, 10:43:30.892
106, 13.66, 0.00, 12.17, 17.50, 0.000, 0.000, 0.000, 10:43:30.892
107, 16.41, 0.00, 13.10, 18.32, 0.000, 0.000, 0.000, 10:43:30.892
108, 13.88, 0.00, 15.15, 18.07, 0.000, 0.000, 0.000, 10:43:30.893
109, 10.48, 0.00, 10.77, 12.50, 0.000, 0.000, 0.000, 10:43:30.909
110, 15.87, 0.00, 13.47, 19.10, 0.000, 0.000, 0.000, 10:43:30.909
111, 12.96, 0.00, 12.00, 20.38, 0.000, 0.000, 0.000, 10:43:30.922
112, 10.47, 0.00, 15.98, 24.30, 0.000, 0.000, 0.000, 10:43:30.922
113, 10.02, 0.00, 12.97, 14.56, 0.000, 0.000, 0.000, 10:43:30.923
114, 13.59, 0.00, 11.66, 19.27, 0.000, 0.000, 0.000, 10:43:30.923
115, 14.87, 0.00, 15.54, 21.65, 0.000, 0.000, 0.000, 10:43:30.938
116, 14.72, 0.00, 10.83, 15.31, 0.000, 0.000, 0.000, 10:43:30.938
117, 7.12, 0.00, 6.31, 12.00, 0.000, 0.000, 0.000, 10:43:30.952
118, 9.14, 0.00, 14.13, 15.17, 0.000, 0.000, 0.000, 10:43:30.952
119, 11.93, 0.00, 13.90, 14.34, 0.000, 0.000, 0.000, 10:43:30.954
120, 8.85, 0.00, 12.23, 17.06, 0.000, 0.000, 0.000, 10:43:30.955
121, 8.96, 0.00, 13.53, 13.26, 0.000, 0.000, 0.000, 10:43:30.967
122, 11.18, 0.00, 15.42, 19.42, 0.000, 0.000, 0.000, 10:43:30.968
123, 13.77, 0.00, 13.83, 19.35, 0.000, 0.000, 0.000, 10:43:30.982
124, 5.14, 0.00, 15.05, 15.11, 0.000, 0.000, 0.000, 10:43:30.983
125, 10.25, 0.00, 11.12, 10.51, 0.000, 0.000, 0.000, 10:43:30.983
126, 11.95, 0.00, 17.73, 18.06, 0.000, 0.000, 0.000, 10:43:30.983
127, 10.96, 0.00, 12.65, 20.23, 0.000, 0.000, 0.000, 10:43:30.997
128, 8.10, 0.00, 14.08, 13.10, 0.000, 0.000, 0.000, 10:43:30.998
129, 7.93, 0.00, 7.91, 14.55, 0.000, 0.000, 0.000, 10:43:31.013
130, 14.02, 0.00, 13.74, 15.75, 0.000, 0.000, 0.000, 10:43:31.013
131, 11.11, 0.00, 11.98, 15.63, 0.000, 0.000, 0.000, 10:43:31.014
132, 10.50, 0.00, 13.01, 16.64, 0.000, 0.000, 0.000, 10:43:31.014
133, 7.84, 0.00, 8.41, 11.93, 0.000, 0.000, 0.000, 10:43:31.029
134, 12.80, 0.00, 10.62, 19.82, 0.000, 0.000, 0.000, 10:43:31.029
135, 13.83, 0.00, 14.63, 17.56, 0.000, 0.000, 0.000, 10:43:31.044
136, 6.90, 0.00, 13.50, 15.14, 0.000, 0.000, 0.000, 10:43:31.044
137, 8.54, 0.00, 16.89, 8.50, 0.000, 0.000, 0.000, 10:43:31.045
138, 14.27, 0.00, 15.12, 16.24, 0.000, 0.000, 0.000, 10:43:31.045
139, 17.26, 0.00, 13.99, 18.63, 0.000, 0.000, 0.000, 10:43:31.058
140, 12.45, 0.00, 12.96, 13.51, 0.000, 0.000, 0.000, 10:43:31.059
141, 13.33, 0.00, 11.97, 17.30, 0.000, 0.000, 0.000, 10:43:31.073
142, 10.52, 0.00, 17.00, 15.53, 0.000, 0.000, 0.000, 10:43:31.074
143, 14.74, 0.00, 18.87, 17.90, 0.000, 0.000, 0.000, 10:43:31.074
144, 11.40, 0.00, 15.61, 17.91, 0.000, 0.000, 0.000, 10:43:31.075
145, 8.52, 0.00, 11.27, 13.55, 0.000, 0.000, 0.000, 10:43:31.089
146, 11.79, 0.00, 15.74, 19.57, 0.000, 0.000, 0.000, 10:43:31.089
147, 13.40, 0.00, 13.98, 18.73, 0.000, 0.000, 0.000, 10:43:31.112
148, 6.56, 0.00, 9.67, 15.65, 0.000, 0.000, 0.000, 10:43:31.113
149, 10.86, 0.00, 8.02, 14.57, 0.000, 0.000, 0.000, 10:43:31.114
150, 17.14, 0.00, 14.75, 18.03, 0.000, 0.000, 0.000, 10:43:31.114
151, 15.88, 0.00, 13.98, 20.68, 0.000, 0.000, 0.000, 10:43:31.118
152, 12.35, 0.00, 14.41, 16.71, 0.000, 0.000, 0.000, 10:43:31.119
153, 9.72, 0.00, 8.32, 10.97, 0.000, 0.000, 0.000, 10:43:31.132
154, 12.90, 0.00, 10.69, 21.35, 0.000, 0.000, 0.000, 10:43:31.132
155, 10.78, 0.00, 14.77, 14.45, 0.000, 0.000, 0.000, 10:43:31.133
156, 5.69, 0.00, 4.52, 17.14, 0.000, 0.000, 0.000, 10:43:31.133
157, 8.67, 0.00, 9.22, 14.31, 0.000, 0.000, 0.000, 10:43:31.148
158, 13.14, 0.00, 12.26, 14.66, 0.000, 0.000, 0.000, 10:43:31.148
159, 9.65, 0.00, 15.42, 17.92, 0.000, 0.000, 0.000, 10:43:31.162
160, 9.43, 0.00, 11.43, 13.94, 0.000, 0.000, 0.000, 10:43:31.162
161, 7.77, 0.00, 12.05, 12.86, 0.000, 0.000, 0.000, 10:43:31.162
162, 12.18, 0.00, 14.99, 16.04, 0.000, 0.000, 0.000, 10:43:31.162
163, 10.36, 0.00, 18.03, 19.12, 0.000, 0.000, 0.000, 10:43:31.178
164, 6.82, 0.00, 10.75, 15.75, 0.000, 0.000, 0.000, 10:43:31.178
165, 10.20, 0.00, 15.07, 13.05, 0.000, 0.000, 0.000, 10:43:31.192
166, 14.47, 0.00, 13.85, 18.52, 0.000, 0.000, 0.000, 10:43:31.192
167, 13.92, 0.00, 19.03, 18.78, 0.000, 0.000, 0.000, 10:43:31.194
168, 6.83, 0.00, 15.18, 13.82, 0.000, 0.000, 0.000, 10:43:31.194
169, 5.44, 0.00, 10.82, 13.99, 0.000, 0.000, 0.000, 10:43:31.207
170, 13.01, 0.00, 15.87, 20.40, 0.000, 0.000, 0.000, 10:43:31.207
171, 14.12, 0.00, 14.63, 17.89, 0.000, 0.000, 0.000, 10:43:31.222
172, 9.42, 0.00, 11.72, 15.87, 0.000, 0.000, 0.000, 10:43:31.222
173, 11.75, 0.00, 11.45, 12.65, 0.000, 0.000, 0.000, 10:43:31.222
174, 10.25, 0.00, 10.01, 18.44, 0.000, 0.000, 0.000, 10:43:31.222
175, 15.65, 0.00, 16.06, 16.10, 0.000, 0.000, 0.000, 10:43:31.237
176, 11.86, 0.00, 11.37, 15.15, 0.000, 0.000, 0.000, 10:43:31.237
177, 5.81, 0.00, 8.36, 12.31, 0.000, 0.000, 0.000, 10:43:31.252
178, 10.78, 0.00, 11.84, 16.30, 0.000, 0.000, 0.000, 10:43:31.253
179, 14.80, 0.00, 16.33, 16.83, 0.000, 0.000, 0.000, 10:43:31.253
180, 12.94, 0.00, 12.54, 20.03, 0.000, 0.000, 0.000, 10:43:31.254
181, 8.41, 0.00, 7.38, 14.18, 0.000, 0.000, 0.000, 10:43:31.274
182, 10.71, 0.00, 13.69, 16.97, 0.000, 0.000, 0.000, 10:43:31.274
183, 11.81, 0.00, 12.59, 15.89, 0.000, 0.000, 0.000, 10:43:31.284
184, 9.04, 0.00, 8.96, 13.71, 0.000, 0.000, 0.000, 10:43:31.285
185, 15.29, 0.00, 10.34, 13.52, 0.000, 0.000, 0.000, 10:43:31.285
186, 12.31, 0.00, 13.54, 12.18, 0.000, 0.000, 0.000, 10:43:31.285
187, 10.38, 0.00, 16.39, 16.15, 0.000, 0.000, 0.000, 10:43:31.298
188, 8.86, 0.00, 12.34, 16.15, 0.000, 0.000, 0.000, 10:43:31.298
189, 3.31, 0.00, 5.99, 13.53, 0.000, 0.000, 0.000, 10:43:31.313
190, 11.21, 0.00, 12.95, 18.55, 0.000, 0.000, 0.000, 10:43:31.313
191, 13.88, 0.00, 11.33, 16.78, 0.000, 0.000, 0.000, 10:43:31.320
192, 9.37, 0.00, 10.78, 15.34, 0.000, 0.000, 0.000, 10:43:31.321
193, 3.62, 0.00, 10.24, 13.91, 0.000, 0.000, 0.000, 10:43:31.328
194, 12.70, 0.00, 14.25, 19.97, 0.000, 0.000, 0.000, 10:43:31.328
195, 12.74, 0.00, 11.70, 17.91, 0.000, 0.000, 0.000, 10:43:31.344
196, 14.26, 0.00, 10.56, 17.49, 0.000, 0.000, 0.000, 10:43:31.344
197, 9.38, 0.00, 7.54, 12.54, 0.000, 0.000, 0.000, 10:43:31.344
198, 14.58, 0.00, 18.86, 15.00, 0.000, 0.000, 0.000, 10:43:31.345
199, 12.56, 0.00, 19.35, 18.73, 0.000, 0.000, 0.000, 10:43:31.357
200, 8.32, 0.00, 13.99, 16.20, 0.000, 0.000, 0.000, 10:43:31.358
0, 5.77, 0.00, 9.69, 13.85, 0.000, 0.000, 0.000, 10:43:31.358
1, 11.00, 0.00, 15.29, 18.33, 0.000, 0.000, 0.000, 10:43:31.373
2, 14.26, 0.00, 12.93, 16.36, 0.000, 0.000, 0.000, 10:43:31.373
3, 7.47, 0.00, 11.27, 15.14, 0.000, 0.000, 0.000, 10:43:31.389
4, 8.77, 0.00, 8.05, 18.28, 0.000, 0.000, 0.000, 10:43:31.389
5, 16.66, 0.00, 18.28, 19.14, 0.000, 0.000, 0.000, 10:43:31.390
6, 18.30, 0.00, 14.08, 15.06, 0.000, 0.000, 0.000, 10:43:31.391
7, 12.90, 0.00, 11.41, 14.66, 0.000, 0.000, 0.000, 10:43:31.402
8, 12.70, 0.00, 12.25, 16.06, 0.000, 0.000, 0.000, 10:43:31.403
9, 13.24, 0.00, 10.73, 18.70, 0.000, 0.000, 0.000, 10:43:31.417
10, 13.55, 0.00, 11.72, 18.48, 0.000, 0.000, 0.000, 10:43:31.418
11, 8.31, 0.00, 11.43, 12.68, 0.000, 0.000, 0.000, 10:43:31.418
12, 9.57, 0.00, 9.20, 11.31, 0.000, 0.000, 0.000, 10:43:31.419
13, 10.24, 0.00, 13.05, 13.32, 0.000, 0.000, 0.000, 10:43:31.433
14, 14.20, 0.00, 15.64, 16.81, 0.000, 0.000, 0.000, 10:43:31.433
15, 9.21, 0.00, 13.99, 17.09, 0.000, 0.000, 0.000, 10:43:31.448
16, 8.78, 0.00, 12.03, 12.18, 0.000, 0.000, 0.000, 10:43:31.448
17, 8.98, 0.00, 13.72, 18.09, 0.000, 0.000, 0.000, 10:43:31.448
18, 12.16, 0.00, 16.82, 13.36, 0.000, 0.000, 0.000, 10:43:31.449
19, 7.64, 0.00, 11.21, 13.30, 0.000, 0.000, 0.000, 10:43:31.463
20, 6.26, 0.00, 9.66, 13.14, 0.000, 0.000, 0.000, 10:43:31.463
21, 11.45, 0.00, 14.26, 17.34, 0.000, 0.000, 0.000, 10:43:31.478
22, 16.14, 0.00, 9.82, 16.74, 0.000, 0.000, 0.000, 10:43:31.478
23, 11.84, 0.00, 10.73, 16.35, 0.000, 0.000, 0.000, 10:43:31.479
24, 10.01, 0.00, 11.65, 12.78, 0.000, 0.000, 0.000, 10:43:31.479
25, 11.65, 0.00, 12.70, 12.45, 0.000, 0.000, 0.000, 10:43:31.495
26, 16.75, 0.00, 16.52, 20.55, 0.000, 0.000, 0.000, 10:43:31.495
27, 10.01, 0.00, 15.17, 19.60, 0.000, 0.000, 0.000, 10:43:31.508
28, 7.59, 0.00, 12.24, 13.58, 0.000, 0.000, 0.000, 10:43:31.508
29, 11.78, 0.00, 16.63, 19.27, 0.000, 0.000, 0.000, 10:43:31.510
30, 11.47, 0.00, 15.60, 22.15, 0.000, 0.000, 0.000, 10:43:31.510
31, 8.55, 0.00, 9.88, 19.13, 0.000, 0.000, 0.000, 10:43:31.523
32, 9.59, 0.00, 9.41, 17.17, 0.000, 0.000, 0.000, 10:43:31.523
33, 12.18, 0.00, 15.33, 16.89, 0.000, 0.000, 0.000, 10:43:31.539
34, 11.65, 0.00, 13.94, 18.79, 0.000, 0.000, 0.000, 10:43:31.539
35, 12.30, 0.00, 12.67, 15.56, 0.000, 0.000, 0.000, 10:43:31.539
36, 9.59, 0.00, 8.96, 16.58, 0.000, 0.000, 0.000, 10:43:31.540
37, 7.13, 0.00, 11.56, 17.03, 0.000, 0.000, 0.000, 10:43:31.552
38, 11.46, 0.00, 15.78, 21.29, 0.000, 0.000, 0.000, 10:43:31.553
39, 8.81, 0.00, 11.54, 16.83, 0.000, 0.000, 0.000, 10:43:31.568
40, 8.86, 0.00, 13.65, 15.88, 0.000, 0.000, 0.000, 10:43:31.568
41, 11.66, 0.00, 16.35, 14.49, 0.000, 0.000, 0.000, 10:43:31.568
42, 11.11, 0.00, 11.81, 18.92, 0.000, 0.000, 0.000, 10:43:31.569
43, 6.47, 0.00, 10.46, 10.34, 0.000, 0.000, 0.000, 10:43:31.583
44, 11.42, 0.00, 10.83, 12.55, 0.000, 0.000, 0.000, 10:43:31.583
45, 11.09, 0.00, 17.77, 16.25, 0.000, 0.000, 0.000, 10:43:31.598
46, 11.12, 0.00, 15.79, 17.60, 0.000, 0.000, 0.000, 10:43:31.598
47, 9.27, 0.00, 16.64, 12.14, 0.000, 0.000, 0.000, 10:43:31.599
48, 9.04, 0.00, 11.20, 12.47, 0.000, 0.000, 0.000, 10:43:31.599
49, 11.46, 0.00, 11.92, 21.96, 0.000, 0.000, 0.000, 10:43:31.613
50, 9.34, 0.00, 16.13, 19.78, 0.000, 0.000, 0.000, 10:43:31.613
51, 10.79, 0.00, 8.61, 19.01, 0.000, 0.000, 0.000, 10:43:31.628
52, 11.73, 0.00, 15.72, 13.30, 0.000, 0.000, 0.000, 10:43:31.628
53, 12.01, 0.00, 10.68, 14.38, 0.000, 0.000, 0.000, 10:43:31.628
54, 11.91, 0.00, 12.53, 17.64, 0.000, 0.000, 0.000, 10:43:31.629
55, 9.85, 0.00, 14.31, 11.90, 0.000, 0.000, 0.000, 10:43:31.644
56, 12.46, 0.00, 12.16, 13.64, 0.000, 0.000, 0.000, 10:43:31.645
57, 15.02, 0.00, 14.41, 15.06, 0.000, 0.000, 0.000, 10:43:31.657
58, 14.43, 0.00, 15.05, 19.99, 0.000, 0.000, 0.000, 10:43:31.658
59, 14.35, 0.00, 11.42, 11.91, 0.000, 0.000, 0.000, 10:43:31.659
60, 11.38, 0.00, 5.31, 11.21, 0.000, 0.000, 0.000, 10:43:31.660
61, 13.09, 0.00, 16.39, 20.60, 0.000, 0.000, 0.000, 10:43:31.673
62, 15.28, 0.00, 15.51, 18.50, 0.000, 0.000, 0.000, 10:43:31.673
63, 9.13, 0.00, 8.19, 11.67, 0.000, 0.000, 0.000, 10:43:31.688
64, 13.27, 0.00, 12.16, 16.91, 0.000, 0.000, 0.000, 10:43:31.688
65, 17.00, 0.00, 16.57, 18.58, 0.000, 0.000, 0.000, 10:43:31.689
66, 16.09, 0.00, 8.43, 14.31, 0.000, 0.000, 0.000, 10:43:31.689
67, 14.17, 0.00, 7.30, 14.34, 0.000, 0.000, 0.000, 10:43:31.702
68, 8.77, 0.00, 12.43, 15.48, 0.000, 0.000, 0.000, 10:43:31.703
69, 14.42, 0.00, 15.86, 20.19, 0.000, 0.000, 0.000, 10:43:31.718
70, 13.65, 0.00, 15.67, 18.39, 0.000, 0.000, 0.000, 10:43:31.718
71, 13.39, 0.00, 13.39, 12.07, 0.000, 0.000, 0.000, 10:43:31.726
72, 8.73, 0.00, 9.23, 15.89, 0.000, 0.000, 0.000, 10:43:31.727
73, 10.43, 0.00, 12.21, 18.67, 0.000, 0.000, 0.000, 10:43:31.733
74, 16.79, 0.00, 13.06, 14.71, 0.000, 0.000, 0.000, 10:43:31.733
75, 6.56, 0.00, 10.63, 13.39, 0.000, 0.000, 0.000, 10:43:31.748
76, 6.25, 0.00, 12.93, 15.37, 0.000, 0.000, 0.000, 10:43:31.748
77, 11.78, 0.00, 15.18, 18.47, 0.000, 0.000, 0.000, 10:43:31.748
78, 13.14, 0.00, 13.73, 16.45, 0.000, 0.000, 0.000, 10:43:31.749
79, 8.74, 0.00, 8.81, 13.47, 0.000, 0.000, 0.000, 10:43:31.763
80, 13.12, 0.00, 9.45, 10.23, 0.000, 0.000, 0.000, 10:43:31.763
81, 16.16, 0.00, 12.36, 14.50, 0.000, 0.000, 0.000, 10:43:31.778
82, 15.69, 0.00, 12.93, 19.46, 0.000, 0.000, 0.000, 10:43:31.778
83, 12.37, 0.00, 13.87, 17.09, 0.000, 0.000, 0.000, 10:43:31.779
84, 10.29, 0.00, 12.08, 13.67, 0.000, 0.000, 0.000, 10:43:31.779
85, 9.86, 0.00, 14.91, 18.19, 0.000, 0.000, 0.000, 10:43:31.793
86, 14.93, 0.00, 13.24, 17.56, 0.000, 0.000, 0.000, 10:43:31.794
87, 10.93, 0.00, 12.29, 16.95, 0.000, 0.000, 0.000, 10:43:31.808
88, 9.16, 0.00, 9.02, 10.71, 0.000, 0.000, 0.000, 10:43:31.809
89, 9.51, 0.00, 14.05, 20.91, 0.000, 0.000, 0.000, 10:43:31.811
90, 8.48, 0.00, 13.50, 23.57, 0.000, 0.000, 0.000, 10:43:31.811
91, 5.47, 0.00, 8.74, 12.82, 0.000, 0.000, 0.000, 10:43:31.823
92, 5.09, 0.00, 9.17, 14.30, 0.000, 0.000, 0.000, 10:43:31.824
93, 12.41, 0.00, 12.82, 18.25, 0.000, 0.000, 0.000, 10:43:31.840
94, 9.88, 0.00, 14.30, 17.94, 0.000, 0.000, 0.000, 10:43:31.840
95, 8.53, 0.00, 10.46, 14.87, 0.000, 0.000, 0.000, 10:43:31.841
96, 6.48, 0.00, 9.49, 14.09, 0.000, 0.000, 0.000, 10:43:31.842
97, 12.18, 0.00, 14.47, 18.45, 0.000, 0.000, 0.000, 10:43:31.853
98, 10.79, 0.00, 15.22, 17.01, 0.000, 0.000, 0.000, 10:43:31.853
99, 7.72, 0.00, 15.97, 18.47, 0.000, 0.000, 0.000, 10:43:31.868
100, 11.25, 0.00, 9.87, 17.56, 0.000, 0.000, 0.000, 10:43:31.869
101, 15.28, 0.00, 12.84, 13.76, 0.000, 0.000, 0.000, 10:43:31.870
102, 13.42, 0.00, 18.83, 16.47, 0.000, 0.000, 0.000, 10:43:31.871
103, 14.73, 0.00, 7.82, 10.50, 0.000, 0.000, 0.000, 10:43:31.882
104, 11.78, 0.00, 15.09, 18.01, 0.000, 0.000, 0.000, 10:43:31.882
105, 16.84, 0.00, 15.83, 17.11, 0.000, 0.000, 0.000, 10:43:31.898
106, 12.71, 0.00, 18.77, 17.77, 0.000, 0.000, 0.000, 10:43:31.898
107, 9.95, 0.00, -2.90, 13.87, 0.000, 0.000, 0.000, 10:43:31.898
108, 6.21, 0.00, 9.82, 18.65, 0.000, 0.000, 0.000, 10:43:31.898
109, 10.19, 0.00, 22.60, 19.55, 0.000, 0.000, 0.000, 10:43:31.913
110, 10.58, 0.00, 14.87, 16.70, 0.000, 0.000, 0.000, 10:43:31.913
111, 3.87, 0.00, 13.70, 11.29, 0.000, 0.000, 0.000, 10:43:31.929
112, 8.84, 0.00, 13.53, 15.70, 0.000, 0.000, 0.000, 10:43:31.929
113, 10.58, 0.00, 17.58, 21.56, 0.000, 0.000, 0.000, 10:43:31.929
114, 13.65, 0.00, 19.67, 18.40, 0.000, 0.000, 0.000, 10:43:31.930
115, 8.39, 0.00, 7.09, 19.39, 0.000, 0.000, 0.000, 10:43:31.943
116, 6.54, 0.00, 14.82, 13.45, 0.000, 0.000, 0.000, 10:43:31.943
117, 10.25, 0.00, 11.59, 15.34, 0.000, 0.000, 0.000, 10:43:31.957
118, 9.49, 0.00, 6.91, 20.98, 0.000, 0.000, 0.000, 10:43:31.957
119, 9.18, 0.00, 12.15, 12.23, 0.000, 0.000, 0.000, 10:43:31.958
120, 6.01, 0.00, 13.58, 9.91, 0.000, 0.000, 0.000, 10:43:31.959
121, 12.06, 0.00, 13.44, 18.18, 0.000, 0.000, 0.000, 10:43:31.973
122, 11.96, 0.00, 14.45, 18.61, 0.000, 0.000, 0.000, 10:43:31.974
123, 10.65, 0.00, 11.52, 13.89, 0.000, 0.000, 0.000, 10:43:31.989
124, 7.79, 0.00, 7.16, 11.88, 0.000, 0.000, 0.000, 10:43:31.989
125, 10.74, 0.00, 14.99, 16.52, 0.000, 0.000, 0.000, 10:43:31.991
126, 10.66, 0.00, 18.57, 17.58, 0.000, 0.000, 0.000, 10:43:31.991
127, 8.52, 0.00, 9.95, 14.48, 0.000, 0.000, 0.000, 10:43:32.003
128, 15.09, 0.00, 13.93, 16.93, 0.000, 0.000, 0.000, 10:43:32.004
129, 9.58, 0.00, 19.74, 14.66, 0.000, 0.000, 0.000, 10:43:32.018
130, 10.94, 0.00, 18.61, 17.52, 0.000, 0.000, 0.000, 10:43:32.018
131, 10.19, 0.00, 7.98, 12.70, 0.000, 0.000, 0.000, 10:43:32.025
132, 9.61, 0.00, 8.67, 12.37, 0.000, 0.000, 0.000, 10:43:32.026
133, 12.60, 0.00, 11.49, 15.53, 0.000, 0.000, 0.000, 10:43:32.033
134, 14.42, 0.00, 12.09, 17.05, 0.000, 0.000, 0.000, 10:43:32.033
135, 8.21, 0.00, 11.68, 13.28, 0.000, 0.000, 0.000, 10:43:32.048
136, 9.66, 0.00, 8.53, 15.69, 0.000, 0.000, 0.000, 10:43:32.048
137, 12.28, 0.00, 13.37, 18.09, 0.000, 0.000, 0.000, 10:43:32.057
138, 13.40, 0.00, 12.22, 16.59, 0.000, 0.000, 0.000, 10:43:32.058
139, 11.38, 0.00, 9.99, 13.44, 0.000, 0.000, 0.000, 10:43:32.063
140, 6.08, 0.00, 9.52, 15.92, 0.000, 0.000, 0.000, 10:43:32.063
141, 11.11, 0.00, 14.17, 20.95, 0.000, 0.000, 0.000, 10:43:32.081
142, 8.78, 0.00, 13.19, 14.59, 0.000, 0.000, 0.000, 10:43:32.081
143, 15.23, 0.00, 12.50, 14.26, 0.000, 0.000, 0.000, 10:43:32.082
144, 3.82, 0.00, 10.68, 14.13, 0.000, 0.000, 0.000, 10:43:32.082
145, 14.08, 0.00, 15.07, 20.41, 0.000, 0.000, 0.000, 10:43:32.094
146, 15.44, 0.00, 16.25, 17.51, 0.000, 0.000, 0.000, 10:43:32.095
147, 10.68, 0.00, 15.84, 14.65, 0.000, 0.000, 0.000, 10:43:32.108
148, 6.26, 0.00, 6.26, 16.93, 0.000, 0.000, 0.000, 10:43:32.109
149, 10.58, 0.00, 11.66, 12.76, 0.000, 0.000, 0.000, 10:43:32.110
150, 14.70, 0.00, 14.65, 18.94, 0.000, 0.000, 0.000, 10:43:32.111
151, 8.80, 0.00, 12.84, 11.04, 0.000, 0.000, 0.000, 10:43:32.123
152, 14.53, 0.00, 10.14, 16.93, 0.000, 0.000, 0.000, 10:43:32.123
153, 37.49, 0.00, 14.96, 17.46, 0.000, 0.000, 0.000, 10:43:32.139
154, 19.25, 0.00, 13.54, 19.55, 0.000, 0.000, 0.000, 10:43:32.140
155, 9.51, 0.00, 9.28, 16.78, 0.000, 0.000, 0.000, 10:43:32.141
156, 9.67, 0.00, 11.58, 13.01, 0.000, 0.000, 0.000, 10:43:32.141
157, 15.43, 0.00, 15.93, 17.71, 0.000, 0.000, 0.000, 10:43:32.153
158, 17.16, 0.00, 16.93, 20.03, 0.000, 0.000, 0.000, 10:43:32.153
159, 11.97, 0.00, 11.62, 15.57, 0.000, 0.000, 0.000, 10:43:32.168
160, 15.65, 0.00, 10.29, 15.56, 0.000, 0.000, 0.000, 10:43:32.169
161, 17.89, 0.00, 10.21, 18.20, 0.000, 0.000, 0.000, 10:43:32.170
162, 15.50, 0.00, 10.64, 19.53, 0.000, 0.000, 0.000, 10:43:32.170
163, 6.71, 0.00, 17.39, 15.45, 0.000, 0.000, 0.000, 10:43:32.183
164, 8.56, 0.00, 10.57, 15.75, 0.000, 0.000, 0.000, 10:43:32.184
165, 12.10, 0.00, 12.39, 17.28, 0.000, 0.000, 0.000, 10:43:32.198
166, 8.83, 0.00, 15.30, 13.26, 0.000, 0.000, 0.000, 10:43:32.199
167, 9.96, 0.00, 14.65, 13.96, 0.000, 0.000, 0.000, 10:43:32.200
168, 4.73, 0.00, 15.47, 13.88, 0.000, 0.000, 0.000, 10:43:32.200
169, 16.66, 0.00, 13.98, 18.95, 0.000, 0.000, 0.000, 10:43:32.213
170, 15.34, 0.00, 12.10, 20.54, 0.000, 0.000, 0.000, 10:43:32.213
171, 11.62, 0.00, 6.19, 11.26, 0.000, 0.000, 0.000, 10:43:32.228
172, 7.68, 0.00, 8.88, 16.97, 0.000, 0.000, 0.000, 10:43:32.228
173, 11.86, 0.00, 13.95, 16.41, 0.000, 0.000, 0.000, 10:43:32.229
174, 10.22, 0.00, 11.87, 15.72, 0.000, 0.000, 0.000, 10:43:32.229
175, 5.16, 0.00, 0.98, 10.04, 0.000, 0.000, 0.000, 10:43:32.243
176, 12.11, 0.00, 11.09, 14.27, 0.000, 0.000, 0.000, 10:43:32.243
177, 11.32, 0.00, 14.54, 17.23, 0.000, 0.000, 0.000, 10:43:32.258
178, 9.33, 0.00, 22.32, 13.24, 0.000, 0.000, 0.000, 10:43:32.259
179, 8.21, 0.00, 9.11, 12.04, 0.000, 0.000, 0.000, 10:43:32.261
180, 12.34, 0.00, 13.14, 13.83, 0.000, 0.000, 0.000, 10:43:32.262
181, 13.13, 0.00, 14.85, 14.85, 0.000, 0.000, 0.000, 10:43:32.273
182, 6.01, 0.00, 9.39, 17.96, 0.000, 0.000, 0.000, 10:43:32.274
183, 9.55, 0.00, 6.87, 17.23, 0.000, 0.000, 0.000, 10:43:32.290
184, 11.58, 0.00, 9.31, 14.24, 0.000, 0.000, 0.000, 10:43:32.291
185, 14.37, 0.00, 12.79, 19.93, 0.000, 0.000, 0.000, 10:43:32.292
186, 17.52, 0.00, 10.71, 15.88, 0.000, 0.000, 0.000, 10:43:32.293
187, 12.09, 0.00, 9.45, 13.64, 0.000, 0.000, 0.000, 10:43:32.303
188, 16.25, 0.00, 10.83, 19.07, 0.000, 0.000, 0.000, 10:43:32.304
189, 10.48, 0.00, 13.03, 20.61, 0.000, 0.000, 0.000, 10:43:32.319
190, 9.38, 0.00, 16.89, 17.78, 0.000, 0.000, 0.000, 10:43:32.319
191, 3.58, 0.00, 10.39, 14.07, 0.000, 0.000, 0.000, 10:43:32.320
192, 6.86, 0.00, 7.73, 12.09, 0.000, 0.000, 0.000, 10:43:32.320
193, 15.48, 0.00, 14.29, 18.70, 0.000, 0.000, 0.000, 10:43:32.333
194, 12.32, 0.00, 15.52, 16.55, 0.000, 0.000, 0.000, 10:43:32.334
195, 17.24, 0.00, 11.08, 16.88, 0.000, 0.000, 0.000, 10:43:32.348
196, 9.48, 0.00, 11.11, 15.82, 0.000, 0.000, 0.000, 10:43:32.348
197, 14.41, 0.00, 15.26, 21.23, 0.000, 0.000, 0.000, 10:43:32.349
198, 19.42, 0.00, 14.58, 21.78, 0.000, 0.000, 0.000, 10:43:32.350
199, 13.14, 0.00, 11.33, 10.89, 0.000, 0.000, 0.000, 10:43:32.363
200, 15.24, 0.00, 13.50, 14.31, 0.000, 0.000, 0.000, 10:43:32.363
0, 18.63, 0.00, 14.94, 21.37, 0.000, 0.000, 0.000, 10:43:32.364
1, 11.95, 0.00, 12.03, 20.98, 0.000, 0.000, 0.000, 10:43:32.378
2, 12.51, 0.00, 9.77, 16.64, 0.000, 0.000, 0.000, 10:43:32.379
3, 7.76, 0.00, 10.10, 13.02, 0.000, 0.000, 0.000, 10:43:32.394
4, 11.38, 0.00, 14.42, 14.04, 0.000, 0.000, 0.000, 10:43:32.394
5, 13.07, 0.00, 15.57, 24.53, 0.000, 0.000, 0.000, 10:43:32.396
6, 10.99, 0.00, 11.84, 13.03, 0.000, 0.000, 0.000, 10:43:32.396
7, 12.24, 0.00, 11.13, 18.11, 0.000, 0.000, 0.000, 10:43:32.408
8, 15.54, 0.00, 12.49, 16.47, 0.000, 0.000, 0.000, 10:43:32.408
9, 10.71, 0.00, 14.49, 17.44, 0.000, 0.000, 0.000, 10:43:32.424
10, 9.19, 0.00, 12.47, 10.63, 0.000, 0.000, 0.000, 10:43:32.424
11, 6.00, 0.00, 10.61, 15.57, 0.000, 0.000, 0.000, 10:43:32.425
12, 13.14, 0.00, 16.68, 19.47, 0.000, 0.000, 0.000, 10:43:32.425
13, 11.51, 0.00, 13.68, 16.29, 0.000, 0.000, 0.000, 10:43:32.439
14, 7.02, 0.00, 12.02, 13.23, 0.000, 0.000, 0.000, 10:43:32.439
15, 5.71, 0.00, 9.07, 11.43, 0.000, 0.000, 0.000, 10:43:32.453
16, 7.78, 0.00, 14.29, 19.59, 0.000, 0.000, 0.000, 10:43:32.453
17, 12.15, 0.00, 13.17, 17.66, 0.000, 0.000, 0.000, 10:43:32.454
18, 7.80, 0.00, 12.31, 17.48, 0.000, 0.000, 0.000, 10:43:32.455
19, 17.00, 0.00, 11.75, 14.70, 0.000, 0.000, 0.000, 10:43:32.468
20, 10.01, 0.00, 13.14, 16.57, 0.000, 0.000, 0.000, 10:43:32.469
21, 14.02, 0.00, 14.97, 15.41, 0.000, 0.000, 0.000, 10:43:32.483
22, 8.33, 0.00, 9.99, 13.45, 0.000, 0.000, 0.000, 10:43:32.483
23, 8.73, 0.00, 14.87, 15.90, 0.000, 0.000, 0.000, 10:43:32.490
24, 13.23, 0.00, 16.98, 21.05, 0.000, 0.000, 0.000, 10:43:32.491
25, 8.63, 0.00, 10.14, 19.18, 0.000, 0.000, 0.000, 10:43:32.498
26, 13.77, 0.00, 15.01, 18.06, 0.000, 0.000, 0.000, 10:43:32.498
27, 10.12, 0.00, 15.93, 13.19, 0.000, 0.000, 0.000, 10:43:32.514
28, 11.08, 0.00, 14.65, 21.52, 0.000, 0.000, 0.000, 10:43:32.514
29, 8.43, 0.00, 12.38, 18.28, 0.000, 0.000, 0.000, 10:43:32.515
30, 8.70, 0.00, 11.00, 13.03, 0.000, 0.000, 0.000, 10:43:32.515
31, 7.77, 0.00, 10.91, 10.92, 0.000, 0.000, 0.000, 10:43:32.528
32, 12.42, 0.00, 14.07, 18.13, 0.000, 0.000, 0.000, 10:43:32.528
33, 11.76, 0.00, 11.32, 13.53, 0.000, 0.000, 0.000, 10:43:32.545
34, 6.08, 0.00, 9.91, 11.99, 0.000, 0.000, 0.000, 10:43:32.545
35, 8.90, 0.00, 11.23, 16.29, 0.000, 0.000, 0.000, 10:43:32.546
36, 11.40, 0.00, 15.57, 18.61, 0.000, 0.000, 0.000, 10:43:32.546
37, 12.36, 0.00, 19.26, 20.38, 0.000, 0.000, 0.000, 10:43:32.558
38, 8.56, 0.00, 4.50, 17.30, 0.000, 0.000, 0.000, 10:43:32.559
39, 5.73, 0.00, 10.96, 11.28, 0.000, 0.000, 0.000, 10:43:32.573
40, 11.92, 0.00, 14.47, 16.47, 0.000, 0.000, 0.000, 10:43:32.574
41, 12.76, 0.00, 13.60, 17.42, 0.000, 0.000, 0.000, 10:43:32.574
42, 8.92, 0.00, 8.32, 17.51, 0.000, 0.000, 0.000, 10:43:32.575
43, 10.66, 0.00, 13.59, 13.77, 0.000, 0.000, 0.000, 10:43:32.589
44, 14.57, 0.00, 15.84, 16.79, 0.000, 0.000, 0.000, 10:43:32.589
45, 11.01, 0.00, 16.31, 15.93, 0.000, 0.000, 0.000, 10:43:32.604
46, 8.45, 0.00, 10.86, 16.53, 0.000, 0.000, 0.000, 10:43:32.604
47, 7.57, 0.00, 10.05, 13.03, 0.000, 0.000, 0.000, 10:43:32.606
48, 8.40, 0.00, 14.77, 14.62, 0.000, 0.000, 0.000, 10:43:32.606
49, 11.93, 0.00, 14.68, 14.70, 0.000, 0.000, 0.000, 10:43:32.618
50, 8.33, 0.00, 9.70, 13.76, 0.000, 0.000, 0.000, 10:43:32.618
51, 12.59, 0.00, 9.72, 12.77, 0.000, 0.000, 0.000, 10:43:32.633
52, 14.88, 0.00, 16.16, 19.10, 0.000, 0.000, 0.000, 10:43:32.633
53, 10.84, 0.00, 13.16, 18.00, 0.000, 0.000, 0.000, 10:43:32.634
54, 8.83, 0.00, 12.17, 13.88, 0.000, 0.000, 0.000, 10:43:32.634
55, 6.78, 0.00, 11.37, 12.40, 0.000, 0.000, 0.000, 10:43:32.648
56, 10.89, 0.00, 15.52, 16.56, 0.000, 0.000, 0.000, 10:43:32.648
57, 15.14, 0.00, 12.38, 17.67, 0.000, 0.000, 0.000, 10:43:32.663
58, 8.41, 0.00, 6.63, 16.16, 0.000, 0.000, 0.000, 10:43:32.663
59, 14.50, 0.00, 10.43, 15.61, 0.000, 0.000, 0.000, 10:43:32.664
60, 13.16, 0.00, 16.69, 21.70, 0.000, 0.000, 0.000, 10:43:32.664
61, 15.73, 0.00, 16.10, 16.36, 0.000, 0.000, 0.000, 10:43:32.680
62, 8.44, 0.00, 10.10, 15.86, 0.000, 0.000, 0.000, 10:43:32.681
63, 9.12, 0.00, 10.13, 12.50, 0.000, 0.000, 0.000, 10:43:32.694
64, 13.22, 0.00, 15.24, 19.51, 0.000, 0.000, 0.000, 10:43:32.694
65, 13.42, 0.00, 15.33, 16.85, 0.000, 0.000, 0.000, 10:43:32.695
66, 8.06, 0.00, 13.39, 20.46, 0.000, 0.000, 0.000, 10:43:32.695
67, 6.71, 0.00, 11.79, 16.68, 0.000, 0.000, 0.000, 10:43:32.709
68, 10.01, 0.00, 15.15, 15.32, 0.000, 0.000, 0.000, 10:43:32.709
69, 14.81, 0.00, 14.42, 19.45, 0.000, 0.000, 0.000, 10:43:32.723
70, 13.00, 0.00, 9.83, 16.40, 0.000, 0.000, 0.000, 10:43:32.724
71, 10.01, 0.00, 15.73, 14.38, 0.000, 0.000, 0.000, 10:43:32.725
72, 13.06, 0.00, 13.71, 17.52, 0.000, 0.000, 0.000, 10:43:32.725
73, 10.97, 0.00, 13.62, 18.10, 0.000, 0.000, 0.000, 10:43:32.739
74, 11.98, 0.00, 8.37, 13.58, 0.000, 0.000, 0.000, 10:43:32.739
75, 13.37, 0.00, 13.19, 14.59, 0.000, 0.000, 0.000, 10:43:32.752
76, 10.88, 0.00, 15.49, 16.92, 0.000, 0.000, 0.000, 10:43:32.753
77, 14.11, 0.00, 14.11, 19.14, 0.000, 0.000, 0.000, 10:43:32.761
78, 8.46, 0.00, 13.58, 13.17, 0.000, 0.000, 0.000, 10:43:32.761
79, 9.32, 0.00, 9.28, 14.93, 0.000, 0.000, 0.000, 10:43:32.767
80, 14.54, 0.00, 13.41, 17.04, 0.000, 0.000, 0.000, 10:43:32.767
81, 14.49, 0.00, 15.52, 16.79, 0.000, 0.000, 0.000, 10:43:32.783
82, 6.10, 0.00, 10.14, 15.10, 0.000, 0.000, 0.000, 10:43:32.783
83, 9.73, 0.00, 14.25, 17.88, 0.000, 0.000, 0.000, 10:43:32.783
84, 17.06, 0.00, 16.43, 18.34, 0.000, 0.000, 0.000, 10:43:32.784
85, 14.55, 0.00, 9.49, 16.16, 0.000, 0.000, 0.000, 10:43:32.798
86, 9.88, 0.00, 9.61, 15.34, 0.000, 0.000, 0.000, 10:43:32.798
87, 11.32, 0.00, 14.04, 16.91, 0.000, 0.000, 0.000, 10:43:32.813
88, 13.77, 0.00, 12.63, 16.81, 0.000, 0.000, 0.000, 10:43:32.813
89, 9.16, 0.00, 16.78, 16.11, 0.000, 0.000, 0.000, 10:43:32.814
90, 11.12, 0.00, 10.32, 16.04, 0.000, 0.000, 0.000, 10:43:32.814
91, 7.49, 0.00, 8.87, 13.90, 0.000, 0.000, 0.000, 10:43:32.828
92, 12.67, 0.00, 12.26, 16.35, 0.000, 0.000, 0.000, 10:43:32.828
93, 14.74, 0.00, 20.27, 14.47, 0.000, 0.000, 0.000, 10:43:32.843
94, 8.56, 0.00, 9.37, 13.93, 0.000, 0.000, 0.000, 10:43:32.844
95, 3.68, 0.00, 6.63, 16.20, 0.000, 0.000, 0.000, 10:43:32.845
96, 15.93, 0.00, 14.87, 17.55, 0.000, 0.000, 0.000, 10:43:32.846
97, 8.85, 0.00, 16.19, 19.98, 0.000, 0.000, 0.000, 10:43:32.871
98, 4.47, 0.00, 11.98, 13.46, 0.000, 0.000, 0.000, 10:43:32.871
99, 4.98, 0.00, 13.32, 14.42, 0.000, 0.000, 0.000, 10:43:32.880
100, 10.25, 0.00, 16.74, 20.20, 0.000, 0.000, 0.000, 10:43:32.880
101, 7.81, 0.00, 13.94, 13.77, 0.000, 0.000, 0.000, 10:43:32.881
102, 7.45, 0.00, 9.64, 12.13, 0.000, 0.000, 0.000, 10:43:32.881
103, 17.44, 0.00, 8.96, 15.55, 0.000, 0.000, 0.000, 10:43:32.888
104, 19.63, 0.00, 15.69, 16.61, 0.000, 0.000, 0.000, 10:43:32.889
105, 14.65, 0.00, 12.05, 18.18, 0.000, 0.000, 0.000, 10:43:32.902
106, 11.92, 0.00, 14.59, 16.15, 0.000, 0.000, 0.000, 10:43:32.903
107, 11.80, 0.00, 9.30, 14.06, 0.000, 0.000, 0.000, 10:43:32.903
108, 16.24, 0.00, 12.33, 18.76, 0.000, 0.000, 0.000, 10:43:32.904
109, 16.66, 0.00, 11.96, 20.76, 0.000, 0.000, 0.000, 10:43:32.918
110, 12.83, 0.00, 14.08, 17.21, 0.000, 0.000, 0.000, 10:43:32.918
111, 14.96, 0.00, 11.28, 12.39, 0.000, 0.000, 0.000, 10:43:32.933
112, 13.22, 0.00, 13.95, 15.46, 0.000, 0.000, 0.000, 10:43:32.933
113, 15.84, 0.00, 14.73, 20.55, 0.000, 0.000, 0.000, 10:43:32.934
114, 11.72, 0.00, 8.62, 15.01, 0.000, 0.000, 0.000, 10:43:32.934
115, 11.94, 0.00, 6.75, 15.14, 0.000, 0.000, 0.000, 10:43:32.949
116, 20.22, 0.00, 15.98, 22.30, 0.000, 0.000, 0.000, 10:43:32.949
117, 15.91, 0.00, 19.03, 16.77, 0.000, 0.000, 0.000, 10:43:32.969
118, 14.38, 0.00, 14.57, 14.35, 0.000, 0.000, 0.000, 10:43:32.969
119, 7.69, 0.00, 11.47, 12.00, 0.000, 0.000, 0.000, 10:43:32.971
120, 12.95, 0.00, 12.41, 16.96, 0.000, 0.000, 0.000, 10:43:32.972
121, 22.37, 0.00, 13.50, 18.91, 0.000, 0.000, 0.000, 10:43:32.979
122, 9.11, 0.00, 11.50, 14.45, 0.000, 0.000, 0.000, 10:43:32.979
123, 10.19, 0.00, 11.01, 14.15, 0.000, 0.000, 0.000, 10:43:32.996
124, 19.65, 0.00, 17.83, 19.34, 0.000, 0.000, 0.000, 10:43:32.997
125, 18.32, 0.00, 13.45, 17.71, 0.000, 0.000, 0.000, 10:43:32.997
126, 7.01, 0.00, 12.36, 11.56, 0.000, 0.000, 0.000, 10:43:32.997
127, 10.51, 0.00, 11.83, 13.24, 0.000, 0.000, 0.000, 10:43:33.014
128, 14.62, 0.00, 11.13, 15.03, 0.000, 0.000, 0.000, 10:43:33.014
129, 13.53, 0.00, 15.68, 18.58, 0.000, 0.000, 0.000, 10:43:33.024
130, 12.15, 0.00, 11.59, 14.69, 0.000, 0.000, 0.000, 10:43:33.024
131, 14.46, 0.00, 11.58, 11.67, 0.000, 0.000, 0.000, 10:43:33.025
132, 12.55, 0.00, 13.73, 17.39, 0.000, 0.000, 0.000, 10:43:33.025
133, 16.70, 0.00, 13.72, 17.44, 0.000, 0.000, 0.000, 10:43:33.039
134, 10.90, 0.00, 13.97, 14.30, 0.000, 0.000, 0.000, 10:43:33.039
135, 1.88, 0.00, 11.80, 18.10, 0.000, 0.000, 0.000, 10:43:33.052
136, 10.82, 0.00, 17.13, 20.58, 0.000, 0.000, 0.000, 10:43:33.053
137, 6.87, 0.00, 13.15, 16.90, 0.000, 0.000, 0.000, 10:43:33.055
138, 6.00, 0.00, 9.04, 12.23, 0.000, 0.000, 0.000, 10:43:33.055
139, 9.92, 0.00, 13.42, 16.84, 0.000, 0.000, 0.000, 10:43:33.068
140, 13.06, 0.00, 15.14, 17.74, 0.000, 0.000, 0.000, 10:43:33.068
141, 12.08, 0.00, 15.13, 14.46, 0.000, 0.000, 0.000, 10:43:33.083
142, 9.07, 0.00, 8.35, 12.43, 0.000, 0.000, 0.000, 10:43:33.083
143, 10.48, 0.00, 12.46, 15.74, 0.000, 0.000, 0.000, 10:43:33.083
144, 9.50, 0.00, 9.78, 16.45, 0.000, 0.000, 0.000, 10:43:33.084
145, 8.04, 0.00, 11.32, 15.28, 0.000, 0.000, 0.000, 10:43:33.098
146, 4.11, 0.00, 9.04, 17.44, 0.000, 0.000, 0.000, 10:43:33.098
147, 7.16, 0.00, 11.23, 18.42, 0.000, 0.000, 0.000, 10:43:33.113
148, 9.33, 0.00, 15.95, 17.22, 0.000, 0.000, 0.000, 10:43:33.113
149, 9.66, 0.00, 15.15, 16.22, 0.000, 0.000, 0.000, 10:43:33.114
150, 1.45, 0.00, 9.56, 14.34, 0.000, 0.000, 0.000, 10:43:33.114
151, 7.93, 0.00, 14.24, 15.98, 0.000, 0.000, 0.000, 10:43:33.129
152, 13.53, 0.00, 13.03, 20.56, 0.000, 0.000, 0.000, 10:43:33.129
153, 11.72, 0.00, 16.84, 17.01, 0.000, 0.000, 0.000, 10:43:33.144
154, 10.62, 0.00, 16.19, 15.54, 0.000, 0.000, 0.000, 10:43:33.145
155, 8.58, 0.00, 13.16, 13.52, 0.000, 0.000, 0.000, 10:43:33.146
156, 13.20, 0.00, 14.82, 17.13, 0.000, 0.000, 0.000, 10:43:33.146
157, 11.18, 0.00, 11.98, 21.02, 0.000, 0.000, 0.000, 10:43:33.158
158, 8.78, 0.00, 12.69, 13.91, 0.000, 0.000, 0.000, 10:43:33.160
159, 6.81, 0.00, 10.19, 11.64, 0.000, 0.000, 0.000, 10:43:33.172
160, 13.46, 0.00, 11.90, 20.89, 0.000, 0.000, 0.000, 10:43:33.173
161, 12.30, 0.00, 13.88, 18.32, 0.000, 0.000, 0.000, 10:43:33.173
162, 9.55, 0.00, 12.31, 16.31, 0.000, 0.000, 0.000, 10:43:33.174
163, 10.83, 0.00, 14.36, 16.23, 0.000, 0.000, 0.000, 10:43:33.188
164, 13.39, 0.00, 14.93, 18.64, 0.000, 0.000, 0.000, 10:43:33.188
165, 13.47, 0.00, 10.43, 16.00, 0.000, 0.000, 0.000, 10:43:33.202
166, 10.83, 0.00, 9.92, 11.12, 0.000, 0.000, 0.000, 10:43:33.202
167, 10.43, 0.00, 12.26, 13.30, 0.000, 0.000, 0.000, 10:43:33.203
168, 12.99, 0.00, 4.30, 23.53, 0.000, 0.000, 0.000, 10:43:33.204
169, 10.68, 0.00, 18.48, 19.99, 0.000, 0.000, 0.000, 10:43:33.217
170, 5.10, 0.00, 19.21, 9.28, 0.000, 0.000, 0.000, 10:43:33.217
171, 10.44, 0.00, 14.06, 14.38, 0.000, 0.000, 0.000, 10:43:33.232
172, 16.56, 0.00, 18.41, 18.11, 0.000, 0.000, 0.000, 10:43:33.232
173, 9.82, 0.00, 4.08, 15.69, 0.000, 0.000, 0.000, 10:43:33.233
174, 11.49, 0.00, 17.37, 13.51, 0.000, 0.000, 0.000, 10:43:33.233
175, 13.03, 0.00, 12.71, 16.75, 0.000, 0.000, 0.000, 10:43:33.247
176, 13.36, 0.00, 18.42, 15.24, 0.000, 0.000, 0.000, 10:43:33.247
177, 12.26, 0.00, 26.27, 17.58, 0.000, 0.000, 0.000, 10:43:33.262
178, 7.84, 0.00, 10.24, 17.63, 0.000, 0.000, 0.000, 10:43:33.262
179, 8.21, 0.00, 4.87, 13.63, 0.000, 0.000, 0.000, 10:43:33.262
180, 12.07, 0.00, 7.69, 16.09, 0.000, 0.000, 0.000, 10:43:33.263
181, 15.19, 0.00, 15.47, 14.49, 0.000, 0.000, 0.000, 10:43:33.277
182, 8.67, 0.00, 13.28, 13.45, 0.000, 0.000, 0.000, 10:43:33.277
183, 13.24, 0.00, 2.57, 11.61, 0.000, 0.000, 0.000, 10:43:33.292
184, 12.38, 0.00, 13.19, 15.69, 0.000, 0.000, 0.000, 10:43:33.292
185, 12.66, 0.00, 10.98, 16.19, 0.000, 0.000, 0.000, 10:43:33.292
186, 9.90, 0.00, 5.27, 16.82, 0.000, 0.000, 0.000, 10:43:33.292
187, 14.13, 0.00, 14.53, 14.81, 0.000, 0.000, 0.000, 10:43:33.308
188, 15.60, 0.00, 15.78, 18.06, 0.000, 0.000, 0.000, 10:43:33.308
189, 17.18, 0.00, 15.73, 14.45, 0.000, 0.000, 0.000, 10:43:33.324
190, 7.87, 0.00, 6.67, 12.17, 0.000, 0.000, 0.000, 10:43:33.324
191, 7.49, 0.00, 9.05, 15.27, 0.000, 0.000, 0.000, 10:43:33.325
192, 12.85, 0.00, 20.31, 18.22, 0.000, 0.000, 0.000, 10:43:33.325
193, 11.77, 0.00, 12.83, 13.32, 0.000, 0.000, 0.000, 10:43:33.338
194, 11.36, 0.00, 14.98, 16.65, 0.000, 0.000, 0.000, 10:43:33.339
195, 14.71, 0.00, 10.81, 11.08, 0.000, 0.000, 0.000, 10:43:33.353
196, 16.30, 0.00, 14.57, 20.77, 0.000, 0.000, 0.000, 10:43:33.353
197, 14.86, 0.00, 18.91, 17.46, 0.000, 0.000, 0.000, 10:43:33.354
198, 11.63, 0.00, 4.78, 15.87, 0.000, 0.000, 0.000, 10:43:33.354
199, 12.40, 0.00, 13.47, 22.08, 0.000, 0.000, 0.000, 10:43:33.368
200, 13.06, 0.00, 13.63, 18.60, 0.000, 0.000, 0.000, 10:43:33.369
0, 11.64, 0.00, 14.85, 16.69, 0.000, 0.000, 0.000, 10:43:33.369
1, 11.44, 0.00, 11.17, 12.03, 0.000, 0.000, 0.000, 10:43:33.383
2, 8.61, 0.00, 18.26, 17.84, 0.000, 0.000, 0.000, 10:43:33.383
3, 16.00, 0.00, 16.28, 18.94, 0.000, 0.000, 0.000, 10:43:33.398
4, 10.90, 0.00, 12.33, 13.68, 0.000, 0.000, 0.000, 10:43:33.398
5, 8.76, 0.00, 5.24, 17.54, 0.000, 0.000, 0.000, 10:43:33.399
6, 10.51, 0.00, 12.90, 17.50, 0.000, 0.000, 0.000, 10:43:33.399
7, 17.20, 0.00, 15.09, 17.26, 0.000, 0.000, 0.000, 10:43:33.414
8, 12.12, 0.00, 14.79, 19.97, 0.000, 0.000, 0.000, 10:43:33.414
9, 12.59, 0.00, 8.13, 15.99, 0.000, 0.000, 0.000, 10:43:33.428
10, 7.78, 0.00, 5.96, 19.99, 0.000, 0.000, 0.000, 10:43:33.428
11, 11.78, 0.00, 8.85, 17.20, 0.000, 0.000, 0.000, 10:43:33.429
12, 13.91, 0.00, 15.01, 17.52, 0.000, 0.000, 0.000, 10:43:33.429
13, 9.41, 0.00, 14.33, 9.61, 0.000, 0.000, 0.000, 10:43:33.444
14, 12.57, 0.00, 16.25, 16.32, 0.000, 0.000, 0.000, 10:43:33.445
15, 15.21, 0.00, 14.44, 17.07, 0.000, 0.000, 0.000, 10:43:33.458
16, 9.40, 0.00, 15.10, 16.18, 0.000, 0.000, 0.000, 10:43:33.458
17, 7.34, 0.00, 11.32, 14.27, 0.000, 0.000, 0.000, 10:43:33.459
18, 9.15, 0.00, 14.19, 16.52, 0.000, 0.000, 0.000, 10:43:33.459
19, 12.87, 0.00, 12.01, 19.63, 0.000, 0.000, 0.000, 10:43:33.473
20, 10.94, 0.00, 16.12, 18.82, 0.000, 0.000, 0.000, 10:43:33.474
21, 9.77, 0.00, 11.62, 15.61, 0.000, 0.000, 0.000, 10:43:33.489
22, 12.41, 0.00, 14.74, 14.81, 0.000, 0.000, 0.000, 10:43:33.489
23, 11.34, 0.00, 17.90, 16.26, 0.000, 0.000, 0.000, 10:43:33.490
24, 13.49, 0.00, 15.89, 14.03, 0.000, 0.000, 0.000, 10:43:33.490
25, 9.23, 0.00, 8.16, 14.63, 0.000, 0.000, 0.000, 10:43:33.503
26, 7.80, 0.00, 5.49, 13.99, 0.000, 0.000, 0.000, 10:43:33.503
