%No., CH1, CH2, CH3, CH4, Accel X, Accel Y, Accel Z, 2017-05-31_09-35-06
0, 1.20, 0.00, -7.79, 4.75, 0.000, 0.000, 0.000, 09:35:10.425
1, -16.11, 0.00, -14.36, -12.23, 0.000, 0.000, 0.000, 09:35:10.439
2, 20.16, 0.00, 28.45, 24.20, 0.000, 0.000, 0.000, 09:35:10.440
3, 39.64, 0.00, 47.04, 44.04, 0.000, 0.000, 0.000, 09:35:10.453
4, -3.06, 0.00, 6.02, 8.96, 0.000, 0.000, 0.000, 09:35:10.454
5, -17.52, 0.00, -15.81, -6.80, 0.000, 0.000, 0.000, 09:35:10.455
6, 24.77, 0.00, 23.82, 27.51, 0.000, 0.000, 0.000, 09:35:10.456
7, 38.82, 0.00, 41.12, 49.53, 0.000, 0.000, 0.000, 09:35:10.468
8, 3.26, 0.00, 3.51, 12.14, 0.000, 0.000, 0.000, 09:35:10.473
9, -16.29, 0.00, -12.49, -12.46, 0.000, 0.000, 0.000, 09:35:10.482
10, 21.58, 0.00, 27.38, 20.27, 0.000, 0.000, 0.000, 09:35:10.485
11, 40.50, 0.00, 39.26, 43.91, 0.000, 0.000, 0.000, 09:35:10.486
12, 0.68, 0.00, 1.45, 1.43, 0.000, 0.000, 0.000, 09:35:10.486
13, -18.88, 0.00, -14.95, -10.30, 0.000, 0.000, 0.000, 09:35:10.500
14, 24.21, 0.00, 24.56, 21.88, 0.000, 0.000, 0.000, 09:35:10.500
15, 36.96, 0.00, 42.30, 42.49, 0.000, 0.000, 0.000, 09:35:10.513
16, -1.19, 0.00, 4.87, 5.82, 0.000, 0.000, 0.000, 09:35:10.514
17, -19.73, 0.00, -19.16, -10.15, 0.000, 0.000, 0.000, 09:35:10.514
18, 18.23, 0.00, 27.49, 25.84, 0.000, 0.000, 0.000, 09:35:10.515
19, 41.81, 0.00, 43.96, 47.30, 0.000, 0.000, 0.000, 09:35:10.528
20, -1.48, 0.00, 1.21, 8.55, 0.000, 0.000, 0.000, 09:35:10.529
21, -16.77, 0.00, -19.95, -14.00, 0.000, 0.000, 0.000, 09:35:10.543
22, 21.59, 0.00, 24.80, 23.89, 0.000, 0.000, 0.000, 09:35:10.544
23, 40.75, 0.00, 41.66, 44.06, 0.000, 0.000, 0.000, 09:35:10.544
24, 1.96, 0.00, 7.69, 6.50, 0.000, 0.000, 0.000, 09:35:10.545
25, -17.53, 0.00, -20.65, -12.40, 0.000, 0.000, 0.000, 09:35:10.558
26, 29.12, 0.00, 23.95, 25.51, 0.000, 0.000, 0.000, 09:35:10.558
27, 55.43, 0.00, 42.80, 43.62, 0.000, 0.000, 0.000, 09:35:10.573
28, 9.71, 0.00, -1.44, 6.65, 0.000, 0.000, 0.000, 09:35:10.577
29, -11.02, 0.00, -18.49, -14.21, 0.000, 0.000, 0.000, 09:35:10.577
30, 20.24, 0.00, 23.98, 26.92, 0.000, 0.000, 0.000, 09:35:10.578
31, 50.23, 0.00, 42.69, 52.76, 0.000, 0.000, 0.000, 09:35:10.589
32, 2.89, 0.00, 5.12, 9.69, 0.000, 0.000, 0.000, 09:35:10.590
33, -28.96, 0.00, -23.12, -12.66, 0.000, 0.000, 0.000, 09:35:10.606
34, 15.15, 0.00, 24.73, 28.25, 0.000, 0.000, 0.000, 09:35:10.607
35, 38.58, 0.00, 46.59, 46.91, 0.000, 0.000, 0.000, 09:35:10.607
36, -4.40, 0.00, 4.31, 7.78, 0.000, 0.000, 0.000, 09:35:10.608
37, -25.35, 0.00, -20.97, -17.40, 0.000, 0.000, 0.000, 09:35:10.619
38, 14.00, 0.00, 22.65, 21.79, 0.000, 0.000, 0.000, 09:35:10.622
39, 37.60, 0.00, 50.92, 48.16, 0.000, 0.000, 0.000, 09:35:10.633
40, 0.34, 0.00, 4.06, 9.35, 0.000, 0.000, 0.000, 09:35:10.633
41, -10.31, 0.00, -20.83, -19.05, 0.000, 0.000, 0.000, 09:35:10.635
42, 31.58, 0.00, 15.56, 25.02, 0.000, 0.000, 0.000, 09:35:10.636
43, 54.09, 0.00, 45.80, 47.25, 0.000, 0.000, 0.000, 09:35:10.649
44, 12.82, 0.00, 6.57, 11.08, 0.000, 0.000, 0.000, 09:35:10.649
45, -15.31, 0.00, -20.26, -15.14, 0.000, 0.000, 0.000, 09:35:10.663
46, 25.37, 0.00, 22.82, 26.82, 0.000, 0.000, 0.000, 09:35:10.663
47, 44.39, 0.00, 46.58, 49.36, 0.000, 0.000, 0.000, 09:35:10.672
48, 6.08, 0.00, 6.57, 13.74, 0.000, 0.000, 0.000, 09:35:10.672
49, -20.02, 0.00, -25.13, -17.34, 0.000, 0.000, 0.000, 09:35:10.678
50, 25.71, 0.00, 22.63, 23.42, 0.000, 0.000, 0.000, 09:35:10.678
51, 52.45, 0.00, 49.04, 50.83, 0.000, 0.000, 0.000, 09:35:10.694
52, 5.16, 0.00, 3.57, 7.41, 0.000, 0.000, 0.000, 09:35:10.694
53, -17.35, 0.00, -14.96, -14.81, 0.000, 0.000, 0.000, 09:35:10.694
54, 15.96, 0.00, 20.85, 23.56, 0.000, 0.000, 0.000, 09:35:10.695
55, 44.23, 0.00, 44.78, 52.97, 0.000, 0.000, 0.000, 09:35:10.708
56, -0.25, 0.00, 6.59, 9.80, 0.000, 0.000, 0.000, 09:35:10.709
57, -23.01, 0.00, -23.62, -18.39, 0.000, 0.000, 0.000, 09:35:10.723
58, 20.02, 0.00, 19.70, 22.66, 0.000, 0.000, 0.000, 09:35:10.723
59, 43.13, 0.00, 49.74, 50.56, 0.000, 0.000, 0.000, 09:35:10.724
60, 4.32, 0.00, 4.85, 6.42, 0.000, 0.000, 0.000, 09:35:10.724
61, -25.01, 0.00, -23.04, -16.73, 0.000, 0.000, 0.000, 09:35:10.738
62, 17.53, 0.00, 19.04, 21.12, 0.000, 0.000, 0.000, 09:35:10.738
63, 45.16, 0.00, 46.28, 47.57, 0.000, 0.000, 0.000, 09:35:10.754
64, 5.15, 0.00, 6.88, 4.22, 0.000, 0.000, 0.000, 09:35:10.755
65, -24.60, 0.00, -23.90, -18.87, 0.000, 0.000, 0.000, 09:35:10.755
66, 10.31, 0.00, 21.80, 24.05, 0.000, 0.000, 0.000, 09:35:10.755
67, 44.08, 0.00, 51.50, 49.76, 0.000, 0.000, 0.000, 09:35:10.771
68, 7.79, 0.00, 7.02, 13.62, 0.000, 0.000, 0.000, 09:35:10.772
69, -24.14, 0.00, -22.03, -17.59, 0.000, 0.000, 0.000, 09:35:10.783
70, 10.23, 0.00, 21.51, 23.93, 0.000, 0.000, 0.000, 09:35:10.784
71, 43.11, 0.00, 49.31, 50.42, 0.000, 0.000, 0.000, 09:35:10.787
72, 4.63, 0.00, 6.00, 12.47, 0.000, 0.000, 0.000, 09:35:10.787
73, -21.62, 0.00, -21.71, -13.01, 0.000, 0.000, 0.000, 09:35:10.800
74, 15.62, 0.00, 20.23, 20.53, 0.000, 0.000, 0.000, 09:35:10.801
75, 41.24, 0.00, 51.14, 47.60, 0.000, 0.000, 0.000, 09:35:10.813
76, 0.61, 0.00, 0.27, 12.06, 0.000, 0.000, 0.000, 09:35:10.813
77, -24.05, 0.00, -24.48, -16.03, 0.000, 0.000, 0.000, 09:35:10.814
78, 17.71, 0.00, 18.79, 19.63, 0.000, 0.000, 0.000, 09:35:10.814
79, 46.95, 0.00, 52.78, 49.89, 0.000, 0.000, 0.000, 09:35:10.828
80, -1.24, 0.00, 4.40, 8.82, 0.000, 0.000, 0.000, 09:35:10.829
81, -28.75, 0.00, -25.62, -20.99, 0.000, 0.000, 0.000, 09:35:10.843
82, 21.68, 0.00, 23.24, 17.07, 0.000, 0.000, 0.000, 09:35:10.843
83, 51.70, 0.00, 51.02, 52.45, 0.000, 0.000, 0.000, 09:35:10.843
84, 8.86, 0.00, 7.10, 13.44, 0.000, 0.000, 0.000, 09:35:10.843
85, -27.59, 0.00, -30.43, -19.02, 0.000, 0.000, 0.000, 09:35:10.858
86, 14.61, 0.00, 17.63, 18.92, 0.000, 0.000, 0.000, 09:35:10.858
87, 45.35, 0.00, 51.80, 53.26, 0.000, 0.000, 0.000, 09:35:10.873
88, 2.97, 0.00, 9.09, 13.56, 0.000, 0.000, 0.000, 09:35:10.873
89, -24.78, 0.00, -27.56, -22.48, 0.000, 0.000, 0.000, 09:35:10.874
90, 15.95, 0.00, 15.24, 16.88, 0.000, 0.000, 0.000, 09:35:10.874
91, 50.01, 0.00, 50.79, 50.93, 0.000, 0.000, 0.000, 09:35:10.889
92, 5.12, 0.00, 6.37, 10.80, 0.000, 0.000, 0.000, 09:35:10.890
93, -28.89, 0.00, -32.05, -16.09, 0.000, 0.000, 0.000, 09:35:10.904
94, 12.74, 0.00, 18.74, 17.97, 0.000, 0.000, 0.000, 09:35:10.905
95, 52.57, 0.00, 56.02, 56.24, 0.000, 0.000, 0.000, 09:35:10.905
96, 3.91, 0.00, 7.91, 11.24, 0.000, 0.000, 0.000, 09:35:10.905
97, -26.57, 0.00, -25.49, -21.67, 0.000, 0.000, 0.000, 09:35:10.920
98, 11.76, 0.00, 13.03, 20.36, 0.000, 0.000, 0.000, 09:35:10.921
99, 51.85, 0.00, 55.54, 56.73, 0.000, 0.000, 0.000, 09:35:10.933
100, 8.11, 0.00, 11.88, 10.37, 0.000, 0.000, 0.000, 09:35:10.933
101, -31.52, 0.00, -29.79, -22.06, 0.000, 0.000, 0.000, 09:35:10.935
102, 10.90, 0.00, 13.36, 14.85, 0.000, 0.000, 0.000, 09:35:10.936
103, 52.54, 0.00, 56.75, 59.20, 0.000, 0.000, 0.000, 09:35:10.948
104, 1.80, 0.00, 9.21, 14.47, 0.000, 0.000, 0.000, 09:35:10.949
105, -34.47, 0.00, -32.01, -24.61, 0.000, 0.000, 0.000, 09:35:10.963
106, 15.96, 0.00, 14.47, 14.77, 0.000, 0.000, 0.000, 09:35:10.963
107, 56.03, 0.00, 63.99, 60.12, 0.000, 0.000, 0.000, 09:35:10.964
108, 5.24, 0.00, 7.97, 9.09, 0.000, 0.000, 0.000, 09:35:10.965
109, -32.54, 0.00, -32.33, -21.83, 0.000, 0.000, 0.000, 09:35:10.978
110, 10.54, 0.00, 17.74, 19.14, 0.000, 0.000, 0.000, 09:35:10.978
111, 60.55, 0.00, 55.43, 60.19, 0.000, 0.000, 0.000, 09:35:10.994
112, 10.77, 0.00, 11.69, 17.83, 0.000, 0.000, 0.000, 09:35:10.994
113, -35.66, 0.00, -26.23, -26.90, 0.000, 0.000, 0.000, 09:35:11.001
114, 4.41, 0.00, 13.96, 19.97, 0.000, 0.000, 0.000, 09:35:11.001
115, 49.39, 0.00, 61.44, 59.94, 0.000, 0.000, 0.000, 09:35:11.008
116, 6.26, 0.00, 8.60, 16.85, 0.000, 0.000, 0.000, 09:35:11.008
117, -35.10, 0.00, -28.66, -25.21, 0.000, 0.000, 0.000, 09:35:11.025
118, 13.96, 0.00, 12.55, 17.70, 0.000, 0.000, 0.000, 09:35:11.025
119, 60.40, 0.00, 60.59, 58.52, 0.000, 0.000, 0.000, 09:35:11.025
120, 17.21, 0.00, 17.01, 14.30, 0.000, 0.000, 0.000, 09:35:11.025
121, -28.11, 0.00, -30.48, -21.58, 0.000, 0.000, 0.000, 09:35:11.038
122, 17.00, 0.00, 15.74, 18.07, 0.000, 0.000, 0.000, 09:35:11.038
123, 58.36, 0.00, 56.78, 58.28, 0.000, 0.000, 0.000, 09:35:11.054
124, 8.12, 0.00, 11.02, 11.85, 0.000, 0.000, 0.000, 09:35:11.221
125, -34.11, 0.00, -32.70, -24.03, 0.000, 0.000, 0.000, 09:35:11.222
126, 11.89, 0.00, 14.08, 18.12, 0.000, 0.000, 0.000, 09:35:11.222
127, 50.93, 0.00, 58.69, 56.25, 0.000, 0.000, 0.000, 09:35:11.222
128, 2.14, 0.00, 12.28, 13.58, 0.000, 0.000, 0.000, 09:35:11.222
129, -36.82, 0.00, -32.47, -23.41, 0.000, 0.000, 0.000, 09:35:11.222
130, 11.29, 0.00, 12.80, 16.00, 0.000, 0.000, 0.000, 09:35:11.222
131, 49.03, 0.00, 57.48, 54.79, 0.000, 0.000, 0.000, 09:35:11.223
132, 7.96, 0.00, 9.95, 16.51, 0.000, 0.000, 0.000, 09:35:11.223
133, -33.69, 0.00, -29.49, -23.08, 0.000, 0.000, 0.000, 09:35:11.223
134, 11.43, 0.00, 14.29, 12.16, 0.000, 0.000, 0.000, 09:35:11.223
135, 49.21, 0.00, 56.43, 57.18, 0.000, 0.000, 0.000, 09:35:11.223
136, 3.24, 0.00, 13.44, 14.00, 0.000, 0.000, 0.000, 09:35:11.223
137, -36.54, 0.00, -32.68, -22.21, 0.000, 0.000, 0.000, 09:35:11.223
138, 6.59, 0.00, 18.41, 19.53, 0.000, 0.000, 0.000, 09:35:11.223
139, 49.86, 0.00, 58.13, 59.51, 0.000, 0.000, 0.000, 09:35:11.223
140, 5.07, 0.00, 9.68, 12.84, 0.000, 0.000, 0.000, 09:35:11.223
141, -30.55, 0.00, -23.99, -20.89, 0.000, 0.000, 0.000, 09:35:11.224
142, 11.49, 0.00, 12.95, 20.15, 0.000, 0.000, 0.000, 09:35:11.224
143, 51.92, 0.00, 49.31, 58.21, 0.000, 0.000, 0.000, 09:35:11.224
144, 8.13, 0.00, 7.11, 15.79, 0.000, 0.000, 0.000, 09:35:11.224
145, -29.48, 0.00, -30.44, -22.40, 0.000, 0.000, 0.000, 09:35:11.224
146, 9.67, 0.00, 11.88, 18.83, 0.000, 0.000, 0.000, 09:35:11.224
147, 52.37, 0.00, 54.28, 54.76, 0.000, 0.000, 0.000, 09:35:11.224
148, 11.72, 0.00, 12.79, 15.60, 0.000, 0.000, 0.000, 09:35:11.224
149, -28.94, 0.00, -28.23, -21.38, 0.000, 0.000, 0.000, 09:35:11.224
150, 8.80, 0.00, 10.18, 16.08, 0.000, 0.000, 0.000, 09:35:11.225
151, 51.01, 0.00, 60.50, 53.64, 0.000, 0.000, 0.000, 09:35:11.225
152, 12.23, 0.00, 14.05, 17.36, 0.000, 0.000, 0.000, 09:35:11.225
153, -29.58, 0.00, -29.39, -24.24, 0.000, 0.000, 0.000, 09:35:11.225
154, 13.32, 0.00, 13.41, 16.03, 0.000, 0.000, 0.000, 09:35:11.225
155, 50.77, 0.00, 57.29, 52.87, 0.000, 0.000, 0.000, 09:35:11.225
156, 11.56, 0.00, 11.20, 18.72, 0.000, 0.000, 0.000, 09:35:11.225
157, -29.47, 0.00, -24.88, -25.25, 0.000, 0.000, 0.000, 09:35:11.226
158, 7.37, 0.00, 7.45, 13.01, 0.000, 0.000, 0.000, 09:35:11.226
159, 51.78, 0.00, 56.65, 53.95, 0.000, 0.000, 0.000, 09:35:11.233
160, 12.48, 0.00, 13.35, 12.10, 0.000, 0.000, 0.000, 09:35:11.233
161, -31.18, 0.00, -24.27, -22.18, 0.000, 0.000, 0.000, 09:35:11.233
162, 5.54, 0.00, 12.15, 16.04, 0.000, 0.000, 0.000, 09:35:11.234
163, 51.30, 0.00, 51.52, 55.18, 0.000, 0.000, 0.000, 09:35:11.248
164, 10.41, 0.00, 13.66, 13.32, 0.000, 0.000, 0.000, 09:35:11.249
165, -29.27, 0.00, -25.29, -23.91, 0.000, 0.000, 0.000, 09:35:11.263
166, 8.41, 0.00, 10.28, 15.63, 0.000, 0.000, 0.000, 09:35:11.263
167, 53.13, 0.00, 57.59, 57.58, 0.000, 0.000, 0.000, 09:35:11.263
168, 10.26, 0.00, 15.73, 17.93, 0.000, 0.000, 0.000, 09:35:11.263
169, -29.86, 0.00, -29.89, -20.83, 0.000, 0.000, 0.000, 09:35:11.278
170, 4.98, 0.00, 9.07, 14.12, 0.000, 0.000, 0.000, 09:35:11.278
171, 47.18, 0.00, 55.77, 49.44, 0.000, 0.000, 0.000, 09:35:11.294
172, 5.31, 0.00, 8.67, 19.17, 0.000, 0.000, 0.000, 09:35:11.294
173, -31.25, 0.00, -26.88, -17.95, 0.000, 0.000, 0.000, 09:35:11.294
174, 5.14, 0.00, 13.98, 16.18, 0.000, 0.000, 0.000, 09:35:11.294
175, 45.31, 0.00, 53.70, 51.86, 0.000, 0.000, 0.000, 09:35:11.307
176, 8.80, 0.00, 11.35, 13.12, 0.000, 0.000, 0.000, 09:35:11.308
177, -26.68, 0.00, -22.19, -20.55, 0.000, 0.000, 0.000, 09:35:11.323
178, 10.70, 0.00, 6.20, 18.48, 0.000, 0.000, 0.000, 09:35:11.323
179, 40.60, 0.00, 54.45, 48.39, 0.000, 0.000, 0.000, 09:35:11.323
180, 9.82, 0.00, 16.15, 16.28, 0.000, 0.000, 0.000, 09:35:11.323
181, -24.20, 0.00, -33.66, -16.21, 0.000, 0.000, 0.000, 09:35:11.338
182, 10.61, 0.00, 12.01, 15.12, 0.000, 0.000, 0.000, 09:35:11.338
183, 43.84, 0.00, 51.27, 51.07, 0.000, 0.000, 0.000, 09:35:11.353
184, 8.60, 0.00, 12.93, 16.90, 0.000, 0.000, 0.000, 09:35:11.354
185, -23.38, 0.00, -32.03, -15.90, 0.000, 0.000, 0.000, 09:35:11.354
186, 4.35, 0.00, 22.04, 13.89, 0.000, 0.000, 0.000, 09:35:11.354
187, 44.91, 0.00, 50.11, 53.05, 0.000, 0.000, 0.000, 09:35:11.370
188, 13.29, 0.00, 12.96, 17.13, 0.000, 0.000, 0.000, 09:35:11.371
189, -23.35, 0.00, -24.50, -13.06, 0.000, 0.000, 0.000, 09:35:11.383
190, 10.88, 0.00, 11.80, 16.24, 0.000, 0.000, 0.000, 09:35:11.383
191, 42.11, 0.00, 54.29, 50.00, 0.000, 0.000, 0.000, 09:35:11.391
192, 11.83, 0.00, 13.10, 22.67, 0.000, 0.000, 0.000, 09:35:11.391
193, -24.81, 0.00, -25.75, -20.16, 0.000, 0.000, 0.000, 09:35:11.399
194, 9.37, 0.00, 13.36, 16.80, 0.000, 0.000, 0.000, 09:35:11.399
195, 44.64, 0.00, 55.58, 52.19, 0.000, 0.000, 0.000, 09:35:11.413
196, 11.68, 0.00, 21.79, 18.17, 0.000, 0.000, 0.000, 09:35:11.413
197, -23.61, 0.00, -19.11, -16.40, 0.000, 0.000, 0.000, 09:35:11.420
198, 8.74, 0.00, 9.02, 14.45, 0.000, 0.000, 0.000, 09:35:11.421
199, 49.46, 0.00, 48.49, 50.45, 0.000, 0.000, 0.000, 09:35:11.428
200, 14.80, 0.00, 11.37, 18.63, 0.000, 0.000, 0.000, 09:35:11.428
0, -25.75, 0.00, -26.76, -16.58, 0.000, 0.000, 0.000, 09:35:11.428
1, 8.01, 0.00, 12.69, 12.10, 0.000, 0.000, 0.000, 09:35:11.443
2, 47.80, 0.00, 50.68, 51.47, 0.000, 0.000, 0.000, 09:35:11.443
3, 9.22, 0.00, 13.74, 21.64, 0.000, 0.000, 0.000, 09:35:11.458
4, -23.77, 0.00, -23.91, -14.03, 0.000, 0.000, 0.000, 09:35:11.458
5, 8.82, 0.00, 11.04, 11.62, 0.000, 0.000, 0.000, 09:35:11.459
6, 45.55, 0.00, 41.78, 49.47, 0.000, 0.000, 0.000, 09:35:11.459
7, 11.47, 0.00, 15.01, 18.37, 0.000, 0.000, 0.000, 09:35:11.473
8, -24.80, 0.00, -19.58, -18.32, 0.000, 0.000, 0.000, 09:35:11.473
9, 6.66, 0.00, 13.36, 12.56, 0.000, 0.000, 0.000, 09:35:11.489
10, 48.30, 0.00, 50.13, 54.10, 0.000, 0.000, 0.000, 09:35:11.489
11, 14.90, 0.00, 12.43, 19.17, 0.000, 0.000, 0.000, 09:35:11.489
12, -21.01, 0.00, -25.19, -14.50, 0.000, 0.000, 0.000, 09:35:11.490
13, 7.68, 0.00, 14.29, 15.43, 0.000, 0.000, 0.000, 09:35:11.505
14, 48.33, 0.00, 53.23, 50.81, 0.000, 0.000, 0.000, 09:35:11.505
15, 16.79, 0.00, 17.96, 22.24, 0.000, 0.000, 0.000, 09:35:11.520
16, -23.73, 0.00, -19.65, -17.93, 0.000, 0.000, 0.000, 09:35:11.520
17, 8.47, 0.00, 10.88, 12.31, 0.000, 0.000, 0.000, 09:35:11.520
18, 45.48, 0.00, 51.99, 49.37, 0.000, 0.000, 0.000, 09:35:11.520
19, 15.50, 0.00, 15.18, 20.29, 0.000, 0.000, 0.000, 09:35:11.534
20, -21.80, 0.00, -19.24, -17.41, 0.000, 0.000, 0.000, 09:35:11.534
21, 6.37, 0.00, 3.52, 14.22, 0.000, 0.000, 0.000, 09:35:11.549
22, 39.18, 0.00, 42.32, 50.22, 0.000, 0.000, 0.000, 09:35:11.550
23, 14.91, 0.00, 16.48, 21.66, 0.000, 0.000, 0.000, 09:35:11.550
24, -24.04, 0.00, -17.88, -19.82, 0.000, 0.000, 0.000, 09:35:11.550
25, 2.42, 0.00, 11.32, 13.20, 0.000, 0.000, 0.000, 09:35:11.563
26, 45.44, 0.00, 49.34, 48.93, 0.000, 0.000, 0.000, 09:35:11.563
27, 15.92, 0.00, 16.51, 16.60, 0.000, 0.000, 0.000, 09:35:11.578
28, -21.60, 0.00, -24.36, -14.10, 0.000, 0.000, 0.000, 09:35:11.579
29, 3.41, 0.00, 8.40, 10.12, 0.000, 0.000, 0.000, 09:35:11.579
30, 43.18, 0.00, 50.09, 52.51, 0.000, 0.000, 0.000, 09:35:11.579
31, 15.00, 0.00, 17.70, 18.30, 0.000, 0.000, 0.000, 09:35:11.593
32, -25.36, 0.00, -19.92, -13.73, 0.000, 0.000, 0.000, 09:35:11.594
33, 4.87, 0.00, 5.65, 10.85, 0.000, 0.000, 0.000, 09:35:11.609
34, 45.57, 0.00, 49.84, 46.41, 0.000, 0.000, 0.000, 09:35:11.609
35, 10.06, 0.00, 18.49, 18.46, 0.000, 0.000, 0.000, 09:35:11.609
36, -19.62, 0.00, -22.92, -14.18, 0.000, 0.000, 0.000, 09:35:11.610
37, 4.02, 0.00, 5.71, 11.55, 0.000, 0.000, 0.000, 09:35:11.624
38, 45.60, 0.00, 43.65, 48.18, 0.000, 0.000, 0.000, 09:35:11.624
39, 19.24, 0.00, 12.35, 22.92, 0.000, 0.000, 0.000, 09:35:11.638
40, -20.20, 0.00, -19.97, -13.65, 0.000, 0.000, 0.000, 09:35:11.639
41, 6.74, 0.00, 8.59, 9.42, 0.000, 0.000, 0.000, 09:35:11.639
42, 42.62, 0.00, 42.60, 45.46, 0.000, 0.000, 0.000, 09:35:11.639
43, 12.44, 0.00, 18.72, 18.79, 0.000, 0.000, 0.000, 09:35:11.654
44, -23.17, 0.00, -24.46, -17.77, 0.000, 0.000, 0.000, 09:35:11.654
45, 1.98, 0.00, 6.52, 8.88, 0.000, 0.000, 0.000, 09:35:11.670
46, 45.26, 0.00, 47.23, 47.00, 0.000, 0.000, 0.000, 09:35:11.670
47, 13.61, 0.00, 18.62, 20.04, 0.000, 0.000, 0.000, 09:35:11.671
48, -27.81, 0.00, -21.00, -14.17, 0.000, 0.000, 0.000, 09:35:11.671
49, 6.10, 0.00, 8.02, 10.61, 0.000, 0.000, 0.000, 09:35:11.683
50, 52.61, 0.00, 43.75, 51.71, 0.000, 0.000, 0.000, 09:35:11.684
51, 14.87, 0.00, 18.24, 19.90, 0.000, 0.000, 0.000, 09:35:11.698
52, -22.88, 0.00, -18.61, -15.24, 0.000, 0.000, 0.000, 09:35:11.699
53, -0.26, 0.00, 9.03, 4.35, 0.000, 0.000, 0.000, 09:35:11.700
54, 44.12, 0.00, 50.31, 49.28, 0.000, 0.000, 0.000, 09:35:11.701
55, 18.23, 0.00, 21.31, 23.27, 0.000, 0.000, 0.000, 09:35:11.715
56, -22.56, 0.00, -19.71, -16.38, 0.000, 0.000, 0.000, 09:35:11.716
57, 0.33, 0.00, 2.87, 10.16, 0.000, 0.000, 0.000, 09:35:11.727
58, 42.33, 0.00, 48.56, 50.34, 0.000, 0.000, 0.000, 09:35:11.728
59, 18.07, 0.00, 17.27, 26.31, 0.000, 0.000, 0.000, 09:35:11.729
60, -20.75, 0.00, -21.04, -14.16, 0.000, 0.000, 0.000, 09:35:11.729
61, 3.13, 0.00, 7.02, 10.28, 0.000, 0.000, 0.000, 09:35:11.743
62, 48.36, 0.00, 44.68, 49.56, 0.000, 0.000, 0.000, 09:35:11.743
63, 21.78, 0.00, 19.41, 27.00, 0.000, 0.000, 0.000, 09:35:11.758
64, -20.58, 0.00, -22.96, -17.42, 0.000, 0.000, 0.000, 09:35:11.758
65, 10.17, 0.00, 4.03, 3.75, 0.000, 0.000, 0.000, 09:35:11.758
66, 44.22, 0.00, 49.99, 49.76, 0.000, 0.000, 0.000, 09:35:11.759
67, 21.27, 0.00, 20.85, 22.83, 0.000, 0.000, 0.000, 09:35:11.773
68, -18.98, 0.00, -19.47, -18.87, 0.000, 0.000, 0.000, 09:35:11.773
69, 0.33, 0.00, 3.05, 6.98, 0.000, 0.000, 0.000, 09:35:11.787
70, 42.78, 0.00, 51.78, 47.19, 0.000, 0.000, 0.000, 09:35:11.788
71, 20.56, 0.00, 26.17, 24.18, 0.000, 0.000, 0.000, 09:35:11.789
72, -27.05, 0.00, -20.23, -19.08, 0.000, 0.000, 0.000, 09:35:11.789
73, 3.01, 0.00, 11.92, 2.37, 0.000, 0.000, 0.000, 09:35:11.805
74, 44.12, 0.00, 48.30, 47.25, 0.000, 0.000, 0.000, 09:35:11.806
75, 20.84, 0.00, 20.56, 29.52, 0.000, 0.000, 0.000, 09:35:11.820
76, -25.00, 0.00, -21.77, -16.84, 0.000, 0.000, 0.000, 09:35:11.821
77, -1.78, 0.00, 7.24, 6.50, 0.000, 0.000, 0.000, 09:35:11.822
78, 43.51, 0.00, 44.61, 45.84, 0.000, 0.000, 0.000, 09:35:11.822
79, 17.69, 0.00, 21.01, 27.43, 0.000, 0.000, 0.000, 09:35:11.834
80, -20.36, 0.00, -16.14, -13.99, 0.000, 0.000, 0.000, 09:35:11.835
81, -3.47, 0.00, 2.42, 5.13, 0.000, 0.000, 0.000, 09:35:11.849
82, 45.96, 0.00, 50.10, 52.98, 0.000, 0.000, 0.000, 09:35:11.849
83, 20.90, 0.00, 21.00, 24.03, 0.000, 0.000, 0.000, 09:35:11.856
84, -27.08, 0.00, -19.93, -12.43, 0.000, 0.000, 0.000, 09:35:11.856
85, -0.62, 0.00, -7.79, 5.92, 0.000, 0.000, 0.000, 09:35:11.863
86, 46.43, 0.00, 42.88, 44.89, 0.000, 0.000, 0.000, 09:35:11.863
87, 18.40, 0.00, 13.10, 25.18, 0.000, 0.000, 0.000, 09:35:11.878
88, -27.36, 0.00, -10.01, -17.19, 0.000, 0.000, 0.000, 09:35:11.878
89, -5.07, 0.00, 2.52, 2.94, 0.000, 0.000, 0.000, 09:35:11.879
90, 45.82, 0.00, 46.30, 49.50, 0.000, 0.000, 0.000, 09:35:11.879
91, 29.73, 0.00, 21.64, 25.70, 0.000, 0.000, 0.000, 09:35:11.894
92, -17.68, 0.00, -25.46, -12.92, 0.000, 0.000, 0.000, 09:35:11.894
93, -1.22, 0.00, 8.93, 8.80, 0.000, 0.000, 0.000, 09:35:11.908
94, 43.97, 0.00, 50.98, 51.84, 0.000, 0.000, 0.000, 09:35:11.908
95, 19.39, 0.00, 22.92, 28.51, 0.000, 0.000, 0.000, 09:35:11.909
96, -20.30, 0.00, -17.53, -12.20, 0.000, 0.000, 0.000, 09:35:11.909
97, 2.74, 0.00, -0.10, 6.23, 0.000, 0.000, 0.000, 09:35:11.923
98, 39.25, 0.00, 44.56, 50.43, 0.000, 0.000, 0.000, 09:35:11.923
99, 20.52, 0.00, 24.16, 25.89, 0.000, 0.000, 0.000, 09:35:11.938
100, -24.29, 0.00, -13.77, -15.10, 0.000, 0.000, 0.000, 09:35:11.938
101, -5.50, 0.00, 4.04, 2.76, 0.000, 0.000, 0.000, 09:35:11.938
102, 39.90, 0.00, 44.44, 46.69, 0.000, 0.000, 0.000, 09:35:11.939
103, 18.13, 0.00, 29.07, 28.81, 0.000, 0.000, 0.000, 09:35:11.955
104, -23.00, 0.00, -22.79, -10.57, 0.000, 0.000, 0.000, 09:35:11.956
105, -7.32, 0.00, 2.20, 3.52, 0.000, 0.000, 0.000, 09:35:11.970
106, 41.56, 0.00, 53.00, 44.70, 0.000, 0.000, 0.000, 09:35:11.971
107, 22.37, 0.00, 24.03, 28.04, 0.000, 0.000, 0.000, 09:35:11.971
108, -22.88, 0.00, -23.52, -17.31, 0.000, 0.000, 0.000, 09:35:11.971
109, -4.96, 0.00, -0.75, 0.84, 0.000, 0.000, 0.000, 09:35:11.983
110, 42.18, 0.00, 43.18, 47.84, 0.000, 0.000, 0.000, 09:35:11.983
111, 25.73, 0.00, 30.03, 27.52, 0.000, 0.000, 0.000, 09:35:11.998
112, -24.73, 0.00, -19.66, -12.62, 0.000, 0.000, 0.000, 09:35:11.998
113, -1.55, 0.00, 4.23, 0.96, 0.000, 0.000, 0.000, 09:35:12.000
114, 44.58, 0.00, 46.60, 45.94, 0.000, 0.000, 0.000, 09:35:12.001
115, 23.61, 0.00, 23.79, 30.81, 0.000, 0.000, 0.000, 09:35:12.012
116, -14.78, 0.00, -21.10, -10.81, 0.000, 0.000, 0.000, 09:35:12.013
117, -5.90, 0.00, -1.46, 0.89, 0.000, 0.000, 0.000, 09:35:12.028
118, 44.39, 0.00, 45.98, 50.98, 0.000, 0.000, 0.000, 09:35:12.028
119, 25.73, 0.00, 25.47, 28.71, 0.000, 0.000, 0.000, 09:35:12.028
120, -20.34, 0.00, -20.10, -12.53, 0.000, 0.000, 0.000, 09:35:12.029
121, -2.26, 0.00, -3.69, 4.70, 0.000, 0.000, 0.000, 09:35:12.044
122, 44.62, 0.00, 45.13, 47.80, 0.000, 0.000, 0.000, 09:35:12.044
123, 23.52, 0.00, 30.35, 34.05, 0.000, 0.000, 0.000, 09:35:12.058
124, -21.61, 0.00, -22.80, -14.46, 0.000, 0.000, 0.000, 09:35:12.058
125, -5.69, 0.00, -3.25, 0.20, 0.000, 0.000, 0.000, 09:35:12.058
126, 41.45, 0.00, 51.57, 45.57, 0.000, 0.000, 0.000, 09:35:12.058
127, 23.55, 0.00, 27.64, 29.35, 0.000, 0.000, 0.000, 09:35:12.072
128, -22.15, 0.00, -17.65, -12.87, 0.000, 0.000, 0.000, 09:35:12.073
129, -4.47, 0.00, -4.45, 0.06, 0.000, 0.000, 0.000, 09:35:12.088
130, 43.02, 0.00, 50.21, 47.08, 0.000, 0.000, 0.000, 09:35:12.088
131, 30.48, 0.00, 23.08, 32.00, 0.000, 0.000, 0.000, 09:35:12.089
132, -22.65, 0.00, -10.72, -8.32, 0.000, 0.000, 0.000, 09:35:12.089
133, -7.27, 0.00, -2.92, -0.49, 0.000, 0.000, 0.000, 09:35:12.104
134, 46.39, 0.00, 46.37, 47.27, 0.000, 0.000, 0.000, 09:35:12.105
135, 26.59, 0.00, 28.43, 35.67, 0.000, 0.000, 0.000, 09:35:12.120
136, -21.09, 0.00, -19.64, -14.73, 0.000, 0.000, 0.000, 09:35:12.122
137, -7.71, 0.00, -0.16, 0.82, 0.000, 0.000, 0.000, 09:35:12.122
138, 41.31, 0.00, 46.86, 48.42, 0.000, 0.000, 0.000, 09:35:12.122
139, 28.93, 0.00, 29.38, 34.41, 0.000, 0.000, 0.000, 09:35:12.134
140, -23.08, 0.00, -24.91, -14.64, 0.000, 0.000, 0.000, 09:35:12.134
141, -7.62, 0.00, -6.72, -4.82, 0.000, 0.000, 0.000, 09:35:12.150
142, 40.73, 0.00, 42.88, 45.01, 0.000, 0.000, 0.000, 09:35:12.150
143, 27.04, 0.00, 27.57, 30.04, 0.000, 0.000, 0.000, 09:35:12.150
144, -20.47, 0.00, -23.75, -10.35, 0.000, 0.000, 0.000, 09:35:12.151
145, -8.04, 0.00, -6.23, -3.89, 0.000, 0.000, 0.000, 09:35:12.163
146, 45.75, 0.00, 43.35, 48.72, 0.000, 0.000, 0.000, 09:35:12.164
147, 28.02, 0.00, 25.03, 30.76, 0.000, 0.000, 0.000, 09:35:12.178
148, -17.14, 0.00, -13.20, -12.61, 0.000, 0.000, 0.000, 09:35:12.178
149, -7.97, 0.00, 2.03, -1.50, 0.000, 0.000, 0.000, 09:35:12.187
150, 43.24, 0.00, 51.84, 45.62, 0.000, 0.000, 0.000, 09:35:12.187
151, 25.70, 0.00, 35.65, 35.04, 0.000, 0.000, 0.000, 09:35:12.193
152, -19.38, 0.00, -17.82, -12.20, 0.000, 0.000, 0.000, 09:35:12.194
153, -5.00, 0.00, -0.26, -0.78, 0.000, 0.000, 0.000, 09:35:12.209
154, 44.09, 0.00, 43.80, 47.46, 0.000, 0.000, 0.000, 09:35:12.209
155, 29.72, 0.00, 23.26, 32.04, 0.000, 0.000, 0.000, 09:35:12.209
156, -23.90, 0.00, -17.65, -11.18, 0.000, 0.000, 0.000, 09:35:12.209
157, -9.26, 0.00, -4.31, -1.67, 0.000, 0.000, 0.000, 09:35:12.223
158, 42.35, 0.00, 42.20, 45.80, 0.000, 0.000, 0.000, 09:35:12.224
159, 28.29, 0.00, 33.85, 34.52, 0.000, 0.000, 0.000, 09:35:12.238
160, -21.15, 0.00, -17.92, -9.99, 0.000, 0.000, 0.000, 09:35:12.239
161, -8.01, 0.00, 2.16, -0.12, 0.000, 0.000, 0.000, 09:35:12.239
162, 41.60, 0.00, 45.67, 46.60, 0.000, 0.000, 0.000, 09:35:12.240
163, 29.50, 0.00, 26.43, 34.89, 0.000, 0.000, 0.000, 09:35:12.255
164, -17.54, 0.00, -18.37, -13.48, 0.000, 0.000, 0.000, 09:35:12.255
165, -9.27, 0.00, -4.51, -2.57, 0.000, 0.000, 0.000, 09:35:12.270
166, 39.81, 0.00, 45.05, 42.57, 0.000, 0.000, 0.000, 09:35:12.270
167, 31.76, 0.00, 30.82, 34.30, 0.000, 0.000, 0.000, 09:35:12.270
168, -18.35, 0.00, -21.87, -11.05, 0.000, 0.000, 0.000, 09:35:12.271
169, -8.94, 0.00, -18.83, -0.13, 0.000, 0.000, 0.000, 09:35:12.283
170, 39.24, 0.00, 42.08, 40.25, 0.000, 0.000, 0.000, 09:35:12.284
171, 32.21, 0.00, 29.51, 35.61, 0.000, 0.000, 0.000, 09:35:12.300
172, -13.35, 0.00, -13.89, -12.98, 0.000, 0.000, 0.000, 09:35:12.300
173, -11.84, 0.00, -4.01, -2.68, 0.000, 0.000, 0.000, 09:35:12.301
174, 38.51, 0.00, 44.72, 42.72, 0.000, 0.000, 0.000, 09:35:12.301
175, 31.30, 0.00, 31.82, 35.34, 0.000, 0.000, 0.000, 09:35:12.313
176, -18.75, 0.00, -10.29, -11.27, 0.000, 0.000, 0.000, 09:35:12.314
177, -11.60, 0.00, -8.79, -3.29, 0.000, 0.000, 0.000, 09:35:12.329
178, 43.04, 0.00, 46.42, 45.22, 0.000, 0.000, 0.000, 09:35:12.329
179, 30.08, 0.00, 33.13, 34.28, 0.000, 0.000, 0.000, 09:35:12.329
180, -17.99, 0.00, -12.06, -8.69, 0.000, 0.000, 0.000, 09:35:12.330
181, -11.49, 0.00, -10.68, -3.90, 0.000, 0.000, 0.000, 09:35:12.343
182, 38.54, 0.00, 44.56, 41.01, 0.000, 0.000, 0.000, 09:35:12.344
183, 30.87, 0.00, 31.94, 37.40, 0.000, 0.000, 0.000, 09:35:12.358
184, -17.87, 0.00, -20.06, -13.06, 0.000, 0.000, 0.000, 09:35:12.359
185, -8.27, 0.00, -11.14, -6.69, 0.000, 0.000, 0.000, 09:35:12.359
186, 40.45, 0.00, 47.24, 45.55, 0.000, 0.000, 0.000, 09:35:12.360
187, 32.94, 0.00, 37.55, 37.58, 0.000, 0.000, 0.000, 09:35:12.373
188, -18.21, 0.00, -17.46, -11.40, 0.000, 0.000, 0.000, 09:35:12.374
189, -8.38, 0.00, -10.79, -2.36, 0.000, 0.000, 0.000, 09:35:12.388
190, 38.34, 0.00, 39.58, 46.11, 0.000, 0.000, 0.000, 09:35:12.388
191, 30.32, 0.00, 33.68, 38.81, 0.000, 0.000, 0.000, 09:35:12.389
192, -15.18, 0.00, -9.16, -12.05, 0.000, 0.000, 0.000, 09:35:12.389
193, -9.61, 0.00, -9.17, -5.54, 0.000, 0.000, 0.000, 09:35:12.405
194, 41.00, 0.00, 35.81, 40.88, 0.000, 0.000, 0.000, 09:35:12.405
195, 31.04, 0.00, 42.48, 36.11, 0.000, 0.000, 0.000, 09:35:12.417
196, -14.80, 0.00, -11.73, -10.55, 0.000, 0.000, 0.000, 09:35:12.419
197, -10.37, 0.00, -12.50, -0.87, 0.000, 0.000, 0.000, 09:35:12.420
198, 38.47, 0.00, 37.37, 41.50, 0.000, 0.000, 0.000, 09:35:12.421
199, 30.94, 0.00, 37.02, 38.84, 0.000, 0.000, 0.000, 09:35:12.433
200, -17.39, 0.00, -11.07, -9.32, 0.000, 0.000, 0.000, 09:35:12.434
0, -9.91, 0.00, -13.06, -7.61, 0.000, 0.000, 0.000, 09:35:12.435
1, 40.37, 0.00, 26.58, 43.64, 0.000, 0.000, 0.000, 09:35:12.449
2, 34.19, 0.00, 27.96, 36.05, 0.000, 0.000, 0.000, 09:35:12.449
3, -17.48, 0.00, -12.41, -11.76, 0.000, 0.000, 0.000, 09:35:12.462
4, -10.12, 0.00, -13.96, -6.39, 0.000, 0.000, 0.000, 09:35:12.463
5, 40.52, 0.00, 46.79, 45.12, 0.000, 0.000, 0.000, 09:35:12.464
6, 30.29, 0.00, 42.53, 37.96, 0.000, 0.000, 0.000, 09:35:12.465
7, -13.22, 0.00, -18.90, -10.70, 0.000, 0.000, 0.000, 09:35:12.478
8, -13.42, 0.00, -10.41, -6.35, 0.000, 0.000, 0.000, 09:35:12.478
9, 34.93, 0.00, 43.66, 43.06, 0.000, 0.000, 0.000, 09:35:12.493
10, 38.64, 0.00, 39.90, 42.06, 0.000, 0.000, 0.000, 09:35:12.493
11, -16.41, 0.00, -11.72, -7.87, 0.000, 0.000, 0.000, 09:35:12.494
12, -13.43, 0.00, -12.02, -5.20, 0.000, 0.000, 0.000, 09:35:12.494
13, 36.87, 0.00, 41.82, 44.01, 0.000, 0.000, 0.000, 09:35:12.508
14, 29.17, 0.00, 39.36, 36.91, 0.000, 0.000, 0.000, 09:35:12.508
15, -16.38, 0.00, -17.81, -12.05, 0.000, 0.000, 0.000, 09:35:12.523
16, -10.82, 0.00, -5.22, -4.90, 0.000, 0.000, 0.000, 09:35:12.523
17, 38.63, 0.00, 39.07, 41.33, 0.000, 0.000, 0.000, 09:35:12.523
18, 32.19, 0.00, 36.96, 38.03, 0.000, 0.000, 0.000, 09:35:12.524
19, -17.50, 0.00, -22.03, -10.90, 0.000, 0.000, 0.000, 09:35:12.545
20, -12.64, 0.00, -10.96, -7.72, 0.000, 0.000, 0.000, 09:35:12.545
21, 39.12, 0.00, 37.81, 39.56, 0.000, 0.000, 0.000, 09:35:12.556
22, 32.41, 0.00, 42.00, 38.92, 0.000, 0.000, 0.000, 09:35:12.556
23, -11.82, 0.00, -12.53, -6.45, 0.000, 0.000, 0.000, 09:35:12.556
24, -15.69, 0.00, -11.14, -8.54, 0.000, 0.000, 0.000, 09:35:12.556
25, 36.08, 0.00, 42.29, 43.25, 0.000, 0.000, 0.000, 09:35:12.570
26, 32.69, 0.00, 37.31, 41.29, 0.000, 0.000, 0.000, 09:35:12.571
27, -16.83, 0.00, -15.21, -8.96, 0.000, 0.000, 0.000, 09:35:12.583
28, -15.19, 0.00, -9.15, -7.57, 0.000, 0.000, 0.000, 09:35:12.584
29, 37.34, 0.00, 43.02, 42.00, 0.000, 0.000, 0.000, 09:35:12.584
30, 36.67, 0.00, 36.03, 43.51, 0.000, 0.000, 0.000, 09:35:12.587
31, -16.84, 0.00, -19.45, -7.09, 0.000, 0.000, 0.000, 09:35:12.599
32, -15.78, 0.00, -8.96, -8.24, 0.000, 0.000, 0.000, 09:35:12.599
33, 35.73, 0.00, 41.27, 38.77, 0.000, 0.000, 0.000, 09:35:12.613
34, 31.98, 0.00, 36.22, 41.70, 0.000, 0.000, 0.000, 09:35:12.613
35, -17.58, 0.00, -13.63, -11.75, 0.000, 0.000, 0.000, 09:35:12.613
36, -12.83, 0.00, -13.50, -8.52, 0.000, 0.000, 0.000, 09:35:12.614
37, 34.41, 0.00, 44.09, 39.26, 0.000, 0.000, 0.000, 09:35:12.628
38, 33.28, 0.00, 46.49, 36.92, 0.000, 0.000, 0.000, 09:35:12.628
39, -15.39, 0.00, -14.65, -5.22, 0.000, 0.000, 0.000, 09:35:12.643
40, -11.55, 0.00, -9.51, -4.25, 0.000, 0.000, 0.000, 09:35:12.643
41, 34.38, 0.00, 29.63, 41.95, 0.000, 0.000, 0.000, 09:35:12.643
42, 36.91, 0.00, 41.33, 40.68, 0.000, 0.000, 0.000, 09:35:12.643
43, -12.90, 0.00, -11.53, -12.53, 0.000, 0.000, 0.000, 09:35:12.658
44, -13.63, 0.00, -9.00, -11.40, 0.000, 0.000, 0.000, 09:35:12.658
45, 36.09, 0.00, 44.44, 37.78, 0.000, 0.000, 0.000, 09:35:12.673
46, 34.89, 0.00, 38.49, 38.12, 0.000, 0.000, 0.000, 09:35:12.673
47, -13.64, 0.00, -11.31, -8.92, 0.000, 0.000, 0.000, 09:35:12.673
48, -16.38, 0.00, -17.48, -11.62, 0.000, 0.000, 0.000, 09:35:12.674
49, 35.70, 0.00, 35.33, 40.36, 0.000, 0.000, 0.000, 09:35:12.690
50, 35.03, 0.00, 35.63, 43.99, 0.000, 0.000, 0.000, 09:35:12.690
51, -15.35, 0.00, -8.86, -8.75, 0.000, 0.000, 0.000, 09:35:12.706
52, -18.10, 0.00, -11.06, -12.90, 0.000, 0.000, 0.000, 09:35:12.707
53, 37.81, 0.00, 41.63, 43.56, 0.000, 0.000, 0.000, 09:35:12.707
54, 37.02, 0.00, 42.28, 41.73, 0.000, 0.000, 0.000, 09:35:12.707
55, -12.24, 0.00, -10.54, -3.59, 0.000, 0.000, 0.000, 09:35:12.718
56, -12.27, 0.00, -14.65, -7.12, 0.000, 0.000, 0.000, 09:35:12.718
57, 33.39, 0.00, 43.94, 39.64, 0.000, 0.000, 0.000, 09:35:12.733
58, 36.48, 0.00, 36.53, 42.26, 0.000, 0.000, 0.000, 09:35:12.733
59, -12.50, 0.00, -11.34, -4.63, 0.000, 0.000, 0.000, 09:35:12.734
60, -11.90, 0.00, -19.84, -4.34, 0.000, 0.000, 0.000, 09:35:12.736
61, 36.27, 0.00, 40.80, 40.91, 0.000, 0.000, 0.000, 09:35:12.749
62, 36.66, 0.00, 37.20, 41.03, 0.000, 0.000, 0.000, 09:35:12.749
63, -11.08, 0.00, -10.76, -9.35, 0.000, 0.000, 0.000, 09:35:12.763
64, -16.30, 0.00, -13.28, -9.95, 0.000, 0.000, 0.000, 09:35:12.763
65, 34.19, 0.00, 35.65, 39.15, 0.000, 0.000, 0.000, 09:35:12.763
66, 36.43, 0.00, 36.90, 43.06, 0.000, 0.000, 0.000, 09:35:12.763
67, -14.52, 0.00, -8.74, -6.73, 0.000, 0.000, 0.000, 09:35:12.778
68, -15.89, 0.00, -11.59, -11.87, 0.000, 0.000, 0.000, 09:35:12.778
69, 30.18, 0.00, 34.73, 37.71, 0.000, 0.000, 0.000, 09:35:12.793
70, 38.38, 0.00, 34.59, 41.66, 0.000, 0.000, 0.000, 09:35:12.793
71, -10.22, 0.00, -2.90, -9.15, 0.000, 0.000, 0.000, 09:35:12.793
72, -16.13, 0.00, -13.62, -15.90, 0.000, 0.000, 0.000, 09:35:12.793
73, 33.52, 0.00, 32.74, 37.89, 0.000, 0.000, 0.000, 09:35:12.807
74, 42.12, 0.00, 46.88, 46.08, 0.000, 0.000, 0.000, 09:35:12.809
75, -11.30, 0.00, -18.22, -3.66, 0.000, 0.000, 0.000, 09:35:12.823
76, -15.58, 0.00, -13.04, -9.73, 0.000, 0.000, 0.000, 09:35:12.824
77, 44.69, 0.00, 22.40, 39.14, 0.000, 0.000, 0.000, 09:35:12.824
78, 52.19, 0.00, 33.74, 47.04, 0.000, 0.000, 0.000, 09:35:12.824
79, 0.73, 0.00, -4.63, -2.23, 0.000, 0.000, 0.000, 09:35:12.839
80, -11.27, 0.00, -9.41, -10.35, 0.000, 0.000, 0.000, 09:35:12.839
81, 44.95, 0.00, 46.79, 39.29, 0.000, 0.000, 0.000, 09:35:12.854
82, 44.30, 0.00, 42.43, 44.55, 0.000, 0.000, 0.000, 09:35:12.855
83, -7.19, 0.00, -10.59, -6.84, 0.000, 0.000, 0.000, 09:35:12.855
84, -11.69, 0.00, -16.20, -9.13, 0.000, 0.000, 0.000, 09:35:12.855
85, 35.92, 0.00, 39.80, 41.31, 0.000, 0.000, 0.000, 09:35:12.870
86, 42.68, 0.00, 48.09, 50.61, 0.000, 0.000, 0.000, 09:35:12.871
87, -10.73, 0.00, -11.27, -5.16, 0.000, 0.000, 0.000, 09:35:12.883
88, -13.79, 0.00, -13.98, -10.37, 0.000, 0.000, 0.000, 09:35:12.883
89, 36.82, 0.00, 42.63, 35.88, 0.000, 0.000, 0.000, 09:35:12.885
90, 39.09, 0.00, 35.04, 40.34, 0.000, 0.000, 0.000, 09:35:12.886
91, -8.30, 0.00, -11.03, -3.68, 0.000, 0.000, 0.000, 09:35:12.898
92, -20.35, 0.00, -11.81, -13.60, 0.000, 0.000, 0.000, 09:35:12.899
93, 28.38, 0.00, 27.65, 38.37, 0.000, 0.000, 0.000, 09:35:12.914
94, 36.84, 0.00, 42.64, 43.85, 0.000, 0.000, 0.000, 09:35:12.915
95, -9.82, 0.00, -6.31, -7.58, 0.000, 0.000, 0.000, 09:35:12.917
96, -16.19, 0.00, -13.61, -13.75, 0.000, 0.000, 0.000, 09:35:12.917
97, 29.78, 0.00, 32.40, 36.92, 0.000, 0.000, 0.000, 09:35:12.928
98, 33.08, 0.00, 42.83, 43.48, 0.000, 0.000, 0.000, 09:35:12.928
99, -13.46, 0.00, -12.15, -4.56, 0.000, 0.000, 0.000, 09:35:12.943
100, -16.71, 0.00, -26.20, -13.00, 0.000, 0.000, 0.000, 09:35:12.943
101, 28.50, 0.00, 43.53, 32.44, 0.000, 0.000, 0.000, 09:35:12.944
102, 43.53, 0.00, 49.56, 46.83, 0.000, 0.000, 0.000, 09:35:12.944
103, -8.51, 0.00, -9.91, -4.56, 0.000, 0.000, 0.000, 09:35:12.958
104, -17.53, 0.00, -18.79, -12.99, 0.000, 0.000, 0.000, 09:35:12.958
105, 26.41, 0.00, 36.31, 37.81, 0.000, 0.000, 0.000, 09:35:12.973
106, 34.52, 0.00, 44.52, 47.56, 0.000, 0.000, 0.000, 09:35:12.973
107, -13.42, 0.00, -9.99, -3.47, 0.000, 0.000, 0.000, 09:35:12.973
108, -17.13, 0.00, -12.70, -12.46, 0.000, 0.000, 0.000, 09:35:12.974
109, 33.13, 0.00, 37.28, 36.95, 0.000, 0.000, 0.000, 09:35:12.988
110, 40.97, 0.00, 41.98, 42.27, 0.000, 0.000, 0.000, 09:35:12.988
111, -11.24, 0.00, -6.22, -2.31, 0.000, 0.000, 0.000, 09:35:13.005
112, -17.97, 0.00, -23.48, -9.94, 0.000, 0.000, 0.000, 09:35:13.005
113, 36.66, 0.00, 30.10, 38.17, 0.000, 0.000, 0.000, 09:35:13.005
114, 43.28, 0.00, 40.94, 46.69, 0.000, 0.000, 0.000, 09:35:13.006
115, -11.07, 0.00, -8.53, -6.39, 0.000, 0.000, 0.000, 09:35:13.019
116, -18.55, 0.00, -13.51, -10.01, 0.000, 0.000, 0.000, 09:35:13.019
117, 30.74, 0.00, 32.33, 36.40, 0.000, 0.000, 0.000, 09:35:13.033
118, 38.74, 0.00, 44.79, 43.46, 0.000, 0.000, 0.000, 09:35:13.034
119, -20.21, 0.00, -5.45, -8.50, 0.000, 0.000, 0.000, 09:35:13.036
120, -20.68, 0.00, -22.76, -12.51, 0.000, 0.000, 0.000, 09:35:13.037
121, 27.85, 0.00, 34.13, 35.27, 0.000, 0.000, 0.000, 09:35:13.049
122, 44.11, 0.00, 45.61, 52.21, 0.000, 0.000, 0.000, 09:35:13.049
123, -9.70, 0.00, -4.02, 0.94, 0.000, 0.000, 0.000, 09:35:13.063
124, -19.48, 0.00, -21.96, -10.89, 0.000, 0.000, 0.000, 09:35:13.063
125, 31.07, 0.00, 32.26, 37.29, 0.000, 0.000, 0.000, 09:35:13.063
126, 42.65, 0.00, 44.67, 47.14, 0.000, 0.000, 0.000, 09:35:13.064
127, -5.26, 0.00, -6.29, -2.31, 0.000, 0.000, 0.000, 09:35:13.078
128, -15.89, 0.00, -20.04, -15.46, 0.000, 0.000, 0.000, 09:35:13.078
129, 28.89, 0.00, 34.41, 35.00, 0.000, 0.000, 0.000, 09:35:13.093
130, 40.41, 0.00, 44.88, 43.20, 0.000, 0.000, 0.000, 09:35:13.093
131, -7.83, 0.00, -11.65, -3.43, 0.000, 0.000, 0.000, 09:35:13.094
132, -18.68, 0.00, -13.68, -14.46, 0.000, 0.000, 0.000, 09:35:13.094
133, 27.43, 0.00, 32.93, 33.44, 0.000, 0.000, 0.000, 09:35:13.108
134, 43.92, 0.00, 45.80, 46.47, 0.000, 0.000, 0.000, 09:35:13.108
135, -5.51, 0.00, -4.13, -3.71, 0.000, 0.000, 0.000, 09:35:13.123
136, -21.87, 0.00, -22.94, -9.52, 0.000, 0.000, 0.000, 09:35:13.124
137, 27.11, 0.00, 27.84, 32.03, 0.000, 0.000, 0.000, 09:35:13.124
138, 45.56, 0.00, 45.73, 47.44, 0.000, 0.000, 0.000, 09:35:13.124
139, -18.41, 0.00, -7.89, -0.43, 0.000, 0.000, 0.000, 09:35:13.145
140, -25.78, 0.00, -20.97, -12.88, 0.000, 0.000, 0.000, 09:35:13.145
141, 29.11, 0.00, 34.34, 40.04, 0.000, 0.000, 0.000, 09:35:13.155
142, 39.72, 0.00, 40.82, 47.35, 0.000, 0.000, 0.000, 09:35:13.155
143, -8.86, 0.00, -5.86, -6.94, 0.000, 0.000, 0.000, 09:35:13.155
144, -19.07, 0.00, -19.28, -16.17, 0.000, 0.000, 0.000, 09:35:13.155
145, 36.68, 0.00, 33.11, 34.63, 0.000, 0.000, 0.000, 09:35:13.170
146, 51.50, 0.00, 46.83, 49.50, 0.000, 0.000, 0.000, 09:35:13.170
147, -7.39, 0.00, -14.60, 0.48, 0.000, 0.000, 0.000, 09:35:13.183
148, -18.22, 0.00, -14.90, -14.59, 0.000, 0.000, 0.000, 09:35:13.184
149, 32.44, 0.00, 32.73, 34.47, 0.000, 0.000, 0.000, 09:35:13.185
150, 44.67, 0.00, 48.26, 50.58, 0.000, 0.000, 0.000, 09:35:13.185
151, -9.90, 0.00, -10.24, -1.28, 0.000, 0.000, 0.000, 09:35:13.199
152, -22.59, 0.00, -22.97, -14.13, 0.000, 0.000, 0.000, 09:35:13.199
153, 30.33, 0.00, 36.83, 34.12, 0.000, 0.000, 0.000, 09:35:13.213
154, 41.52, 0.00, 44.71, 47.84, 0.000, 0.000, 0.000, 09:35:13.213
155, -10.03, 0.00, -6.32, -1.09, 0.000, 0.000, 0.000, 09:35:13.214
156, -21.39, 0.00, -17.02, -14.33, 0.000, 0.000, 0.000, 09:35:13.214
157, 29.63, 0.00, 34.63, 34.19, 0.000, 0.000, 0.000, 09:35:13.228
158, 47.58, 0.00, 50.02, 50.64, 0.000, 0.000, 0.000, 09:35:13.228
159, -10.51, 0.00, -3.56, 0.72, 0.000, 0.000, 0.000, 09:35:13.243
160, -25.96, 0.00, -22.38, -17.04, 0.000, 0.000, 0.000, 09:35:13.243
161, 29.91, 0.00, 33.16, 33.14, 0.000, 0.000, 0.000, 09:35:13.243
162, 48.85, 0.00, 45.17, 45.74, 0.000, 0.000, 0.000, 09:35:13.243
163, -8.25, 0.00, -11.72, -6.18, 0.000, 0.000, 0.000, 09:35:13.258
164, -19.59, 0.00, -15.75, -14.36, 0.000, 0.000, 0.000, 09:35:13.258
165, 29.56, 0.00, 34.91, 32.49, 0.000, 0.000, 0.000, 09:35:13.273
166, 39.92, 0.00, 46.79, 45.79, 0.000, 0.000, 0.000, 09:35:13.273
167, -9.23, 0.00, -5.48, -4.38, 0.000, 0.000, 0.000, 09:35:13.273
168, -22.43, 0.00, -21.17, -13.71, 0.000, 0.000, 0.000, 09:35:13.274
169, 25.10, 0.00, 32.04, 34.29, 0.000, 0.000, 0.000, 09:35:13.288
170, 46.82, 0.00, 51.63, 47.50, 0.000, 0.000, 0.000, 09:35:13.288
171, -11.29, 0.00, -3.05, -1.06, 0.000, 0.000, 0.000, 09:35:13.304
172, -22.54, 0.00, -22.04, -12.49, 0.000, 0.000, 0.000, 09:35:13.304
173, 27.56, 0.00, 29.32, 37.78, 0.000, 0.000, 0.000, 09:35:13.304
174, 45.19, 0.00, 47.39, 51.97, 0.000, 0.000, 0.000, 09:35:13.304
175, -7.96, 0.00, -12.50, -2.37, 0.000, 0.000, 0.000, 09:35:13.320
176, -20.08, 0.00, -16.76, -17.24, 0.000, 0.000, 0.000, 09:35:13.321
177, 28.92, 0.00, 32.15, 34.12, 0.000, 0.000, 0.000, 09:35:13.333
178, 43.75, 0.00, 46.37, 49.96, 0.000, 0.000, 0.000, 09:35:13.333
179, -6.85, 0.00, -3.77, -3.03, 0.000, 0.000, 0.000, 09:35:13.340
180, -22.56, 0.00, -24.62, -14.23, 0.000, 0.000, 0.000, 09:35:13.340
181, 31.33, 0.00, 31.76, 32.96, 0.000, 0.000, 0.000, 09:35:13.350
182, 42.20, 0.00, 45.55, 49.75, 0.000, 0.000, 0.000, 09:35:13.350
183, -10.41, 0.00, -4.04, 0.93, 0.000, 0.000, 0.000, 09:35:13.367
184, -22.87, 0.00, -23.30, -14.12, 0.000, 0.000, 0.000, 09:35:13.368
185, 28.39, 0.00, 36.29, 32.49, 0.000, 0.000, 0.000, 09:35:13.370
186, 40.17, 0.00, 50.93, 47.98, 0.000, 0.000, 0.000, 09:35:13.372
187, -12.33, 0.00, -10.74, 0.03, 0.000, 0.000, 0.000, 09:35:13.378
188, -28.12, 0.00, -21.97, -16.93, 0.000, 0.000, 0.000, 09:35:13.378
189, 19.59, 0.00, 28.83, 32.75, 0.000, 0.000, 0.000, 09:35:13.393
190, 38.19, 0.00, 42.79, 47.58, 0.000, 0.000, 0.000, 09:35:13.393
191, -9.38, 0.00, -1.09, 0.85, 0.000, 0.000, 0.000, 09:35:13.394
192, -30.34, 0.00, -22.68, -18.89, 0.000, 0.000, 0.000, 09:35:13.394
193, 16.18, 0.00, 27.80, 31.28, 0.000, 0.000, 0.000, 09:35:13.408
194, 36.76, 0.00, 48.82, 52.61, 0.000, 0.000, 0.000, 09:35:13.408
195, -15.93, 0.00, -4.65, -1.80, 0.000, 0.000, 0.000, 09:35:13.423
196, -29.11, 0.00, -20.74, -19.08, 0.000, 0.000, 0.000, 09:35:13.423
197, 19.55, 0.00, 31.40, 30.68, 0.000, 0.000, 0.000, 09:35:13.423
198, 43.40, 0.00, 48.36, 46.23, 0.000, 0.000, 0.000, 09:35:13.423
199, -7.63, 0.00, -3.34, 2.01, 0.000, 0.000, 0.000, 09:35:13.439
200, -25.14, 0.00, -20.00, -16.12, 0.000, 0.000, 0.000, 09:35:13.439
0, 26.34, 0.00, 28.71, 31.85, 0.000, 0.000, 0.000, 09:35:13.439
1, 46.71, 0.00, 48.92, 52.39, 0.000, 0.000, 0.000, 09:35:13.455
2, -6.21, 0.00, -6.41, -1.95, 0.000, 0.000, 0.000, 09:35:13.455
3, -26.50, 0.00, -24.66, -19.26, 0.000, 0.000, 0.000, 09:35:13.469
4, 25.64, 0.00, 31.19, 32.17, 0.000, 0.000, 0.000, 09:35:13.471
5, 44.10, 0.00, 45.58, 53.05, 0.000, 0.000, 0.000, 09:35:13.471
6, -9.74, 0.00, -4.62, -0.17, 0.000, 0.000, 0.000, 09:35:13.472
7, -23.29, 0.00, -18.47, -15.72, 0.000, 0.000, 0.000, 09:35:13.483
8, 24.92, 0.00, 36.61, 35.26, 0.000, 0.000, 0.000, 09:35:13.483
9, 44.05, 0.00, 51.59, 51.92, 0.000, 0.000, 0.000, 09:35:13.500
10, -9.96, 0.00, -6.93, 1.44, 0.000, 0.000, 0.000, 09:35:13.500
11, -25.94, 0.00, -24.55, -21.93, 0.000, 0.000, 0.000, 09:35:13.501
12, 29.97, 0.00, 32.05, 31.87, 0.000, 0.000, 0.000, 09:35:13.501
13, 49.15, 0.00, 50.16, 46.67, 0.000, 0.000, 0.000, 09:35:13.513
14, -7.20, 0.00, -6.20, -1.62, 0.000, 0.000, 0.000, 09:35:13.513
15, -27.32, 0.00, -28.92, -22.33, 0.000, 0.000, 0.000, 09:35:13.528
16, 27.05, 0.00, 28.16, 33.63, 0.000, 0.000, 0.000, 09:35:13.528
17, 44.13, 0.00, 53.08, 50.78, 0.000, 0.000, 0.000, 09:35:13.528
18, -5.05, 0.00, -4.66, -0.68, 0.000, 0.000, 0.000, 09:35:13.528
19, -26.84, 0.00, -19.22, -19.94, 0.000, 0.000, 0.000, 09:35:13.543
20, 29.53, 0.00, 33.85, 34.57, 0.000, 0.000, 0.000, 09:35:13.543
21, 47.48, 0.00, 48.52, 45.39, 0.000, 0.000, 0.000, 09:35:13.558
22, -6.83, 0.00, -1.71, -0.36, 0.000, 0.000, 0.000, 09:35:13.558
23, -23.66, 0.00, -23.66, -15.82, 0.000, 0.000, 0.000, 09:35:13.559
24, 22.81, 0.00, 32.64, 31.56, 0.000, 0.000, 0.000, 09:35:13.559
25, 46.88, 0.00, 49.60, 49.73, 0.000, 0.000, 0.000, 09:35:13.573
26, -10.45, 0.00, -5.74, 0.48, 0.000, 0.000, 0.000, 09:35:13.573
27, -24.11, 0.00, -21.07, -19.08, 0.000, 0.000, 0.000, 09:35:13.588
28, 23.80, 0.00, 31.99, 30.50, 0.000, 0.000, 0.000, 09:35:13.588
29, 44.71, 0.00, 50.88, 51.12, 0.000, 0.000, 0.000, 09:35:13.588
30, -6.56, 0.00, -1.79, 1.47, 0.000, 0.000, 0.000, 09:35:13.588
31, -25.57, 0.00, -23.52, -15.97, 0.000, 0.000, 0.000, 09:35:13.603
32, 29.52, 0.00, 32.15, 31.53, 0.000, 0.000, 0.000, 09:35:13.603
33, 40.94, 0.00, 45.30, 48.79, 0.000, 0.000, 0.000, 09:35:13.620
34, -8.47, 0.00, -10.38, 1.96, 0.000, 0.000, 0.000, 09:35:13.620
35, -23.07, 0.00, -18.72, -17.70, 0.000, 0.000, 0.000, 09:35:13.621
36, 26.44, 0.00, 31.61, 31.94, 0.000, 0.000, 0.000, 09:35:13.621
37, 45.56, 0.00, 52.18, 50.68, 0.000, 0.000, 0.000, 09:35:13.639
38, -4.87, 0.00, 0.87, 1.71, 0.000, 0.000, 0.000, 09:35:13.640
39, -26.80, 0.00, -22.28, -22.97, 0.000, 0.000, 0.000, 09:35:13.649
40, 27.90, 0.00, 35.40, 29.71, 0.000, 0.000, 0.000, 09:35:13.649
41, 44.71, 0.00, 52.47, 53.82, 0.000, 0.000, 0.000, 09:35:13.650
42, -5.41, 0.00, -6.93, -2.96, 0.000, 0.000, 0.000, 09:35:13.650
43, -25.59, 0.00, -26.88, -21.26, 0.000, 0.000, 0.000, 09:35:13.663
44, 27.63, 0.00, 26.47, 32.28, 0.000, 0.000, 0.000, 09:35:13.663
45, 47.82, 0.00, 43.97, 53.79, 0.000, 0.000, 0.000, 09:35:13.678
46, -7.02, 0.00, -1.47, 5.54, 0.000, 0.000, 0.000, 09:35:13.679
47, -26.04, 0.00, -30.32, -16.52, 0.000, 0.000, 0.000, 09:35:13.679
48, 26.20, 0.00, 29.56, 32.45, 0.000, 0.000, 0.000, 09:35:13.679
49, 44.05, 0.00, 48.64, 48.06, 0.000, 0.000, 0.000, 09:35:13.693
50, -6.14, 0.00, -14.25, 1.55, 0.000, 0.000, 0.000, 09:35:13.693
51, -24.02, 0.00, -31.42, -19.15, 0.000, 0.000, 0.000, 09:35:13.708
52, 27.92, 0.00, 29.38, 32.07, 0.000, 0.000, 0.000, 09:35:13.708
53, 50.87, 0.00, 53.25, 53.86, 0.000, 0.000, 0.000, 09:35:13.708
54, -2.74, 0.00, 1.94, 0.32, 0.000, 0.000, 0.000, 09:35:13.708
55, -25.87, 0.00, -24.40, -19.02, 0.000, 0.000, 0.000, 09:35:13.722
56, 25.72, 0.00, 30.91, 32.84, 0.000, 0.000, 0.000, 09:35:13.722
57, 47.24, 0.00, 53.53, 53.44, 0.000, 0.000, 0.000, 09:35:13.739
58, -6.18, 0.00, -4.14, -2.98, 0.000, 0.000, 0.000, 09:35:13.739
59, -26.64, 0.00, -23.50, -18.62, 0.000, 0.000, 0.000, 09:35:13.739
60, 26.54, 0.00, 28.49, 28.88, 0.000, 0.000, 0.000, 09:35:13.739
61, 48.58, 0.00, 54.53, 49.08, 0.000, 0.000, 0.000, 09:35:13.754
62, -5.06, 0.00, 0.84, 1.69, 0.000, 0.000, 0.000, 09:35:13.754
63, -24.83, 0.00, -25.13, -19.02, 0.000, 0.000, 0.000, 09:35:13.770
64, 27.63, 0.00, 33.61, 28.86, 0.000, 0.000, 0.000, 09:35:13.770
65, 47.24, 0.00, 58.00, 53.41, 0.000, 0.000, 0.000, 09:35:13.770
66, -4.52, 0.00, -10.19, 3.30, 0.000, 0.000, 0.000, 09:35:13.770
67, -26.76, 0.00, -25.18, -19.99, 0.000, 0.000, 0.000, 09:35:13.782
68, 24.01, 0.00, 26.10, 30.90, 0.000, 0.000, 0.000, 09:35:13.782
69, 47.67, 0.00, 44.99, 51.79, 0.000, 0.000, 0.000, 09:35:13.800
70, -8.67, 0.00, 5.87, 4.39, 0.000, 0.000, 0.000, 09:35:13.800
71, -26.67, 0.00, -22.52, -22.23, 0.000, 0.000, 0.000, 09:35:13.800
72, 30.25, 0.00, 31.14, 30.61, 0.000, 0.000, 0.000, 09:35:13.800
73, 48.05, 0.00, 37.23, 52.29, 0.000, 0.000, 0.000, 09:35:13.817
74, -3.18, 0.00, -1.12, 3.35, 0.000, 0.000, 0.000, 09:35:13.817
75, -30.49, 0.00, -17.70, -18.91, 0.000, 0.000, 0.000, 09:35:13.830
76, 20.56, 0.00, 30.81, 28.40, 0.000, 0.000, 0.000, 09:35:13.830
77, 43.91, 0.00, 41.07, 53.08, 0.000, 0.000, 0.000, 09:35:13.830
78, -3.35, 0.00, 0.94, 1.78, 0.000, 0.000, 0.000, 09:35:13.830
79, -25.59, 0.00, -24.37, -18.85, 0.000, 0.000, 0.000, 09:35:13.844
80, 27.72, 0.00, 32.10, 30.22, 0.000, 0.000, 0.000, 09:35:13.844
81, 49.01, 0.00, 52.03, 49.14, 0.000, 0.000, 0.000, 09:35:13.858
82, -2.13, 0.00, 3.72, 3.96, 0.000, 0.000, 0.000, 09:35:13.859
83, -24.44, 0.00, -21.32, -15.91, 0.000, 0.000, 0.000, 09:35:13.859
84, 20.58, 0.00, 25.89, 28.15, 0.000, 0.000, 0.000, 09:35:13.859
85, 49.23, 0.00, 51.75, 52.40, 0.000, 0.000, 0.000, 09:35:13.874
86, -5.26, 0.00, -3.18, 7.01, 0.000, 0.000, 0.000, 09:35:13.874
87, -25.60, 0.00, -25.11, -18.31, 0.000, 0.000, 0.000, 09:35:13.888
88, 23.64, 0.00, 28.10, 28.13, 0.000, 0.000, 0.000, 09:35:13.889
89, 48.80, 0.00, 45.63, 55.97, 0.000, 0.000, 0.000, 09:35:13.889
90, -4.76, 0.00, 4.15, 1.99, 0.000, 0.000, 0.000, 09:35:13.889
91, -21.09, 0.00, -22.64, -17.22, 0.000, 0.000, 0.000, 09:35:13.904
92, 25.83, 0.00, 25.17, 29.14, 0.000, 0.000, 0.000, 09:35:13.904
93, 45.93, 0.00, 55.97, 53.77, 0.000, 0.000, 0.000, 09:35:13.920
94, -1.51, 0.00, -1.04, 5.62, 0.000, 0.000, 0.000, 09:35:13.920
95, -26.82, 0.00, -26.52, -18.93, 0.000, 0.000, 0.000, 09:35:13.920
96, 23.66, 0.00, 26.99, 28.65, 0.000, 0.000, 0.000, 09:35:13.920
97, 47.72, 0.00, 51.03, 50.87, 0.000, 0.000, 0.000, 09:35:13.933
98, -1.17, 0.00, 8.97, 4.60, 0.000, 0.000, 0.000, 09:35:13.933
99, -26.62, 0.00, -19.59, -17.59, 0.000, 0.000, 0.000, 09:35:13.948
100, 23.74, 0.00, 21.28, 28.94, 0.000, 0.000, 0.000, 09:35:13.949
101, 45.77, 0.00, 55.96, 54.26, 0.000, 0.000, 0.000, 09:35:13.949
102, -2.90, 0.00, -1.03, 3.93, 0.000, 0.000, 0.000, 09:35:13.950
103, -24.76, 0.00, -31.37, -17.94, 0.000, 0.000, 0.000, 09:35:13.969
104, 21.45, 0.00, 26.71, 27.36, 0.000, 0.000, 0.000, 09:35:13.969
105, 50.27, 0.00, 46.47, 54.84, 0.000, 0.000, 0.000, 09:35:13.978
106, -1.01, 0.00, 2.87, 1.91, 0.000, 0.000, 0.000, 09:35:13.978
107, -27.73, 0.00, -21.73, -22.26, 0.000, 0.000, 0.000, 09:35:13.978
108, 20.76, 0.00, 24.25, 25.99, 0.000, 0.000, 0.000, 09:35:13.978
109, 50.68, 0.00, 48.12, 47.82, 0.000, 0.000, 0.000, 09:35:13.993
110, -3.30, 0.00, -0.47, 4.72, 0.000, 0.000, 0.000, 09:35:13.994
111, -23.37, 0.00, -27.03, -19.65, 0.000, 0.000, 0.000, 09:35:14.008
112, 26.98, 0.00, 22.76, 26.97, 0.000, 0.000, 0.000, 09:35:14.008
113, 49.46, 0.00, 49.13, 51.35, 0.000, 0.000, 0.000, 09:35:14.008
114, -0.56, 0.00, 0.32, 5.37, 0.000, 0.000, 0.000, 09:35:14.008
115, -26.61, 0.00, -27.52, -20.80, 0.000, 0.000, 0.000, 09:35:14.024
116, 23.62, 0.00, 24.14, 28.38, 0.000, 0.000, 0.000, 09:35:14.024
117, 53.57, 0.00, 48.03, 53.79, 0.000, 0.000, 0.000, 09:35:14.038
118, -2.26, 0.00, -3.39, 4.34, 0.000, 0.000, 0.000, 09:35:14.038
119, -26.83, 0.00, -23.06, -17.70, 0.000, 0.000, 0.000, 09:35:14.039
120, 16.99, 0.00, 27.56, 26.85, 0.000, 0.000, 0.000, 09:35:14.039
121, 48.44, 0.00, 52.81, 51.37, 0.000, 0.000, 0.000, 09:35:14.054
122, -3.01, 0.00, 0.91, 5.19, 0.000, 0.000, 0.000, 09:35:14.054
123, -29.06, 0.00, -23.96, -20.20, 0.000, 0.000, 0.000, 09:35:14.070
124, 18.93, 0.00, 21.48, 22.87, 0.000, 0.000, 0.000, 09:35:14.070
125, 44.28, 0.00, 55.93, 51.79, 0.000, 0.000, 0.000, 09:35:14.070
126, -3.88, 0.00, 0.96, 4.03, 0.000, 0.000, 0.000, 09:35:14.071
127, -27.61, 0.00, -26.78, -22.49, 0.000, 0.000, 0.000, 09:35:14.085
128, 21.75, 0.00, 22.00, 25.81, 0.000, 0.000, 0.000, 09:35:14.086
129, 49.50, 0.00, 50.57, 59.52, 0.000, 0.000, 0.000, 09:35:14.099
130, -4.14, 0.00, 5.57, 5.82, 0.000, 0.000, 0.000, 09:35:14.100
131, -28.83, 0.00, -21.82, -21.68, 0.000, 0.000, 0.000, 09:35:14.100
132, 20.66, 0.00, 21.49, 27.04, 0.000, 0.000, 0.000, 09:35:14.100
133, 49.81, 0.00, 54.92, 52.84, 0.000, 0.000, 0.000, 09:35:14.113
134, -1.29, 0.00, -2.31, 9.67, 0.000, 0.000, 0.000, 09:35:14.113
135, -28.08, 0.00, -26.99, -17.08, 0.000, 0.000, 0.000, 09:35:14.128
136, 21.35, 0.00, 25.89, 26.13, 0.000, 0.000, 0.000, 09:35:14.128
137, 51.77, 0.00, 57.82, 56.24, 0.000, 0.000, 0.000, 09:35:14.128
138, -1.34, 0.00, -2.39, 7.05, 0.000, 0.000, 0.000, 09:35:14.128
139, -25.16, 0.00, -28.28, -16.20, 0.000, 0.000, 0.000, 09:35:14.143
140, 22.21, 0.00, 27.02, 25.12, 0.000, 0.000, 0.000, 09:35:14.143
141, 49.19, 0.00, 51.00, 52.99, 0.000, 0.000, 0.000, 09:35:14.158
142, -1.44, 0.00, -3.52, 11.40, 0.000, 0.000, 0.000, 09:35:14.158
143, -31.16, 0.00, -19.18, -19.30, 0.000, 0.000, 0.000, 09:35:14.158
144, 21.41, 0.00, 24.74, 27.08, 0.000, 0.000, 0.000, 09:35:14.158
145, 53.27, 0.00, 56.29, 58.30, 0.000, 0.000, 0.000, 09:35:14.173
146, 0.26, 0.00, 3.21, 10.35, 0.000, 0.000, 0.000, 09:35:14.173
147, -24.88, 0.00, -33.65, -21.23, 0.000, 0.000, 0.000, 09:35:14.188
148, 22.76, 0.00, 30.40, 29.25, 0.000, 0.000, 0.000, 09:35:14.188
149, 51.92, 0.00, 52.17, 56.53, 0.000, 0.000, 0.000, 09:35:14.189
150, -0.98, 0.00, 6.72, 8.74, 0.000, 0.000, 0.000, 09:35:14.189
151, -27.96, 0.00, -33.28, -17.44, 0.000, 0.000, 0.000, 09:35:14.204
152, 18.79, 0.00, 21.13, 22.17, 0.000, 0.000, 0.000, 09:35:14.205
153, 46.92, 0.00, 50.02, 50.30, 0.000, 0.000, 0.000, 09:35:14.222
154, 2.57, 0.00, -1.92, 6.86, 0.000, 0.000, 0.000, 09:35:14.222
155, -28.14, 0.00, -24.87, -16.18, 0.000, 0.000, 0.000, 09:35:14.222
156, 15.59, 0.00, 24.49, 24.29, 0.000, 0.000, 0.000, 09:35:14.222
157, 51.31, 0.00, 53.46, 55.32, 0.000, 0.000, 0.000, 09:35:14.234
158, 0.55, 0.00, 6.77, 8.35, 0.000, 0.000, 0.000, 09:35:14.235
159, -29.58, 0.00, -25.30, -19.49, 0.000, 0.000, 0.000, 09:35:14.249
160, 20.22, 0.00, 22.80, 24.63, 0.000, 0.000, 0.000, 09:35:14.249
161, 44.06, 0.00, 51.55, 55.46, 0.000, 0.000, 0.000, 09:35:14.249
162, 1.52, 0.00, 12.38, 8.04, 0.000, 0.000, 0.000, 09:35:14.250
163, -25.47, 0.00, -25.40, -16.65, 0.000, 0.000, 0.000, 09:35:14.263
164, 18.77, 0.00, 20.60, 24.86, 0.000, 0.000, 0.000, 09:35:14.263
165, 49.16, 0.00, 51.16, 54.84, 0.000, 0.000, 0.000, 09:35:14.278
166, 0.78, 0.00, 5.97, 8.12, 0.000, 0.000, 0.000, 09:35:14.278
167, -24.77, 0.00, -24.34, -19.15, 0.000, 0.000, 0.000, 09:35:14.279
168, 21.82, 0.00, 21.24, 18.96, 0.000, 0.000, 0.000, 09:35:14.279
169, 46.54, 0.00, 52.51, 48.36, 0.000, 0.000, 0.000, 09:35:14.293
170, 5.45, 0.00, 5.16, 5.57, 0.000, 0.000, 0.000, 09:35:14.293
171, -23.91, 0.00, -24.42, -15.51, 0.000, 0.000, 0.000, 09:35:14.308
172, 23.26, 0.00, 21.02, 25.79, 0.000, 0.000, 0.000, 09:35:14.308
173, 52.40, 0.00, 54.40, 55.81, 0.000, 0.000, 0.000, 09:35:14.309
174, 1.02, 0.00, 3.82, 6.28, 0.000, 0.000, 0.000, 09:35:14.309
175, -27.73, 0.00, -22.46, -20.61, 0.000, 0.000, 0.000, 09:35:14.323
176, 13.85, 0.00, 17.47, 23.94, 0.000, 0.000, 0.000, 09:35:14.323
177, 48.86, 0.00, 51.80, 58.56, 0.000, 0.000, 0.000, 09:35:14.338
178, 6.33, 0.00, 6.81, 8.12, 0.000, 0.000, 0.000, 09:35:14.338
179, -25.80, 0.00, -25.92, -20.00, 0.000, 0.000, 0.000, 09:35:14.338
180, 16.77, 0.00, 16.53, 21.34, 0.000, 0.000, 0.000, 09:35:14.338
181, 49.50, 0.00, 55.90, 52.70, 0.000, 0.000, 0.000, 09:35:14.354
182, 3.63, 0.00, 1.62, 12.18, 0.000, 0.000, 0.000, 09:35:14.354
183, -29.40, 0.00, -33.03, -19.08, 0.000, 0.000, 0.000, 09:35:14.368
184, 15.48, 0.00, 21.37, 22.23, 0.000, 0.000, 0.000, 09:35:14.370
185, 49.44, 0.00, 56.36, 49.53, 0.000, 0.000, 0.000, 09:35:14.379
186, 8.65, 0.00, 1.70, 8.79, 0.000, 0.000, 0.000, 09:35:14.379
187, -30.01, 0.00, -23.66, -22.64, 0.000, 0.000, 0.000, 09:35:14.383
188, 12.47, 0.00, 20.55, 21.71, 0.000, 0.000, 0.000, 09:35:14.383
189, 48.60, 0.00, 48.34, 53.67, 0.000, 0.000, 0.000, 09:35:14.399
190, 2.28, 0.00, 11.42, 12.81, 0.000, 0.000, 0.000, 09:35:14.399
191, -28.88, 0.00, -18.52, -18.24, 0.000, 0.000, 0.000, 09:35:14.400
192, 16.53, 0.00, 15.49, 20.09, 0.000, 0.000, 0.000, 09:35:14.400
193, 50.69, 0.00, 45.57, 51.09, 0.000, 0.000, 0.000, 09:35:14.413
194, 2.56, 0.00, 5.37, 12.65, 0.000, 0.000, 0.000, 09:35:14.413
195, -28.53, 0.00, -22.42, -21.51, 0.000, 0.000, 0.000, 09:35:14.427
196, 13.64, 0.00, 18.08, 17.54, 0.000, 0.000, 0.000, 09:35:14.427
197, 46.86, 0.00, 50.88, 52.19, 0.000, 0.000, 0.000, 09:35:14.428
198, 9.02, 0.00, 4.10, 11.78, 0.000, 0.000, 0.000, 09:35:14.428
199, -29.94, 0.00, -27.49, -20.22, 0.000, 0.000, 0.000, 09:35:14.443
200, 15.10, 0.00, 17.42, 20.38, 0.000, 0.000, 0.000, 09:35:14.443
0, 53.58, 0.00, 54.51, 56.97, 0.000, 0.000, 0.000, 09:35:14.443
1, 4.38, 0.00, 9.89, 15.46, 0.000, 0.000, 0.000, 09:35:14.469
2, -28.10, 0.00, -21.57, -20.69, 0.000, 0.000, 0.000, 09:35:14.469
3, 14.87, 0.00, 18.92, 19.65, 0.000, 0.000, 0.000, 09:35:14.472
4, 52.48, 0.00, 53.12, 51.52, 0.000, 0.000, 0.000, 09:35:14.472
5, 4.91, 0.00, 9.09, 9.33, 0.000, 0.000, 0.000, 09:35:14.476
6, -31.38, 0.00, -26.98, -18.12, 0.000, 0.000, 0.000, 09:35:14.476
7, 13.06, 0.00, 17.60, 20.38, 0.000, 0.000, 0.000, 09:35:14.488
8, 45.87, 0.00, 54.28, 52.61, 0.000, 0.000, 0.000, 09:35:14.488
9, 3.23, 0.00, 0.05, 13.31, 0.000, 0.000, 0.000, 09:35:14.503
10, -32.11, 0.00, -29.27, -23.77, 0.000, 0.000, 0.000, 09:35:14.503
11, 13.87, 0.00, 23.85, 21.44, 0.000, 0.000, 0.000, 09:35:14.504
12, 49.08, 0.00, 57.88, 55.06, 0.000, 0.000, 0.000, 09:35:14.504
13, 6.71, 0.00, 5.02, 12.32, 0.000, 0.000, 0.000, 09:35:14.520
14, -28.00, 0.00, -30.87, -21.83, 0.000, 0.000, 0.000, 09:35:14.520
15, 12.92, 0.00, 14.24, 18.44, 0.000, 0.000, 0.000, 09:35:14.535
16, 53.19, 0.00, 54.01, 55.53, 0.000, 0.000, 0.000, 09:35:14.535
17, 4.37, 0.00, 10.69, 12.66, 0.000, 0.000, 0.000, 09:35:14.536
18, -29.87, 0.00, -24.86, -20.99, 0.000, 0.000, 0.000, 09:35:14.536
19, 12.43, 0.00, 14.34, 19.99, 0.000, 0.000, 0.000, 09:35:14.549
20, 52.77, 0.00, 53.37, 55.63, 0.000, 0.000, 0.000, 09:35:14.549
21, 9.13, 0.00, 8.32, 13.80, 0.000, 0.000, 0.000, 09:35:14.563
22, -27.71, 0.00, -28.33, -20.68, 0.000, 0.000, 0.000, 09:35:14.564
23, 11.81, 0.00, 23.96, 16.66, 0.000, 0.000, 0.000, 09:35:14.564
24, 51.89, 0.00, 54.67, 53.40, 0.000, 0.000, 0.000, 09:35:14.564
25, 7.35, 0.00, 6.85, 9.94, 0.000, 0.000, 0.000, 09:35:14.578
26, -29.79, 0.00, -24.76, -19.67, 0.000, 0.000, 0.000, 09:35:14.578
27, 12.21, 0.00, 16.02, 20.86, 0.000, 0.000, 0.000, 09:35:14.593
28, 53.28, 0.00, 54.88, 57.11, 0.000, 0.000, 0.000, 09:35:14.593
29, 7.12, 0.00, 7.12, 12.89, 0.000, 0.000, 0.000, 09:35:14.594
30, -28.04, 0.00, -26.00, -23.50, 0.000, 0.000, 0.000, 09:35:14.594
31, 13.62, 0.00, 16.58, 20.14, 0.000, 0.000, 0.000, 09:35:14.608
32, 51.36, 0.00, 52.99, 54.82, 0.000, 0.000, 0.000, 09:35:14.608
33, 10.36, 0.00, 12.21, 13.80, 0.000, 0.000, 0.000, 09:35:14.622
34, -26.96, 0.00, -28.35, -23.53, 0.000, 0.000, 0.000, 09:35:14.623
35, 14.20, 0.00, 18.67, 18.93, 0.000, 0.000, 0.000, 09:35:14.623
36, 52.20, 0.00, 53.59, 62.09, 0.000, 0.000, 0.000, 09:35:14.623
37, 10.41, 0.00, 9.67, 9.83, 0.000, 0.000, 0.000, 09:35:14.638
38, -28.25, 0.00, -29.49, -21.76, 0.000, 0.000, 0.000, 09:35:14.638
39, 14.37, 0.00, 14.57, 18.55, 0.000, 0.000, 0.000, 09:35:14.654
40, 52.50, 0.00, 52.85, 55.70, 0.000, 0.000, 0.000, 09:35:14.654
41, 8.49, 0.00, 10.63, 17.12, 0.000, 0.000, 0.000, 09:35:14.655
42, -35.19, 0.00, -28.59, -27.84, 0.000, 0.000, 0.000, 09:35:14.655
43, 11.67, 0.00, 13.42, 10.81, 0.000, 0.000, 0.000, 09:35:14.670
44, 54.58, 0.00, 57.66, 55.54, 0.000, 0.000, 0.000, 09:35:14.670
45, 12.60, 0.00, 10.09, 14.98, 0.000, 0.000, 0.000, 09:35:14.682
46, -32.59, 0.00, -29.01, -24.03, 0.000, 0.000, 0.000, 09:35:14.683
47, 11.25, 0.00, 10.92, 9.16, 0.000, 0.000, 0.000, 09:35:14.684
48, 49.90, 0.00, 54.22, 53.28, 0.000, 0.000, 0.000, 09:35:14.684
49, 10.09, 0.00, 10.24, 17.11, 0.000, 0.000, 0.000, 09:35:14.699
50, -27.06, 0.00, -29.82, -21.14, 0.000, 0.000, 0.000, 09:35:14.699
51, 8.26, 0.00, 13.96, 13.62, 0.000, 0.000, 0.000, 09:35:14.713
52, 57.29, 0.00, 62.56, 58.91, 0.000, 0.000, 0.000, 09:35:14.713
53, 11.36, 0.00, 13.96, 15.48, 0.000, 0.000, 0.000, 09:35:14.713
54, -30.89, 0.00, -24.69, -22.13, 0.000, 0.000, 0.000, 09:35:14.713
55, 8.41, 0.00, 14.44, 13.60, 0.000, 0.000, 0.000, 09:35:14.728
56, 50.28, 0.00, 62.55, 55.35, 0.000, 0.000, 0.000, 09:35:14.728
57, 10.96, 0.00, 14.14, 20.28, 0.000, 0.000, 0.000, 09:35:14.743
58, -32.08, 0.00, -28.36, -22.22, 0.000, 0.000, 0.000, 09:35:14.743
59, 10.27, 0.00, 8.12, 17.59, 0.000, 0.000, 0.000, 09:35:14.744
60, 53.59, 0.00, 57.79, 57.42, 0.000, 0.000, 0.000, 09:35:14.744
61, 11.66, 0.00, 5.07, 15.76, 0.000, 0.000, 0.000, 09:35:14.758
62, -23.63, 0.00, -21.73, -20.09, 0.000, 0.000, 0.000, 09:35:14.758
63, 8.96, 0.00, 14.57, 12.73, 0.000, 0.000, 0.000, 09:35:14.773
64, 52.66, 0.00, 55.58, 54.60, 0.000, 0.000, 0.000, 09:35:14.773
65, 7.76, 0.00, 10.96, 15.44, 0.000, 0.000, 0.000, 09:35:14.774
66, -27.31, 0.00, -26.38, -19.64, 0.000, 0.000, 0.000, 09:35:14.774
67, 7.32, 0.00, 17.78, 11.83, 0.000, 0.000, 0.000, 09:35:14.788
68, 48.70, 0.00, 53.96, 53.71, 0.000, 0.000, 0.000, 09:35:14.788
69, 10.34, 0.00, 8.75, 19.33, 0.000, 0.000, 0.000, 09:35:14.803
70, -26.30, 0.00, -27.82, -20.69, 0.000, 0.000, 0.000, 09:35:14.804
71, 8.59, 0.00, 11.42, 13.44, 0.000, 0.000, 0.000, 09:35:14.804
72, 52.02, 0.00, 52.26, 58.05, 0.000, 0.000, 0.000, 09:35:14.804
73, 12.58, 0.00, 16.34, 15.96, 0.000, 0.000, 0.000, 09:35:14.819
74, -13.88, 0.00, -26.74, -17.82, 0.000, 0.000, 0.000, 09:35:14.820
75, 19.82, 0.00, 12.65, 11.34, 0.000, 0.000, 0.000, 09:35:14.836
76, 60.54, 0.00, 52.54, 52.25, 0.000, 0.000, 0.000, 09:35:14.836
77, 24.73, 0.00, 14.63, 20.06, 0.000, 0.000, 0.000, 09:35:14.836
78, -20.68, 0.00, -26.53, -23.39, 0.000, 0.000, 0.000, 09:35:14.836
79, 9.81, 0.00, 13.65, 11.60, 0.000, 0.000, 0.000, 09:35:14.855
80, 51.21, 0.00, 48.60, 56.59, 0.000, 0.000, 0.000, 09:35:14.855
81, 15.03, 0.00, 15.26, 18.53, 0.000, 0.000, 0.000, 09:35:14.863
82, -21.58, 0.00, -24.20, -17.84, 0.000, 0.000, 0.000, 09:35:14.863
83, 9.15, 0.00, 3.01, 14.18, 0.000, 0.000, 0.000, 09:35:14.863
84, 50.81, 0.00, 43.65, 54.03, 0.000, 0.000, 0.000, 09:35:14.863
85, 11.64, 0.00, 9.02, 21.65, 0.000, 0.000, 0.000, 09:35:14.878
86, -24.20, 0.00, -25.31, -19.55, 0.000, 0.000, 0.000, 09:35:14.878
87, 12.83, 0.00, 8.31, 13.12, 0.000, 0.000, 0.000, 09:35:14.893
88, 50.20, 0.00, 53.29, 51.76, 0.000, 0.000, 0.000, 09:35:14.893
89, 15.69, 0.00, 11.98, 17.49, 0.000, 0.000, 0.000, 09:35:14.893
90, -17.79, 0.00, -28.03, -16.61, 0.000, 0.000, 0.000, 09:35:14.893
91, 6.90, 0.00, 19.82, 13.72, 0.000, 0.000, 0.000, 09:35:14.908
92, 49.33, 0.00, 60.08, 48.60, 0.000, 0.000, 0.000, 09:35:14.908
93, 9.20, 0.00, 17.51, 15.71, 0.000, 0.000, 0.000, 09:35:14.923
94, -22.59, 0.00, -23.16, -11.75, 0.000, 0.000, 0.000, 09:35:14.923
95, 10.08, 0.00, 2.76, 16.39, 0.000, 0.000, 0.000, 09:35:14.924
96, 46.66, 0.00, 47.23, 47.67, 0.000, 0.000, 0.000, 09:35:14.924
97, 13.94, 0.00, 12.44, 20.90, 0.000, 0.000, 0.000, 09:35:14.938
98, -24.25, 0.00, -29.46, -16.63, 0.000, 0.000, 0.000, 09:35:14.939
99, 4.87, 0.00, 8.06, 13.36, 0.000, 0.000, 0.000, 09:35:14.956
100, 50.59, 0.00, 50.18, 51.82, 0.000, 0.000, 0.000, 09:35:14.957
101, 12.92, 0.00, 7.03, 23.51, 0.000, 0.000, 0.000, 09:35:14.957
102, -24.53, 0.00, -18.14, -18.74, 0.000, 0.000, 0.000, 09:35:14.957
103, 12.46, 0.00, 8.98, 11.92, 0.000, 0.000, 0.000, 09:35:14.970
104, 44.99, 0.00, 50.33, 49.66, 0.000, 0.000, 0.000, 09:35:14.970
105, 12.15, 0.00, 16.64, 19.61, 0.000, 0.000, 0.000, 09:35:14.983
106, -22.60, 0.00, -24.58, -17.06, 0.000, 0.000, 0.000, 09:35:14.983
107, 10.83, 0.00, 16.50, 10.18, 0.000, 0.000, 0.000, 09:35:14.985
108, 47.38, 0.00, 51.34, 52.33, 0.000, 0.000, 0.000, 09:35:14.985
109, 14.64, 0.00, 15.72, 16.56, 0.000, 0.000, 0.000, 09:35:14.999
110, -22.17, 0.00, -23.01, -15.40, 0.000, 0.000, 0.000, 09:35:14.999
111, 9.44, 0.00, 12.61, 11.10, 0.000, 0.000, 0.000, 09:35:15.013
112, 46.87, 0.00, 47.16, 49.77, 0.000, 0.000, 0.000, 09:35:15.013
113, 13.78, 0.00, 17.86, 15.08, 0.000, 0.000, 0.000, 09:35:15.013
114, -21.57, 0.00, -18.36, -16.02, 0.000, 0.000, 0.000, 09:35:15.013
115, 4.90, 0.00, 14.00, 14.47, 0.000, 0.000, 0.000, 09:35:15.027
116, 43.13, 0.00, 54.62, 53.77, 0.000, 0.000, 0.000, 09:35:15.028
117, 18.34, 0.00, 17.57, 17.11, 0.000, 0.000, 0.000, 09:35:15.043
118, -25.12, 0.00, -24.61, -16.30, 0.000, 0.000, 0.000, 09:35:15.043
119, 3.33, 0.00, 14.03, 10.02, 0.000, 0.000, 0.000, 09:35:15.043
120, 50.06, 0.00, 51.96, 53.75, 0.000, 0.000, 0.000, 09:35:15.044
121, 13.26, 0.00, 16.38, 18.76, 0.000, 0.000, 0.000, 09:35:15.058
122, -25.56, 0.00, -30.06, -17.38, 0.000, 0.000, 0.000, 09:35:15.058
123, 0.33, 0.00, 7.95, 11.37, 0.000, 0.000, 0.000, 09:35:15.072
124, 45.28, 0.00, 50.20, 52.05, 0.000, 0.000, 0.000, 09:35:15.073
125, 13.05, 0.00, 17.72, 21.05, 0.000, 0.000, 0.000, 09:35:15.073
126, -27.37, 0.00, -14.07, -16.29, 0.000, 0.000, 0.000, 09:35:15.073
127, 4.22, 0.00, 14.93, 9.79, 0.000, 0.000, 0.000, 09:35:15.087
128, 42.45, 0.00, 59.57, 52.16, 0.000, 0.000, 0.000, 09:35:15.088
129, 14.39, 0.00, 13.30, 23.41, 0.000, 0.000, 0.000, 09:35:15.104
130, -22.35, 0.00, -34.07, -11.59, 0.000, 0.000, 0.000, 09:35:15.105
131, 7.30, 0.00, -3.25, 9.47, 0.000, 0.000, 0.000, 09:35:15.105
132, 41.69, 0.00, 38.66, 48.49, 0.000, 0.000, 0.000, 09:35:15.105
133, 13.02, 0.00, 17.89, 16.96, 0.000, 0.000, 0.000, 09:35:15.120
134, -28.59, 0.00, -18.33, -21.71, 0.000, 0.000, 0.000, 09:35:15.120
135, 4.04, 0.00, 3.84, 6.60, 0.000, 0.000, 0.000, 09:35:15.133
136, 42.86, 0.00, 45.11, 49.20, 0.000, 0.000, 0.000, 09:35:15.133
137, 15.37, 0.00, 23.23, 17.87, 0.000, 0.000, 0.000, 09:35:15.134
138, -21.04, 0.00, -16.26, -18.62, 0.000, 0.000, 0.000, 09:35:15.134
139, 4.01, 0.00, 2.44, 9.35, 0.000, 0.000, 0.000, 09:35:15.149
140, 45.16, 0.00, 49.05, 53.47, 0.000, 0.000, 0.000, 09:35:15.149
141, 12.85, 0.00, 15.44, 19.01, 0.000, 0.000, 0.000, 09:35:15.163
142, -26.42, 0.00, -22.42, -18.68, 0.000, 0.000, 0.000, 09:35:15.163
143, 5.24, 0.00, 7.24, 7.34, 0.000, 0.000, 0.000, 09:35:15.163
144, 45.85, 0.00, 50.27, 50.42, 0.000, 0.000, 0.000, 09:35:15.163
145, 14.90, 0.00, 21.27, 20.99, 0.000, 0.000, 0.000, 09:35:15.178
146, -22.64, 0.00, -23.41, -15.81, 0.000, 0.000, 0.000, 09:35:15.178
147, -0.89, 0.00, 10.52, 5.69, 0.000, 0.000, 0.000, 09:35:15.193
148, 43.17, 0.00, 52.46, 50.37, 0.000, 0.000, 0.000, 09:35:15.193
149, 21.55, 0.00, 13.62, 22.90, 0.000, 0.000, 0.000, 09:35:15.194
150, -16.12, 0.00, -18.25, -12.55, 0.000, 0.000, 0.000, 09:35:15.194
151, 5.68, 0.00, 7.89, 7.66, 0.000, 0.000, 0.000, 09:35:15.208
152, 46.00, 0.00, 51.63, 50.21, 0.000, 0.000, 0.000, 09:35:15.208
153, 11.22, 0.00, 18.73, 26.80, 0.000, 0.000, 0.000, 09:35:15.223
154, -18.92, 0.00, -17.17, -12.54, 0.000, 0.000, 0.000, 09:35:15.223
155, 5.03, 0.00, 4.19, 6.52, 0.000, 0.000, 0.000, 09:35:15.223
156, 41.27, 0.00, 43.03, 48.30, 0.000, 0.000, 0.000, 09:35:15.223
157, 16.02, 0.00, 20.38, 22.24, 0.000, 0.000, 0.000, 09:35:15.238
158, -28.32, 0.00, -20.65, -15.06, 0.000, 0.000, 0.000, 09:35:15.238
159, 5.77, 0.00, 8.18, 8.31, 0.000, 0.000, 0.000, 09:35:15.253
160, 50.82, 0.00, 49.13, 48.25, 0.000, 0.000, 0.000, 09:35:15.253
161, 18.57, 0.00, 12.22, 24.74, 0.000, 0.000, 0.000, 09:35:15.253
162, -19.07, 0.00, -20.23, -12.34, 0.000, 0.000, 0.000, 09:35:15.253
163, 3.96, 0.00, 2.68, 11.67, 0.000, 0.000, 0.000, 09:35:15.270
164, 41.46, 0.00, 43.41, 44.99, 0.000, 0.000, 0.000, 09:35:15.270
165, 15.94, 0.00, 19.26, 20.66, 0.000, 0.000, 0.000, 09:35:15.299
166, -17.28, 0.00, -17.06, -13.03, 0.000, 0.000, 0.000, 09:35:15.299
167, 3.05, 0.00, 8.46, 7.09, 0.000, 0.000, 0.000, 09:35:15.299
168, 39.72, 0.00, 43.71, 48.85, 0.000, 0.000, 0.000, 09:35:15.299
169, 20.87, 0.00, 19.51, 21.32, 0.000, 0.000, 0.000, 09:35:15.300
170, -20.55, 0.00, -14.35, -8.32, 0.000, 0.000, 0.000, 09:35:15.301
171, 0.46, 0.00, 3.75, 10.04, 0.000, 0.000, 0.000, 09:35:15.307
172, 38.76, 0.00, 43.16, 46.66, 0.000, 0.000, 0.000, 09:35:15.307
173, 20.65, 0.00, 20.58, 25.43, 0.000, 0.000, 0.000, 09:35:15.313
174, -19.29, 0.00, -10.83, -9.38, 0.000, 0.000, 0.000, 09:35:15.313
175, 3.09, 0.00, 10.45, 11.03, 0.000, 0.000, 0.000, 09:35:15.328
176, 38.22, 0.00, 43.81, 46.42, 0.000, 0.000, 0.000, 09:35:15.328
177, 18.08, 0.00, 22.10, 27.88, 0.000, 0.000, 0.000, 09:35:15.343
178, -16.63, 0.00, -18.04, -9.91, 0.000, 0.000, 0.000, 09:35:15.343
179, 6.40, 0.00, 3.11, 8.57, 0.000, 0.000, 0.000, 09:35:15.344
180, 36.73, 0.00, 42.97, 47.06, 0.000, 0.000, 0.000, 09:35:15.344
181, 23.81, 0.00, 23.68, 25.11, 0.000, 0.000, 0.000, 09:35:15.359
182, -12.61, 0.00, -17.36, -11.95, 0.000, 0.000, 0.000, 09:35:15.359
183, 2.43, 0.00, 5.67, 12.18, 0.000, 0.000, 0.000, 09:35:15.373
184, 36.10, 0.00, 40.45, 45.31, 0.000, 0.000, 0.000, 09:35:15.374
185, 9.17, 0.00, 16.49, 24.16, 0.000, 0.000, 0.000, 09:35:15.374
186, -18.48, 0.00, -16.66, -13.54, 0.000, 0.000, 0.000, 09:35:15.374
187, 1.84, 0.00, 3.71, 3.88, 0.000, 0.000, 0.000, 09:35:15.389
188, 37.36, 0.00, 38.71, 45.54, 0.000, 0.000, 0.000, 09:35:15.389
189, 20.56, 0.00, 19.33, 25.77, 0.000, 0.000, 0.000, 09:35:15.403
190, -13.39, 0.00, -15.29, -7.61, 0.000, 0.000, 0.000, 09:35:15.404
191, 0.64, 0.00, 1.87, 4.45, 0.000, 0.000, 0.000, 09:35:15.404
192, 36.69, 0.00, 41.72, 43.78, 0.000, 0.000, 0.000, 09:35:15.404
193, 16.24, 0.00, 22.20, 25.67, 0.000, 0.000, 0.000, 09:35:15.420
194, -11.48, 0.00, -8.62, -10.90, 0.000, 0.000, 0.000, 09:35:15.421
195, 4.14, 0.00, 5.31, 4.59, 0.000, 0.000, 0.000, 09:35:15.434
196, 38.36, 0.00, 48.00, 47.01, 0.000, 0.000, 0.000, 09:35:15.434
197, 15.62, 0.00, 23.05, 25.22, 0.000, 0.000, 0.000, 09:35:15.435
198, -17.75, 0.00, -14.79, -11.11, 0.000, 0.000, 0.000, 09:35:15.435
199, 3.74, 0.00, 6.49, 9.45, 0.000, 0.000, 0.000, 09:35:15.449
200, 40.22, 0.00, 44.66, 43.81, 0.000, 0.000, 0.000, 09:35:15.449
0, 12.28, 0.00, 22.31, 24.73, 0.000, 0.000, 0.000, 09:35:15.450
1, -21.20, 0.00, -20.80, -13.54, 0.000, 0.000, 0.000, 09:35:15.463
2, 2.64, 0.00, 4.26, 0.91, 0.000, 0.000, 0.000, 09:35:15.463
3, 41.40, 0.00, 46.22, 40.94, 0.000, 0.000, 0.000, 09:35:15.478
4, 20.40, 0.00, 20.00, 23.70, 0.000, 0.000, 0.000, 09:35:15.478
5, -16.66, 0.00, -16.61, -9.05, 0.000, 0.000, 0.000, 09:35:15.479
6, 0.83, 0.00, 7.60, 7.96, 0.000, 0.000, 0.000, 09:35:15.479
7, 35.06, 0.00, 39.50, 41.38, 0.000, 0.000, 0.000, 09:35:15.493
8, 21.24, 0.00, 21.86, 30.51, 0.000, 0.000, 0.000, 09:35:15.494
9, -16.19, 0.00, -19.97, -8.89, 0.000, 0.000, 0.000, 09:35:15.508
10, 4.13, 0.00, 5.48, 3.85, 0.000, 0.000, 0.000, 09:35:15.509
11, 40.80, 0.00, 40.50, 44.72, 0.000, 0.000, 0.000, 09:35:15.509
12, 24.24, 0.00, 26.00, 27.39, 0.000, 0.000, 0.000, 09:35:15.509
13, -15.82, 0.00, -20.06, -9.39, 0.000, 0.000, 0.000, 09:35:15.523
14, -7.05, 0.00, 8.13, 5.40, 0.000, 0.000, 0.000, 09:35:15.523
15, 36.72, 0.00, 42.00, 39.19, 0.000, 0.000, 0.000, 09:35:15.538
16, 21.03, 0.00, 29.86, 22.22, 0.000, 0.000, 0.000, 09:35:15.538
17, -17.11, 0.00, -21.70, -7.79, 0.000, 0.000, 0.000, 09:35:15.538
18, -3.04, 0.00, 5.48, 5.75, 0.000, 0.000, 0.000, 09:35:15.539
19, 36.49, 0.00, 39.08, 43.25, 0.000, 0.000, 0.000, 09:35:15.554
20, 17.89, 0.00, 24.91, 24.93, 0.000, 0.000, 0.000, 09:35:15.554
