%OpenBCI Raw EEG Data
%
%Sample Rate = 200.0 Hz
%First Column = SampleIndex
%Last Column = Timestamp 
%Other Columns = EEG data in microvolts followed by Accel Data (in G) interleaved with Aux Data
0, 12.69, 10.13, 15.16, 14.22, 0.000, 0.000, 0.000, 09:35:03.255, 7
1, 12.15, 10.75, 12.36, 12.19, 0.000, 0.000, 0.000, 09:35:03.270, 7
2, 10.73, 11.29, 17.50, 12.19, 0.000, 0.000, 0.000, 09:35:03.271, 7
3, 15.02, 16.56, 26.69, 25.16, 0.000, 0.000, 0.000, 09:35:03.283, 7
4, 13.26, 12.69, 16.32, 17.06, 0.000, 0.000, 0.000, 09:35:03.284, 7
5, 10.84, 6.92, 8.02, 8.53, 0.000, 0.000, 0.000, 09:35:03.285, 7
6, 11.27, 17.74, 17.66, 19.42, 0.000, 0.000, 0.000, 09:35:03.287, 7
7, 20.29, 21.03, 22.64, 23.40, 0.000, 0.000, 0.000, 09:35:03.296, 7
8, 14.46, 12.07, 14.79, 14.07, 0.000, 0.000, 0.000, 09:35:03.297, 7
9, 10.92, 8.98, 13.82, 15.68, 0.000, 0.000, 0.000, 09:35:03.313, 7
10, 12.78, 18.53, 20.09, 18.96, 0.000, 0.000, 0.000, 09:35:03.314, 7
11, 12.01, 16.17, 19.75, 16.38, 0.000, 0.000, 0.000, 09:35:03.316, 7
12, 12.35, 12.03, 17.28, 15.06, 0.000, 0.000, 0.000, 09:35:03.318, 7
13, 12.71, 7.54, 13.64, 10.90, 0.000, 0.000, 0.000, 09:35:03.328, 7
14, 13.39, 13.04, 13.58, 12.59, 0.000, 0.000, 0.000, 09:35:03.329, 7
15, 19.69, 16.36, 22.50, 21.93, 0.000, 0.000, 0.000, 09:35:03.342, 7
16, 13.01, 10.52, 14.63, 17.85, 0.000, 0.000, 0.000, 09:35:03.343, 7
17, 9.77, 5.98, 12.46, 14.32, 0.000, 0.000, 0.000, 09:35:03.343, 7
18, 15.51, 15.31, 17.83, 19.42, 0.000, 0.000, 0.000, 09:35:03.344, 7
19, 20.18, 18.06, 23.52, 20.17, 0.000, 0.000, 0.000, 09:35:03.357, 7
20, 10.88, 9.67, 11.69, 13.63, 0.000, 0.000, 0.000, 09:35:03.358, 7
21, 12.64, 7.93, 12.91, 14.07, 0.000, 0.000, 0.000, 09:35:03.373, 7
22, 17.93, 14.85, 18.84, 16.40, 0.000, 0.000, 0.000, 09:35:03.374, 7
23, 15.66, 15.58, 19.02, 19.58, 0.000, 0.000, 0.000, 09:35:03.375, 7
24, 9.69, 12.48, 18.18, 11.99, 0.000, 0.000, 0.000, 09:35:03.375, 7
25, 10.83, 11.80, 12.84, 11.73, 0.000, 0.000, 0.000, 09:35:03.388, 7
26, 13.36, 9.62, 14.95, 15.93, 0.000, 0.000, 0.000, 09:35:03.388, 7
27, 18.24, 15.99, 23.05, 20.43, 0.000, 0.000, 0.000, 09:35:03.404, 7
28, 11.48, 8.38, 17.17, 13.41, 0.000, 0.000, 0.000, 09:35:03.404, 7
29, 7.47, 6.46, 7.23, 9.85, 0.000, 0.000, 0.000, 09:35:03.405, 7
30, 16.68, 13.84, 18.13, 18.03, 0.000, 0.000, 0.000, 09:35:03.406, 7
31, 18.69, 21.18, 25.73, 22.36, 0.000, 0.000, 0.000, 09:35:03.417, 7
32, 12.08, 15.02, 9.91, 10.59, 0.000, 0.000, 0.000, 09:35:03.418, 7
33, 13.03, 13.86, 9.71, 12.74, 0.000, 0.000, 0.000, 09:35:03.434, 7
34, 17.08, 14.05, 19.80, 14.68, 0.000, 0.000, 0.000, 09:35:03.435, 7
35, 19.71, 15.36, 20.38, 14.45, 0.000, 0.000, 0.000, 09:35:03.439, 7
36, 10.80, 7.84, 13.14, 9.73, 0.000, 0.000, 0.000, 09:35:03.440, 7
37, 11.74, 4.42, 14.71, 13.56, 0.000, 0.000, 0.000, 09:35:03.451, 7
38, 13.93, 15.62, 16.07, 15.53, 0.000, 0.000, 0.000, 09:35:03.454, 7
39, 20.10, 18.47, 23.63, 19.62, 0.000, 0.000, 0.000, 09:35:03.462, 7
40, 13.65, 13.15, 18.44, 16.00, 0.000, 0.000, 0.000, 09:35:03.463, 7
41, 10.98, 6.83, 7.80, 8.04, 0.000, 0.000, 0.000, 09:35:03.463, 7
42, 10.59, 14.78, 17.96, 14.78, 0.000, 0.000, 0.000, 09:35:03.463, 7
43, 18.17, 18.72, 20.85, 23.34, 0.000, 0.000, 0.000, 09:35:03.477, 7
44, 14.31, 8.39, 11.27, 15.57, 0.000, 0.000, 0.000, 09:35:03.477, 7
45, 9.75, 7.68, 9.75, 13.02, 0.000, 0.000, 0.000, 09:35:03.492, 7
46, 15.02, 15.89, 16.75, 18.14, 0.000, 0.000, 0.000, 09:35:03.492, 7
47, 15.04, 15.19, 19.76, 18.05, 0.000, 0.000, 0.000, 09:35:03.493, 7
48, 14.78, 9.89, 17.61, 14.87, 0.000, 0.000, 0.000, 09:35:03.493, 7
49, 9.40, 10.97, 16.97, 11.03, 0.000, 0.000, 0.000, 09:35:03.507, 7
50, 12.36, 12.93, 12.63, 15.00, 0.000, 0.000, 0.000, 09:35:03.507, 7
51, 16.57, 21.12, 23.66, 20.88, 0.000, 0.000, 0.000, 09:35:03.522, 7
52, 17.14, 17.21, 14.34, 15.54, 0.000, 0.000, 0.000, 09:35:03.522, 7
53, 8.81, 6.00, 12.57, 7.88, 0.000, 0.000, 0.000, 09:35:03.523, 7
54, 16.43, 14.54, 18.60, 20.99, 0.000, 0.000, 0.000, 09:35:03.523, 7
55, 18.00, 19.05, 23.41, 25.98, 0.000, 0.000, 0.000, 09:35:03.537, 7
56, 14.29, 9.59, 15.55, 14.22, 0.000, 0.000, 0.000, 09:35:03.537, 7
57, 12.18, 9.86, 16.36, 9.31, 0.000, 0.000, 0.000, 09:35:03.553, 7
58, 13.58, 13.42, 19.12, 15.87, 0.000, 0.000, 0.000, 09:35:03.553, 7
59, 16.86, 14.64, 19.43, 20.31, 0.000, 0.000, 0.000, 09:35:03.553, 7
60, 7.91, 13.50, 12.85, 15.92, 0.000, 0.000, 0.000, 09:35:03.554, 7
61, 7.14, 10.46, 10.32, 9.33, 0.000, 0.000, 0.000, 09:35:03.567, 7
62, 15.65, 11.05, 18.46, 12.74, 0.000, 0.000, 0.000, 09:35:03.567, 7
63, 14.91, 19.27, 23.14, 22.22, 0.000, 0.000, 0.000, 09:35:03.581, 7
64, 14.88, 13.20, 18.25, 18.66, 0.000, 0.000, 0.000, 09:35:03.582, 7
65, 10.79, 6.81, 7.89, 6.49, 0.000, 0.000, 0.000, 09:35:03.583, 7
66, 12.93, 13.42, 19.13, 18.18, 0.000, 0.000, 0.000, 09:35:03.584, 7
67, 21.04, 14.25, 22.45, 22.88, 0.000, 0.000, 0.000, 09:35:03.597, 7
68, 17.76, 10.08, 16.31, 12.68, 0.000, 0.000, 0.000, 09:35:03.597, 7
69, 12.10, 11.68, 13.23, 15.52, 0.000, 0.000, 0.000, 09:35:03.611, 7
70, 15.17, 17.36, 16.27, 14.99, 0.000, 0.000, 0.000, 09:35:03.612, 7
71, 16.88, 13.56, 21.54, 20.85, 0.000, 0.000, 0.000, 09:35:03.612, 7
72, 14.47, 13.16, 14.43, 11.67, 0.000, 0.000, 0.000, 09:35:03.612, 7
73, 6.99, 5.97, 9.15, 12.76, 0.000, 0.000, 0.000, 09:35:03.626, 7
74, 12.49, 11.30, 15.01, 17.01, 0.000, 0.000, 0.000, 09:35:03.627, 7
75, 17.24, 21.66, 23.65, 21.27, 0.000, 0.000, 0.000, 09:35:03.641, 7
76, 16.22, 14.13, 14.50, 16.17, 0.000, 0.000, 0.000, 09:35:03.641, 7
77, 11.34, 3.31, 10.54, 5.72, 0.000, 0.000, 0.000, 09:35:03.642, 7
78, 13.08, 14.16, 17.54, 16.74, 0.000, 0.000, 0.000, 09:35:03.642, 7
79, 12.57, 19.70, 23.62, 24.63, 0.000, 0.000, 0.000, 09:35:03.656, 7
80, 11.92, 15.23, 16.75, 12.81, 0.000, 0.000, 0.000, 09:35:03.656, 7
81, 12.52, 14.35, 13.69, 10.49, 0.000, 0.000, 0.000, 09:35:03.671, 7
82, 13.13, 15.72, 14.98, 16.55, 0.000, 0.000, 0.000, 09:35:03.672, 7
83, 16.99, 15.87, 20.83, 17.47, 0.000, 0.000, 0.000, 09:35:03.672, 7
84, 11.36, 17.26, 19.54, 15.85, 0.000, 0.000, 0.000, 09:35:03.672, 7
85, 11.40, 7.84, 10.16, 12.23, 0.000, 0.000, 0.000, 09:35:03.687, 7
86, 507.72, 968.34, 648.88, 880.10, 0.000, 0.000, 0.000, 09:35:03.687, 7
