%OpenBCI Raw EEG Data
%
%Sample Rate = 200.0 Hz
%First Column = SampleIndex
%Last Column = Timestamp 
%Other Columns = EEG data in microvolts followed by Accel Data (in G) interleaved with Aux Data
0, 14.78, 15.81, 17.20, 16.61, 0.000, 0.000, 0.000, 10:31:58.414, 7
1, 14.22, 9.25, 15.44, 16.94, 0.000, 0.000, 0.000, 10:31:58.427, 7
2, 10.42, 9.81, 19.88, 14.52, 0.000, 0.000, 0.000, 10:31:58.431, 7
3, 8.50, 10.37, 20.42, 13.41, 0.000, 0.000, 0.000, 10:31:58.436, 7
4, 16.87, 16.26, 19.49, 16.15, 0.000, 0.000, 0.000, 10:31:58.438, 7
5, 14.45, 12.91, 12.00, 18.71, 0.000, 0.000, 0.000, 10:31:58.440, 7
6, 12.39, 10.67, 9.59, 16.82, 0.000, 0.000, 0.000, 10:31:58.443, 7
7, 15.81, 11.05, 16.19, 15.22, 0.000, 0.000, 0.000, 10:31:58.449, 7
8, 13.98, 15.16, 24.00, 15.39, 0.000, 0.000, 0.000, 10:31:58.450, 7
9, 12.55, 13.70, 19.84, 17.27, 0.000, 0.000, 0.000, 10:31:58.468, 7
10, 8.32, 6.83, 14.36, 15.72, 0.000, 0.000, 0.000, 10:31:58.469, 7
11, 16.12, 11.03, 10.29, 15.68, 0.000, 0.000, 0.000, 10:31:58.471, 7
12, 14.63, 16.16, 18.41, 18.03, 0.000, 0.000, 0.000, 10:31:58.473, 7
13, 21.15, 11.44, 16.09, 16.03, 0.000, 0.000, 0.000, 10:31:58.481, 7
14, 10.51, 12.50, 13.88, 13.23, 0.000, 0.000, 0.000, 10:31:58.483, 7
15, 11.36, 9.49, 14.51, 11.53, 0.000, 0.000, 0.000, 10:31:58.494, 7
16, 15.64, 14.71, 23.87, 17.93, 0.000, 0.000, 0.000, 10:31:58.495, 7
17, 16.60, 13.27, 21.95, 13.73, 0.000, 0.000, 0.000, 10:31:58.498, 7
18, 13.88, 12.55, 16.77, 11.86, 0.000, 0.000, 0.000, 10:31:58.500, 7
19, 13.99, 8.70, 14.16, 16.49, 0.000, 0.000, 0.000, 10:31:58.509, 7
20, 14.64, 17.46, 15.22, 18.95, 0.000, 0.000, 0.000, 10:31:58.511, 7
21, 10.12, 12.87, 12.79, 13.43, 0.000, 0.000, 0.000, 10:31:58.524, 7
22, 12.04, 5.67, 6.86, 13.56, 0.000, 0.000, 0.000, 10:31:58.527, 7
23, 8.90, 10.31, 20.19, 12.80, 0.000, 0.000, 0.000, 10:31:58.528, 7
24, 14.96, 17.05, 22.45, 16.94, 0.000, 0.000, 0.000, 10:31:58.529, 7
25, 18.03, 13.77, 17.88, 19.22, 0.000, 0.000, 0.000, 10:31:58.539, 7
26, 8.58, 13.28, 11.43, 16.08, 0.000, 0.000, 0.000, 10:31:58.540, 7
27, 11.51, 16.16, 14.38, 14.21, 0.000, 0.000, 0.000, 10:31:58.554, 7
28, 17.78, 18.62, 18.50, 20.32, 0.000, 0.000, 0.000, 10:31:58.555, 7
29, 15.11, 17.03, 16.54, 16.96, 0.000, 0.000, 0.000, 10:31:58.556, 7
30, 12.62, 8.82, 10.59, 11.30, 0.000, 0.000, 0.000, 10:31:58.557, 7
31, 14.63, 10.39, 16.76, 13.81, 0.000, 0.000, 0.000, 10:31:58.569, 7
32, 16.23, 13.70, 15.91, 20.19, 0.000, 0.000, 0.000, 10:31:58.569, 7
33, 16.09, 14.85, 16.81, 19.82, 0.000, 0.000, 0.000, 10:31:58.585, 7
34, 9.71, 6.17, 13.58, 10.82, 0.000, 0.000, 0.000, 10:31:58.585, 7
35, 11.56, 11.14, 14.65, 14.43, 0.000, 0.000, 0.000, 10:31:58.586, 7
36, 18.97, 17.75, 17.55, 16.58, 0.000, 0.000, 0.000, 10:31:58.587, 7
37, 16.32, 13.46, 14.41, 16.23, 0.000, 0.000, 0.000, 10:31:58.598, 7
38, 11.32, 11.54, 15.27, 12.60, 0.000, 0.000, 0.000, 10:31:58.599, 7
39, 12.31, 10.56, 17.91, 14.58, 0.000, 0.000, 0.000, 10:31:58.613, 7
40, 15.78, 14.25, 25.81, 20.15, 0.000, 0.000, 0.000, 10:31:58.614, 7
41, 14.31, 17.57, 17.65, 15.91, 0.000, 0.000, 0.000, 10:31:58.614, 7
42, 12.34, 8.21, 8.28, 11.89, 0.000, 0.000, 0.000, 10:31:58.614, 7
43, 14.70, 13.40, 16.53, 17.32, 0.000, 0.000, 0.000, 10:31:58.632, 7
44, 16.23, 13.24, 23.81, 13.77, 0.000, 0.000, 0.000, 10:31:58.633, 7
45, 14.20, 13.69, 16.54, 20.55, 0.000, 0.000, 0.000, 10:31:58.645, 7
46, 13.83, 11.61, 23.30, 14.44, 0.000, 0.000, 0.000, 10:31:58.646, 7
47, 9.21, 14.12, 14.42, 15.89, 0.000, 0.000, 0.000, 10:31:58.651, 7
48, 20.39, 9.52, 21.68, 19.44, 0.000, 0.000, 0.000, 10:31:58.652, 7
49, 16.95, 11.61, 21.68, 16.16, 0.000, 0.000, 0.000, 10:31:58.659, 7
50, 12.46, 13.70, 12.17, 15.60, 0.000, 0.000, 0.000, 10:31:58.661, 7
51, 10.55, 11.75, 18.80, 11.98, 0.000, 0.000, 0.000, 10:31:58.674, 7
52, 13.27, 15.24, 15.42, 14.79, 0.000, 0.000, 0.000, 10:31:58.675, 7
53, 12.53, 12.78, 15.46, 14.36, 0.000, 0.000, 0.000, 10:31:58.675, 7
54, 14.10, 11.59, 12.99, 14.24, 0.000, 0.000, 0.000, 10:31:58.676, 7
55, 13.01, 11.86, 15.74, 12.47, 0.000, 0.000, 0.000, 10:31:58.688, 7
56, 18.14, 11.59, 23.33, 15.49, 0.000, 0.000, 0.000, 10:31:58.690, 7
57, 14.07, 11.62, 17.15, 17.25, 0.000, 0.000, 0.000, 10:31:58.705, 7
58, 10.99, 12.37, 12.11, 14.94, 0.000, 0.000, 0.000, 10:31:58.705, 7
59, 11.23, 12.01, 11.44, 15.30, 0.000, 0.000, 0.000, 10:31:58.706, 7
60, 11.12, 16.72, 17.61, 21.69, 0.000, 0.000, 0.000, 10:31:58.707, 7
61, 15.42, 15.74, 12.11, 19.49, 0.000, 0.000, 0.000, 10:31:58.720, 7
62, 14.35, 13.18, 14.22, 13.24, 0.000, 0.000, 0.000, 10:31:58.720, 7
63, 9.48, 11.26, 14.90, 16.09, 0.000, 0.000, 0.000, 10:31:58.735, 7
64, 12.61, 11.84, 25.79, 19.26, 0.000, 0.000, 0.000, 10:31:58.735, 7
65, 14.63, 12.58, 16.19, 16.00, 0.000, 0.000, 0.000, 10:31:58.735, 7
66, 13.82, 11.07, 12.18, 13.16, 0.000, 0.000, 0.000, 10:31:58.736, 7
67, 14.27, 16.71, 16.56, 14.98, 0.000, 0.000, 0.000, 10:31:58.749, 7
68, 18.38, 16.98, 17.87, 21.21, 0.000, 0.000, 0.000, 10:31:58.750, 7
69, 10.91, 12.84, 12.47, 21.08, 0.000, 0.000, 0.000, 10:31:58.764, 7
70, 8.68, 5.03, 13.60, 13.27, 0.000, 0.000, 0.000, 10:31:58.765, 7
71, 10.20, 11.68, 16.62, 12.41, 0.000, 0.000, 0.000, 10:31:58.765, 7
72, 15.86, 13.64, 15.71, 17.86, 0.000, 0.000, 0.000, 10:31:58.765, 7
73, 16.43, 14.56, 20.97, 15.19, 0.000, 0.000, 0.000, 10:31:58.780, 7
74, 11.33, 8.58, 11.24, 8.52, 0.000, 0.000, 0.000, 10:31:58.782, 7
75, 12.53, 9.28, 17.47, 17.33, 0.000, 0.000, 0.000, 10:31:58.795, 7
76, 13.71, 14.58, 16.48, 17.58, 0.000, 0.000, 0.000, 10:31:58.797, 7
77, 15.69, 12.67, 17.60, 14.37, 0.000, 0.000, 0.000, 10:31:58.798, 7
78, 12.55, 11.30, 15.62, 10.96, 0.000, 0.000, 0.000, 10:31:58.798, 7
79, 14.68, 11.06, 16.46, 13.57, 0.000, 0.000, 0.000, 10:31:58.809, 7
80, 11.95, 11.42, 20.30, 19.38, 0.000, 0.000, 0.000, 10:31:58.809, 7
81, 16.64, 16.73, 15.77, 17.17, 0.000, 0.000, 0.000, 10:31:58.824, 7
82, 11.71, 9.13, 16.79, 8.57, 0.000, 0.000, 0.000, 10:31:58.825, 7
83, 15.06, 13.13, 13.53, 18.22, 0.000, 0.000, 0.000, 10:31:58.825, 7
84, 17.31, 15.22, 16.79, 19.06, 0.000, 0.000, 0.000, 10:31:58.825, 7
85, 17.01, 12.31, 17.72, 18.48, 0.000, 0.000, 0.000, 10:31:58.840, 7
86, 14.51, 12.59, 12.67, 15.50, 0.000, 0.000, 0.000, 10:31:58.841, 7
87, 16.90, 12.35, 13.40, 11.86, 0.000, 0.000, 0.000, 10:31:58.854, 7
88, 15.44, 14.18, 19.21, 15.41, 0.000, 0.000, 0.000, 10:31:58.855, 7
89, 14.88, 14.64, 20.53, 20.94, 0.000, 0.000, 0.000, 10:31:58.855, 7
90, 13.05, 6.80, 18.77, 11.87, 0.000, 0.000, 0.000, 10:31:58.856, 7
91, 12.74, 10.73, 19.54, 14.58, 0.000, 0.000, 0.000, 10:31:58.869, 7
92, 17.39, 14.99, 20.29, 20.05, 0.000, 0.000, 0.000, 10:31:58.870, 7
93, 15.12, 12.30, 10.02, 14.28, 0.000, 0.000, 0.000, 10:31:58.885, 7
94, 11.84, 8.61, 18.66, 11.14, 0.000, 0.000, 0.000, 10:31:58.885, 7
95, 9.77, 11.16, 16.88, 14.33, 0.000, 0.000, 0.000, 10:31:58.885, 7
96, 14.08, 14.74, 18.31, 19.32, 0.000, 0.000, 0.000, 10:31:58.886, 7
97, 19.77, 14.79, 18.35, 17.19, 0.000, 0.000, 0.000, 10:31:58.899, 7
98, 10.89, 13.24, 15.46, 12.83, 0.000, 0.000, 0.000, 10:31:58.899, 7
99, 13.82, 11.73, 15.00, 15.26, 0.000, 0.000, 0.000, 10:31:58.914, 7
100, 16.23, 16.74, 21.79, 19.68, 0.000, 0.000, 0.000, 10:31:58.914, 7
101, 13.75, 13.53, 21.90, 15.91, 0.000, 0.000, 0.000, 10:31:58.915, 7
102, 11.01, 9.33, 11.94, 12.02, 0.000, 0.000, 0.000, 10:31:58.915, 7
103, 10.63, 11.35, 7.34, 12.96, 0.000, 0.000, 0.000, 10:31:58.930, 7
104, 15.08, 15.80, 21.64, 15.67, 0.000, 0.000, 0.000, 10:31:58.930, 7
105, 9.84, 14.04, 12.90, 16.00, 0.000, 0.000, 0.000, 10:31:58.944, 7
106, 11.88, 8.30, 18.84, 12.07, 0.000, 0.000, 0.000, 10:31:58.946, 7
107, 13.56, 15.90, 12.77, 13.87, 0.000, 0.000, 0.000, 10:31:58.947, 7
108, 23.15, 18.01, 18.40, 17.51, 0.000, 0.000, 0.000, 10:31:58.948, 7
109, 13.83, 12.51, 13.57, 17.13, 0.000, 0.000, 0.000, 10:31:58.959, 7
110, 9.09, 11.92, 14.04, 12.09, 0.000, 0.000, 0.000, 10:31:58.961, 7
111, 8.17, 7.23, 18.57, 13.82, 0.000, 0.000, 0.000, 10:31:58.975, 7
112, 14.00, 13.52, 18.43, 18.61, 0.000, 0.000, 0.000, 10:31:58.975, 7
113, 15.69, 10.74, 7.12, 15.13, 0.000, 0.000, 0.000, 10:31:58.977, 7
114, 9.50, 6.11, 13.41, 11.48, 0.000, 0.000, 0.000, 10:31:58.978, 7
115, 11.37, 8.23, 16.91, 12.06, 0.000, 0.000, 0.000, 10:31:58.988, 7
116, 16.70, 16.63, 23.59, 19.02, 0.000, 0.000, 0.000, 10:31:58.989, 7
117, 15.29, 13.63, 11.52, 15.06, 0.000, 0.000, 0.000, 10:31:59.005, 7
118, 10.46, 8.49, 15.75, 15.00, 0.000, 0.000, 0.000, 10:31:59.008, 7
119, 13.15, 13.12, 16.25, 16.57, 0.000, 0.000, 0.000, 10:31:59.014, 7
120, 16.76, 17.96, 21.65, 20.60, 0.000, 0.000, 0.000, 10:31:59.015, 7
121, 16.78, 19.15, 18.71, 16.72, 0.000, 0.000, 0.000, 10:31:59.025, 7
122, 5.76, 8.32, 14.02, 10.53, 0.000, 0.000, 0.000, 10:31:59.026, 7
123, 15.60, 12.59, 17.02, 13.85, 0.000, 0.000, 0.000, 10:31:59.033, 7
124, 18.06, 17.61, 24.77, 21.69, 0.000, 0.000, 0.000, 10:31:59.034, 7
125, 9.11, 12.60, 19.86, 15.64, 0.000, 0.000, 0.000, 10:31:59.034, 7
126, 12.83, 11.82, 13.58, 12.83, 0.000, 0.000, 0.000, 10:31:59.036, 7
127, 11.51, 12.97, 14.29, 14.38, 0.000, 0.000, 0.000, 10:31:59.049, 7
128, 14.89, 17.81, 15.80, 19.80, 0.000, 0.000, 0.000, 10:31:59.050, 7
129, 13.71, 15.04, 16.12, 19.05, 0.000, 0.000, 0.000, 10:31:59.065, 7
130, 12.55, 10.17, 11.10, 11.42, 0.000, 0.000, 0.000, 10:31:59.065, 7
131, 15.77, 14.18, 15.12, 17.24, 0.000, 0.000, 0.000, 10:31:59.065, 7
132, 16.28, 12.65, 12.41, 17.90, 0.000, 0.000, 0.000, 10:31:59.065, 7
133, 13.16, 10.48, 21.03, 17.33, 0.000, 0.000, 0.000, 10:31:59.080, 7
134, 11.55, 9.10, 13.34, 12.55, 0.000, 0.000, 0.000, 10:31:59.080, 7
135, 11.83, 12.39, 16.79, 15.17, 0.000, 0.000, 0.000, 10:31:59.095, 7
136, 16.47, 14.20, 19.10, 11.26, 0.000, 0.000, 0.000, 10:31:59.095, 7
137, 14.31, 9.67, 15.31, 12.86, 0.000, 0.000, 0.000, 10:31:59.095, 7
138, 13.13, 9.27, 12.18, 12.40, 0.000, 0.000, 0.000, 10:31:59.096, 7
139, 10.71, 8.24, 17.86, 15.59, 0.000, 0.000, 0.000, 10:31:59.110, 7
140, 15.24, 15.16, 23.37, 17.73, 0.000, 0.000, 0.000, 10:31:59.111, 7
141, 13.34, 13.09, 9.81, 12.01, 0.000, 0.000, 0.000, 10:31:59.125, 7
142, 12.82, 13.74, 16.41, 12.96, 0.000, 0.000, 0.000, 10:31:59.125, 7
143, 18.13, 11.65, 10.79, 17.33, 0.000, 0.000, 0.000, 10:31:59.125, 7
144, 22.04, 17.03, 10.37, 16.56, 0.000, 0.000, 0.000, 10:31:59.126, 7
145, 15.54, 12.79, 22.41, 19.61, 0.000, 0.000, 0.000, 10:31:59.139, 7
146, 15.63, 11.49, 16.88, 15.92, 0.000, 0.000, 0.000, 10:31:59.139, 7
147, 11.79, 9.94, 16.62, 14.76, 0.000, 0.000, 0.000, 10:31:59.154, 7
148, 17.26, 17.63, 19.89, 17.99, 0.000, 0.000, 0.000, 10:31:59.154, 7
149, 14.36, 12.55, 26.43, 17.41, 0.000, 0.000, 0.000, 10:31:59.154, 7
150, 11.14, 9.53, 17.76, 14.13, 0.000, 0.000, 0.000, 10:31:59.155, 7
151, 10.37, 13.81, 17.32, 14.89, 0.000, 0.000, 0.000, 10:31:59.169, 7
152, 17.05, 16.84, 20.83, 18.16, 0.000, 0.000, 0.000, 10:31:59.169, 7
153, 16.33, 14.31, 15.10, 18.08, 0.000, 0.000, 0.000, 10:31:59.184, 7
154, 13.29, 6.57, 11.70, 13.77, 0.000, 0.000, 0.000, 10:31:59.184, 7
155, 12.79, 10.76, 9.31, 12.67, 0.000, 0.000, 0.000, 10:31:59.185, 7
156, 14.42, 14.89, 21.38, 17.80, 0.000, 0.000, 0.000, 10:31:59.185, 7
157, 14.36, 18.33, 8.51, 17.87, 0.000, 0.000, 0.000, 10:31:59.199, 7
158, 15.34, 11.40, 16.95, 12.15, 0.000, 0.000, 0.000, 10:31:59.200, 7
159, 10.65, 11.94, 19.54, 12.29, 0.000, 0.000, 0.000, 10:31:59.214, 7
160, 14.14, 18.34, 26.79, 15.39, 0.000, 0.000, 0.000, 10:31:59.215, 7
161, 12.47, 11.58, 7.16, 15.38, 0.000, 0.000, 0.000, 10:31:59.215, 7
162, 7.64, 9.91, 13.68, 10.98, 0.000, 0.000, 0.000, 10:31:59.216, 7
163, 8.82, 9.07, 16.08, 12.61, 0.000, 0.000, 0.000, 10:31:59.230, 7
164, 14.16, 12.76, 14.25, 16.79, 0.000, 0.000, 0.000, 10:31:59.230, 7
165, 15.06, 13.05, 15.34, 18.31, 0.000, 0.000, 0.000, 10:31:59.245, 7
166, 11.12, 13.71, 15.51, 15.46, 0.000, 0.000, 0.000, 10:31:59.245, 7
167, 11.68, 11.19, 13.66, 14.14, 0.000, 0.000, 0.000, 10:31:59.245, 7
168, 16.46, 13.32, 16.06, 16.99, 0.000, 0.000, 0.000, 10:31:59.246, 7
169, 19.05, 16.62, 20.95, 18.64, 0.000, 0.000, 0.000, 10:31:59.261, 7
170, 14.71, 10.90, 14.61, 15.84, 0.000, 0.000, 0.000, 10:31:59.261, 7
171, 15.93, 10.10, 15.60, 18.43, 0.000, 0.000, 0.000, 10:31:59.275, 7
172, 19.49, 19.46, 15.80, 18.62, 0.000, 0.000, 0.000, 10:31:59.275, 7
173, 12.63, 12.22, 17.90, 18.08, 0.000, 0.000, 0.000, 10:31:59.276, 7
174, 12.29, 8.54, 15.57, 13.14, 0.000, 0.000, 0.000, 10:31:59.277, 7
175, 12.61, 8.94, 20.43, 15.08, 0.000, 0.000, 0.000, 10:31:59.289, 7
176, 14.42, 12.68, 18.69, 14.10, 0.000, 0.000, 0.000, 10:31:59.291, 7
177, 16.31, 15.49, 17.58, 15.24, 0.000, 0.000, 0.000, 10:31:59.304, 7
178, 11.35, 8.08, 13.58, 14.25, 0.000, 0.000, 0.000, 10:31:59.304, 7
179, 16.39, 12.61, 17.50, 16.00, 0.000, 0.000, 0.000, 10:31:59.305, 7
180, 6.11, 14.12, 22.56, 16.84, 0.000, 0.000, 0.000, 10:31:59.305, 7
181, 13.33, 11.70, 12.53, 18.63, 0.000, 0.000, 0.000, 10:31:59.319, 7
182, 8.50, 10.74, 14.46, 7.66, 0.000, 0.000, 0.000, 10:31:59.319, 7
183, 14.04, 14.38, 15.04, 15.13, 0.000, 0.000, 0.000, 10:31:59.334, 7
184, 14.55, 18.76, 18.20, 17.03, 0.000, 0.000, 0.000, 10:31:59.335, 7
185, 14.88, 14.49, 9.22, 12.99, 0.000, 0.000, 0.000, 10:31:59.335, 7
186, 15.32, 7.49, 22.97, 15.97, 0.000, 0.000, 0.000, 10:31:59.335, 7
187, 12.29, 13.67, 19.27, 14.26, 0.000, 0.000, 0.000, 10:31:59.349, 7
188, 14.08, 16.92, 21.70, 17.95, 0.000, 0.000, 0.000, 10:31:59.350, 7
189, 14.80, 12.61, 18.61, 16.81, 0.000, 0.000, 0.000, 10:31:59.364, 7
190, 12.83, 9.65, 20.90, 12.83, 0.000, 0.000, 0.000, 10:31:59.365, 7
191, 15.99, 13.90, 12.68, 15.15, 0.000, 0.000, 0.000, 10:31:59.365, 7
192, 15.60, 10.64, 18.88, 16.83, 0.000, 0.000, 0.000, 10:31:59.366, 7
193, 15.47, 13.95, 13.76, 16.60, 0.000, 0.000, 0.000, 10:31:59.379, 7
194, 7.89, 9.84, 9.27, 16.82, 0.000, 0.000, 0.000, 10:31:59.381, 7
195, 17.79, 13.82, 11.38, 16.40, 0.000, 0.000, 0.000, 10:31:59.396, 7
196, 12.18, 15.01, 19.78, 15.98, 0.000, 0.000, 0.000, 10:31:59.397, 7
197, 18.06, 17.17, 23.63, 16.89, 0.000, 0.000, 0.000, 10:31:59.398, 7
198, 8.64, 12.64, 20.08, 14.72, 0.000, 0.000, 0.000, 10:31:59.398, 7
199, 15.07, 11.35, 15.11, 15.51, 0.000, 0.000, 0.000, 10:31:59.409, 7
200, 11.70, 14.72, 15.11, 17.70, 0.000, 0.000, 0.000, 10:31:59.410, 7
0, 16.78, 7.82, 19.76, 13.44, 0.000, 0.000, 0.000, 10:31:59.412, 7
1, 13.53, 10.94, 11.48, 14.32, 0.000, 0.000, 0.000, 10:31:59.424, 7
2, 6.83, 5.93, 17.26, 13.27, 0.000, 0.000, 0.000, 10:31:59.425, 7
3, 18.34, 19.19, 25.57, 20.96, 0.000, 0.000, 0.000, 10:31:59.440, 7
4, 14.72, 13.53, 13.63, 16.71, 0.000, 0.000, 0.000, 10:31:59.441, 7
5, 10.37, 13.16, 15.66, 10.52, 0.000, 0.000, 0.000, 10:31:59.442, 7
6, 13.75, 10.65, 20.46, 17.76, 0.000, 0.000, 0.000, 10:31:59.443, 7
7, 14.07, 15.12, 15.97, 16.60, 0.000, 0.000, 0.000, 10:31:59.454, 7
8, 12.92, 16.88, 15.66, 14.00, 0.000, 0.000, 0.000, 10:31:59.454, 7
9, 13.79, 11.83, 11.17, 9.40, 0.000, 0.000, 0.000, 10:31:59.469, 7
10, 14.97, 13.09, 15.42, 12.54, 0.000, 0.000, 0.000, 10:31:59.469, 7
11, 19.54, 15.55, 19.53, 19.50, 0.000, 0.000, 0.000, 10:31:59.477, 7
12, 13.39, 16.44, 15.87, 16.19, 0.000, 0.000, 0.000, 10:31:59.479, 7
13, 14.70, 10.49, 11.09, 13.08, 0.000, 0.000, 0.000, 10:31:59.484, 7
14, 14.52, 12.19, 20.72, 15.27, 0.000, 0.000, 0.000, 10:31:59.484, 7
15, 15.53, 18.24, 21.91, 14.09, 0.000, 0.000, 0.000, 10:31:59.498, 7
16, 8.51, 14.39, 17.83, 15.98, 0.000, 0.000, 0.000, 10:31:59.499, 7
17, 8.74, 6.71, 14.00, 8.75, 0.000, 0.000, 0.000, 10:31:59.500, 7
18, 14.87, 12.42, 11.86, 15.54, 0.000, 0.000, 0.000, 10:31:59.500, 7
19, 12.52, 14.23, 23.49, 16.33, 0.000, 0.000, 0.000, 10:31:59.520, 7
20, 17.05, 13.93, 18.23, 19.72, 0.000, 0.000, 0.000, 10:31:59.520, 7
21, 9.38, 9.57, 13.09, 14.10, 0.000, 0.000, 0.000, 10:31:59.528, 7
22, 10.46, 11.38, 16.92, 17.69, 0.000, 0.000, 0.000, 10:31:59.528, 7
23, 18.93, 14.07, 12.80, 20.41, 0.000, 0.000, 0.000, 10:31:59.529, 7
24, 17.39, 10.10, 23.53, 20.21, 0.000, 0.000, 0.000, 10:31:59.529, 7
25, 12.50, 8.55, 13.45, 15.35, 0.000, 0.000, 0.000, 10:31:59.543, 7
26, 11.81, 10.35, 20.19, 12.14, 0.000, 0.000, 0.000, 10:31:59.543, 7
27, 18.19, 13.50, 22.60, 17.88, 0.000, 0.000, 0.000, 10:31:59.560, 7
28, 18.01, 13.68, 13.43, 17.21, 0.000, 0.000, 0.000, 10:31:59.560, 7
29, 10.75, 7.67, 11.38, 10.83, 0.000, 0.000, 0.000, 10:31:59.560, 7
30, 15.98, 13.03, 18.78, 13.69, 0.000, 0.000, 0.000, 10:31:59.560, 7
31, 16.13, 19.12, 19.98, 17.13, 0.000, 0.000, 0.000, 10:31:59.573, 7
32, 13.19, 13.87, 20.54, 17.53, 0.000, 0.000, 0.000, 10:31:59.573, 7
33, 12.73, 7.44, 17.50, 13.07, 0.000, 0.000, 0.000, 10:31:59.588, 7
34, 13.95, 14.27, 15.74, 17.01, 0.000, 0.000, 0.000, 10:31:59.589, 7
35, 15.15, 11.00, 10.52, 18.98, 0.000, 0.000, 0.000, 10:31:59.591, 7
36, 14.64, 14.51, 20.06, 18.48, 0.000, 0.000, 0.000, 10:31:59.591, 7
37, 11.84, 5.82, 15.70, 9.84, 0.000, 0.000, 0.000, 10:31:59.603, 7
38, 14.50, 13.79, 16.14, 15.93, 0.000, 0.000, 0.000, 10:31:59.603, 7
39, 11.83, 15.11, 16.98, 16.01, 0.000, 0.000, 0.000, 10:31:59.620, 7
40, 18.38, 13.96, 19.04, 16.66, 0.000, 0.000, 0.000, 10:31:59.620, 7
41, 15.56, 10.67, 8.17, 12.96, 0.000, 0.000, 0.000, 10:31:59.620, 7
42, 14.02, 10.37, 17.62, 16.56, 0.000, 0.000, 0.000, 10:31:59.620, 7
43, 15.35, 15.58, 18.41, 18.10, 0.000, 0.000, 0.000, 10:31:59.634, 7
44, 8.64, 17.65, 17.52, 15.72, 0.000, 0.000, 0.000, 10:31:59.634, 7
45, 10.47, 13.80, 16.84, 13.84, 0.000, 0.000, 0.000, 10:31:59.649, 7
46, 13.82, 11.97, 18.87, 12.36, 0.000, 0.000, 0.000, 10:31:59.650, 7
47, 15.37, 15.18, 20.05, 19.72, 0.000, 0.000, 0.000, 10:31:59.650, 7
48, 16.36, 13.22, 14.73, 13.12, 0.000, 0.000, 0.000, 10:31:59.650, 7
49, 13.63, 10.37, 11.26, 13.18, 0.000, 0.000, 0.000, 10:31:59.664, 7
50, 11.38, 10.07, 10.90, 14.86, 0.000, 0.000, 0.000, 10:31:59.665, 7
51, 15.84, 16.71, 22.78, 21.69, 0.000, 0.000, 0.000, 10:31:59.680, 7
52, 12.07, 14.48, 17.94, 16.48, 0.000, 0.000, 0.000, 10:31:59.680, 7
53, 13.01, 7.95, 10.21, 12.13, 0.000, 0.000, 0.000, 10:31:59.680, 7
54, 14.25, 12.60, 10.90, 12.87, 0.000, 0.000, 0.000, 10:31:59.681, 7
55, 16.91, 13.78, 9.30, 21.50, 0.000, 0.000, 0.000, 10:31:59.695, 7
56, 11.09, 15.75, 18.13, 12.13, 0.000, 0.000, 0.000, 10:31:59.696, 7
57, 11.61, 12.05, 13.34, 11.55, 0.000, 0.000, 0.000, 10:31:59.709, 7
58, 17.87, 7.28, 19.39, 12.97, 0.000, 0.000, 0.000, 10:31:59.711, 7
59, 15.89, 14.30, 22.45, 19.06, 0.000, 0.000, 0.000, 10:31:59.716, 7
60, 16.23, 11.06, 10.67, 10.86, 0.000, 0.000, 0.000, 10:31:59.716, 7
61, 7.18, 4.25, 4.45, 11.02, 0.000, 0.000, 0.000, 10:31:59.725, 7
62, 14.00, 12.02, 12.57, 16.92, 0.000, 0.000, 0.000, 10:31:59.726, 7
63, 16.69, 15.31, 18.14, 22.03, 0.000, 0.000, 0.000, 10:31:59.740, 7
64, 16.66, 16.74, 19.19, 20.08, 0.000, 0.000, 0.000, 10:31:59.740, 7
65, 8.77, 5.60, 11.88, 11.68, 0.000, 0.000, 0.000, 10:31:59.741, 7
66, 14.41, 12.09, 17.64, 14.04, 0.000, 0.000, 0.000, 10:31:59.742, 7
67, 17.19, 16.91, 22.10, 19.32, 0.000, 0.000, 0.000, 10:31:59.755, 7
68, 12.29, 13.95, 23.41, 14.68, 0.000, 0.000, 0.000, 10:31:59.756, 7
69, 9.49, 10.68, 16.35, 17.54, 0.000, 0.000, 0.000, 10:31:59.769, 7
70, 11.32, 15.26, 12.99, 13.95, 0.000, 0.000, 0.000, 10:31:59.770, 7
71, 13.02, 14.01, 23.49, 16.49, 0.000, 0.000, 0.000, 10:31:59.770, 7
72, 14.95, 12.95, 14.50, 17.76, 0.000, 0.000, 0.000, 10:31:59.771, 7
73, 11.25, 10.01, 12.58, 14.46, 0.000, 0.000, 0.000, 10:31:59.784, 7
74, 11.37, 10.94, 15.70, 13.20, 0.000, 0.000, 0.000, 10:31:59.785, 7
75, 17.57, 14.14, 20.64, 21.35, 0.000, 0.000, 0.000, 10:31:59.799, 7
76, 12.56, 11.18, 16.19, 17.92, 0.000, 0.000, 0.000, 10:31:59.800, 7
77, 13.25, 11.98, 15.39, 16.86, 0.000, 0.000, 0.000, 10:31:59.800, 7
78, 9.85, 14.82, 15.54, 16.56, 0.000, 0.000, 0.000, 10:31:59.801, 7
79, 14.73, 15.13, 24.00, 16.20, 0.000, 0.000, 0.000, 10:31:59.816, 7
80, 12.55, 14.49, 20.62, 15.42, 0.000, 0.000, 0.000, 10:31:59.817, 7
81, 13.28, 8.44, 8.30, 13.42, 0.000, 0.000, 0.000, 10:31:59.829, 7
82, 15.10, 6.25, 16.26, 8.48, 0.000, 0.000, 0.000, 10:31:59.830, 7
83, 15.65, 13.34, 17.99, 20.21, 0.000, 0.000, 0.000, 10:31:59.831, 7
84, 18.43, 10.95, 17.77, 16.63, 0.000, 0.000, 0.000, 10:31:59.831, 7
85, 10.65, 12.03, 14.98, 15.28, 0.000, 0.000, 0.000, 10:31:59.843, 7
86, 12.37, 11.87, 14.71, 9.46, 0.000, 0.000, 0.000, 10:31:59.844, 7
87, 20.97, 17.19, 18.80, 13.71, 0.000, 0.000, 0.000, 10:31:59.859, 7
88, 16.36, 13.25, 13.39, 16.94, 0.000, 0.000, 0.000, 10:31:59.859, 7
89, 11.86, 9.15, 16.12, 10.80, 0.000, 0.000, 0.000, 10:31:59.859, 7
90, 12.85, 7.64, 16.70, 15.75, 0.000, 0.000, 0.000, 10:31:59.859, 7
91, 14.31, 15.52, 19.29, 15.97, 0.000, 0.000, 0.000, 10:31:59.874, 7
92, 14.71, 12.66, 19.83, 18.03, 0.000, 0.000, 0.000, 10:31:59.875, 7
93, 5.45, 9.25, 13.48, 10.58, 0.000, 0.000, 0.000, 10:31:59.889, 7
94, 10.81, 12.57, 22.83, 16.80, 0.000, 0.000, 0.000, 10:31:59.890, 7
95, 16.82, 16.44, 20.55, 15.49, 0.000, 0.000, 0.000, 10:31:59.891, 7
96, 16.69, 14.93, 19.73, 17.08, 0.000, 0.000, 0.000, 10:31:59.891, 7
97, 9.13, 11.21, 19.74, 11.57, 0.000, 0.000, 0.000, 10:31:59.905, 7
98, 17.03, 15.14, 15.81, 15.12, 0.000, 0.000, 0.000, 10:31:59.905, 7
99, 17.06, 13.75, 24.15, 20.18, 0.000, 0.000, 0.000, 10:31:59.919, 7
100, 13.04, 17.21, 17.93, 17.85, 0.000, 0.000, 0.000, 10:31:59.920, 7
101, 12.21, 9.48, 14.92, 14.27, 0.000, 0.000, 0.000, 10:31:59.921, 7
102, 14.35, 13.90, 13.19, 16.78, 0.000, 0.000, 0.000, 10:31:59.921, 7
103, 14.90, 16.65, 21.49, 20.66, 0.000, 0.000, 0.000, 10:31:59.937, 7
104, 15.60, 11.62, 18.24, 14.71, 0.000, 0.000, 0.000, 10:31:59.938, 7
105, 11.62, 8.20, 13.34, 13.52, 0.000, 0.000, 0.000, 10:31:59.950, 7
106, 15.40, 13.18, 14.89, 19.51, 0.000, 0.000, 0.000, 10:31:59.950, 7
107, 11.97, 16.07, 22.98, 15.15, 0.000, 0.000, 0.000, 10:31:59.958, 7
108, 18.24, 13.63, 11.04, 17.39, 0.000, 0.000, 0.000, 10:31:59.958, 7
109, 10.00, 11.10, 16.89, 8.86, 0.000, 0.000, 0.000, 10:31:59.965, 7
110, 12.56, 11.49, 12.91, 11.57, 0.000, 0.000, 0.000, 10:31:59.965, 7
111, 11.60, 14.68, 18.96, 19.84, 0.000, 0.000, 0.000, 10:31:59.980, 7
112, 16.66, 16.42, 22.23, 19.79, 0.000, 0.000, 0.000, 10:31:59.981, 7
113, 14.39, 10.59, 12.62, 15.80, 0.000, 0.000, 0.000, 10:31:59.981, 7
114, 12.44, 13.73, 11.98, 16.38, 0.000, 0.000, 0.000, 10:31:59.982, 7
115, 19.65, 11.34, 11.12, 20.98, 0.000, 0.000, 0.000, 10:31:59.996, 7
116, 15.39, 10.83, 14.36, 18.69, 0.000, 0.000, 0.000, 10:31:59.996, 7
117, 10.83, 13.97, 10.57, 10.12, 0.000, 0.000, 0.000, 10:32:00.009, 7
118, 12.93, 12.01, 14.12, 16.93, 0.000, 0.000, 0.000, 10:32:00.010, 7
119, 15.57, 14.69, 17.08, 18.15, 0.000, 0.000, 0.000, 10:32:00.011, 7
120, 14.49, 14.09, 16.32, 15.49, 0.000, 0.000, 0.000, 10:32:00.012, 7
121, 11.67, 7.60, 7.94, 11.57, 0.000, 0.000, 0.000, 10:32:00.028, 7
122, 15.94, 11.11, 7.67, 10.51, 0.000, 0.000, 0.000, 10:32:00.028, 7
123, 14.33, 18.16, 27.79, 16.67, 0.000, 0.000, 0.000, 10:32:00.039, 7
124, 15.65, 14.39, 19.51, 17.79, 0.000, 0.000, 0.000, 10:32:00.040, 7
125, 10.62, 9.02, 9.14, 11.80, 0.000, 0.000, 0.000, 10:32:00.040, 7
126, 13.12, 12.41, 6.76, 13.96, 0.000, 0.000, 0.000, 10:32:00.041, 7
127, 16.69, 16.01, 20.41, 19.65, 0.000, 0.000, 0.000, 10:32:00.054, 7
128, 16.28, 15.77, 19.67, 21.17, 0.000, 0.000, 0.000, 10:32:00.055, 7
129, 8.46, 9.38, 16.17, 13.99, 0.000, 0.000, 0.000, 10:32:00.069, 7
130, 9.50, 10.78, 17.28, 18.09, 0.000, 0.000, 0.000, 10:32:00.069, 7
131, 14.98, 13.40, 22.73, 16.36, 0.000, 0.000, 0.000, 10:32:00.070, 7
132, 14.98, 11.65, 12.11, 16.05, 0.000, 0.000, 0.000, 10:32:00.070, 7
133, 9.36, 11.53, 17.41, 13.29, 0.000, 0.000, 0.000, 10:32:00.084, 7
134, 17.44, 10.93, 10.38, 13.65, 0.000, 0.000, 0.000, 10:32:00.084, 7
135, 16.32, 12.58, 19.62, 18.58, 0.000, 0.000, 0.000, 10:32:00.099, 7
136, 10.90, 14.25, 17.06, 11.87, 0.000, 0.000, 0.000, 10:32:00.099, 7
137, 11.95, 11.67, 11.83, 15.40, 0.000, 0.000, 0.000, 10:32:00.100, 7
138, 10.26, 13.70, 14.78, 13.32, 0.000, 0.000, 0.000, 10:32:00.100, 7
139, 14.21, 17.12, 19.45, 16.53, 0.000, 0.000, 0.000, 10:32:00.114, 7
140, 16.06, 13.70, 19.13, 15.74, 0.000, 0.000, 0.000, 10:32:00.114, 7
141, 13.85, 9.97, 14.75, 14.55, 0.000, 0.000, 0.000, 10:32:00.129, 7
142, 6.65, 11.43, 13.80, 12.67, 0.000, 0.000, 0.000, 10:32:00.129, 7
143, 20.29, 17.67, 24.86, 17.95, 0.000, 0.000, 0.000, 10:32:00.130, 7
144, 15.36, 10.75, 12.50, 15.16, 0.000, 0.000, 0.000, 10:32:00.130, 7
145, 10.58, 7.99, 15.82, 8.55, 0.000, 0.000, 0.000, 10:32:00.145, 7
146, 12.71, 11.22, 21.13, 17.05, 0.000, 0.000, 0.000, 10:32:00.146, 7
147, 16.43, 17.29, 22.99, 17.67, 0.000, 0.000, 0.000, 10:32:00.160, 7
148, 13.41, 13.42, 18.97, 15.48, 0.000, 0.000, 0.000, 10:32:00.160, 7
149, 11.14, 8.95, 13.81, 12.32, 0.000, 0.000, 0.000, 10:32:00.161, 7
150, 14.37, 11.24, 19.79, 18.08, 0.000, 0.000, 0.000, 10:32:00.161, 7
151, 11.67, 15.76, 17.18, 16.58, 0.000, 0.000, 0.000, 10:32:00.174, 7
152, 14.22, 12.46, 15.38, 13.34, 0.000, 0.000, 0.000, 10:32:00.174, 7
153, 13.21, 11.77, 16.98, 11.31, 0.000, 0.000, 0.000, 10:32:00.188, 7
154, 13.16, 8.83, 12.44, 15.61, 0.000, 0.000, 0.000, 10:32:00.189, 7
155, 15.17, 11.52, 21.26, 18.17, 0.000, 0.000, 0.000, 10:32:00.190, 7
156, 14.65, 13.10, 20.57, 15.80, 0.000, 0.000, 0.000, 10:32:00.190, 7
157, 8.77, 11.59, 6.54, 16.05, 0.000, 0.000, 0.000, 10:32:00.204, 7
158, 9.34, 12.61, 15.55, 13.06, 0.000, 0.000, 0.000, 10:32:00.204, 7
159, 20.04, 16.71, 20.99, 20.29, 0.000, 0.000, 0.000, 10:32:00.219, 7
160, 11.99, 15.39, 18.57, 13.47, 0.000, 0.000, 0.000, 10:32:00.219, 7
161, 13.33, 10.58, 19.86, 14.42, 0.000, 0.000, 0.000, 10:32:00.219, 7
162, 11.40, 9.07, 12.95, 12.51, 0.000, 0.000, 0.000, 10:32:00.219, 7
163, 10.40, 14.11, 18.19, 21.68, 0.000, 0.000, 0.000, 10:32:00.240, 7
164, 16.32, 14.42, 15.95, 14.45, 0.000, 0.000, 0.000, 10:32:00.240, 7
165, 11.66, 12.44, 14.46, 14.83, 0.000, 0.000, 0.000, 10:32:00.249, 7
166, 12.94, 9.43, 19.92, 17.24, 0.000, 0.000, 0.000, 10:32:00.249, 7
167, 11.87, 17.95, 21.74, 15.67, 0.000, 0.000, 0.000, 10:32:00.250, 7
168, 14.92, 12.61, 16.40, 17.28, 0.000, 0.000, 0.000, 10:32:00.250, 7
169, 11.38, 13.71, 13.70, 15.93, 0.000, 0.000, 0.000, 10:32:00.264, 7
170, 18.88, 13.84, 15.97, 15.77, 0.000, 0.000, 0.000, 10:32:00.264, 7
171, 15.06, 17.67, 22.49, 17.49, 0.000, 0.000, 0.000, 10:32:00.281, 7
172, 10.80, 12.21, 17.24, 17.90, 0.000, 0.000, 0.000, 10:32:00.283, 7
173, 13.53, 7.54, 19.22, 12.49, 0.000, 0.000, 0.000, 10:32:00.284, 7
174, 8.45, 13.14, 21.24, 15.72, 0.000, 0.000, 0.000, 10:32:00.284, 7
175, 22.30, 15.70, 21.53, 17.16, 0.000, 0.000, 0.000, 10:32:00.297, 7
176, 17.39, 11.70, 20.89, 17.54, 0.000, 0.000, 0.000, 10:32:00.297, 7
177, 9.77, 9.33, 14.87, 11.88, 0.000, 0.000, 0.000, 10:32:00.309, 7
178, 10.37, 6.73, 10.52, 15.00, 0.000, 0.000, 0.000, 10:32:00.310, 7
179, 17.67, 20.01, 18.46, 17.72, 0.000, 0.000, 0.000, 10:32:00.310, 7
180, 15.01, 13.37, 11.12, 14.28, 0.000, 0.000, 0.000, 10:32:00.310, 7
181, 12.71, 10.48, -0.90, 9.69, 0.000, 0.000, 0.000, 10:32:00.325, 7
182, 13.36, 12.01, 18.71, 14.86, 0.000, 0.000, 0.000, 10:32:00.325, 7
183, 15.22, 14.87, 14.99, 20.24, 0.000, 0.000, 0.000, 10:32:00.339, 7
184, 17.85, 9.95, 15.45, 18.00, 0.000, 0.000, 0.000, 10:32:00.339, 7
185, 11.03, 11.03, 4.92, 13.99, 0.000, 0.000, 0.000, 10:32:00.341, 7
186, 9.83, 11.30, 15.17, 15.27, 0.000, 0.000, 0.000, 10:32:00.341, 7
187, 17.48, 14.29, 24.28, 15.87, 0.000, 0.000, 0.000, 10:32:00.354, 7
188, 16.54, 11.89, 18.60, 15.41, 0.000, 0.000, 0.000, 10:32:00.355, 7
189, 8.37, 8.55, 15.79, 12.26, 0.000, 0.000, 0.000, 10:32:00.369, 7
190, 9.26, 10.64, 14.37, 13.73, 0.000, 0.000, 0.000, 10:32:00.370, 7
191, 14.83, 18.54, 12.13, 21.72, 0.000, 0.000, 0.000, 10:32:00.370, 7
192, 12.90, 9.19, 16.39, 11.03, 0.000, 0.000, 0.000, 10:32:00.370, 7
193, 16.08, 14.31, 17.64, 16.41, 0.000, 0.000, 0.000, 10:32:00.384, 7
194, 11.42, 8.26, 15.75, 15.96, 0.000, 0.000, 0.000, 10:32:00.384, 7
195, 14.31, 14.56, 15.73, 16.71, 0.000, 0.000, 0.000, 10:32:00.414, 7
196, 22.23, 15.95, 16.72, 18.48, 0.000, 0.000, 0.000, 10:32:00.415, 7
197, 13.17, 12.58, 12.20, 8.00, 0.000, 0.000, 0.000, 10:32:00.415, 7
198, 13.22, 16.40, 21.66, 15.91, 0.000, 0.000, 0.000, 10:32:00.416, 7
199, 13.56, 15.20, 19.96, 17.27, 0.000, 0.000, 0.000, 10:32:00.416, 7
200, 15.24, 12.77, 14.46, 17.30, 0.000, 0.000, 0.000, 10:32:00.416, 7
0, 14.36, 9.84, 18.30, 15.07, 0.000, 0.000, 0.000, 10:32:00.417, 7
1, 11.38, 11.29, 20.18, 14.51, 0.000, 0.000, 0.000, 10:32:00.430, 7
2, 16.60, 14.38, 20.95, 16.76, 0.000, 0.000, 0.000, 10:32:00.430, 7
3, 13.62, 10.31, 19.78, 16.39, 0.000, 0.000, 0.000, 10:32:00.445, 7
4, 11.10, 13.08, 15.93, 15.76, 0.000, 0.000, 0.000, 10:32:00.446, 7
5, 16.52, 12.40, 19.71, 17.26, 0.000, 0.000, 0.000, 10:32:00.447, 7
6, 17.71, 12.12, 18.84, 20.20, 0.000, 0.000, 0.000, 10:32:00.447, 7
7, 15.10, 13.66, 14.01, 13.59, 0.000, 0.000, 0.000, 10:32:00.462, 7
8, 12.91, 12.54, 10.49, 13.20, 0.000, 0.000, 0.000, 10:32:00.462, 7
9, 13.32, 4.11, 15.11, 13.96, 0.000, 0.000, 0.000, 10:32:00.480, 7
10, 14.96, 16.55, 18.31, 18.79, 0.000, 0.000, 0.000, 10:32:00.480, 7
11, 19.66, 17.76, 23.52, 19.82, 0.000, 0.000, 0.000, 10:32:00.480, 7
12, 14.22, 10.94, 13.04, 15.25, 0.000, 0.000, 0.000, 10:32:00.481, 7
13, 10.50, 14.12, 14.40, 11.26, 0.000, 0.000, 0.000, 10:32:00.491, 7
14, 10.09, 15.33, 19.22, 15.47, 0.000, 0.000, 0.000, 10:32:00.492, 7
15, 10.21, 13.69, 15.14, 13.98, 0.000, 0.000, 0.000, 10:32:00.503, 7
16, 12.70, 6.58, 5.02, 13.20, 0.000, 0.000, 0.000, 10:32:00.504, 7
17, 11.81, 12.18, 16.28, 9.73, 0.000, 0.000, 0.000, 10:32:00.504, 7
18, 19.54, 17.66, 22.24, 21.03, 0.000, 0.000, 0.000, 10:32:00.504, 7
19, 16.74, 13.65, 20.29, 16.20, 0.000, 0.000, 0.000, 10:32:00.526, 7
20, 11.66, 7.78, 17.25, 13.02, 0.000, 0.000, 0.000, 10:32:00.527, 7
21, 17.36, 14.29, 16.41, 18.73, 0.000, 0.000, 0.000, 10:32:00.533, 7
22, 17.29, 16.53, 10.60, 17.21, 0.000, 0.000, 0.000, 10:32:00.533, 7
23, 13.49, 10.08, 15.97, 17.21, 0.000, 0.000, 0.000, 10:32:00.534, 7
24, 9.28, 13.23, 17.92, 9.18, 0.000, 0.000, 0.000, 10:32:00.534, 7
25, 9.09, 13.33, 18.99, 15.77, 0.000, 0.000, 0.000, 10:32:00.548, 7
26, 13.24, 19.52, 14.53, 21.42, 0.000, 0.000, 0.000, 10:32:00.548, 7
27, 12.39, 15.51, 15.51, 11.92, 0.000, 0.000, 0.000, 10:32:00.563, 7
28, 14.34, 13.44, 16.49, 13.32, 0.000, 0.000, 0.000, 10:32:00.564, 7
29, 10.81, 12.81, 17.62, 13.45, 0.000, 0.000, 0.000, 10:32:00.564, 7
30, 15.83, 17.75, 22.04, 14.59, 0.000, 0.000, 0.000, 10:32:00.564, 7
31, 16.19, 13.54, 11.81, 17.53, 0.000, 0.000, 0.000, 10:32:00.578, 7
32, 9.47, 10.42, 9.40, 16.72, 0.000, 0.000, 0.000, 10:32:00.578, 7
33, 16.27, 12.00, 15.00, 14.08, 0.000, 0.000, 0.000, 10:32:00.594, 7
34, 18.02, 16.50, 15.71, 21.07, 0.000, 0.000, 0.000, 10:32:00.594, 7
35, 10.80, 10.88, 18.26, 14.88, 0.000, 0.000, 0.000, 10:32:00.594, 7
36, 12.77, 9.90, 17.67, 13.12, 0.000, 0.000, 0.000, 10:32:00.594, 7
37, 11.59, 9.74, 16.85, 11.02, 0.000, 0.000, 0.000, 10:32:00.609, 7
38, 18.92, 16.02, 26.27, 19.48, 0.000, 0.000, 0.000, 10:32:00.610, 7
39, 15.52, 15.96, 11.13, 18.12, 0.000, 0.000, 0.000, 10:32:00.626, 7
40, 15.34, 13.05, 12.31, 12.56, 0.000, 0.000, 0.000, 10:32:00.627, 7
41, 18.37, 13.44, 14.84, 17.38, 0.000, 0.000, 0.000, 10:32:00.628, 7
42, 15.19, 19.84, 17.70, 19.11, 0.000, 0.000, 0.000, 10:32:00.628, 7
43, 17.93, 11.26, 24.79, 15.75, 0.000, 0.000, 0.000, 10:32:00.639, 7
44, 14.95, 7.62, 14.41, 12.84, 0.000, 0.000, 0.000, 10:32:00.640, 7
45, 14.46, 8.72, 14.88, 15.08, 0.000, 0.000, 0.000, 10:32:00.654, 7
46, 17.99, 11.80, 19.41, 18.37, 0.000, 0.000, 0.000, 10:32:00.654, 7
47, 12.90, 13.88, 15.93, 17.51, 0.000, 0.000, 0.000, 10:32:00.654, 7
48, 12.45, 8.59, 15.67, 14.77, 0.000, 0.000, 0.000, 10:32:00.655, 7
49, 11.69, 10.65, 16.16, 15.06, 0.000, 0.000, 0.000, 10:32:00.669, 7
50, 12.39, 15.97, 16.76, 15.57, 0.000, 0.000, 0.000, 10:32:00.669, 7
51, 18.21, 12.82, 19.86, 21.12, 0.000, 0.000, 0.000, 10:32:00.684, 7
52, 6.19, 7.36, 14.82, 13.06, 0.000, 0.000, 0.000, 10:32:00.684, 7
53, 12.42, 15.87, 17.09, 12.97, 0.000, 0.000, 0.000, 10:32:00.684, 7
54, 12.02, 16.19, 13.39, 19.69, 0.000, 0.000, 0.000, 10:32:00.684, 7
55, 15.87, 11.81, 18.26, 14.96, 0.000, 0.000, 0.000, 10:32:00.699, 7
56, 13.98, 7.83, 10.54, 12.98, 0.000, 0.000, 0.000, 10:32:00.699, 7
57, 15.66, 9.87, 15.62, 13.46, 0.000, 0.000, 0.000, 10:32:00.714, 7
58, 15.66, 13.29, 20.71, 13.03, 0.000, 0.000, 0.000, 10:32:00.714, 7
59, 11.29, 10.57, 14.42, 13.04, 0.000, 0.000, 0.000, 10:32:00.714, 7
60, 13.16, 7.59, 17.06, 11.02, 0.000, 0.000, 0.000, 10:32:00.714, 7
61, 7.38, 14.30, 20.64, 15.60, 0.000, 0.000, 0.000, 10:32:00.729, 7
62, 15.40, 19.51, 23.12, 18.88, 0.000, 0.000, 0.000, 10:32:00.729, 7
63, 19.29, 15.11, 16.12, 18.33, 0.000, 0.000, 0.000, 10:32:00.744, 7
64, 10.05, 7.77, 10.26, 16.64, 0.000, 0.000, 0.000, 10:32:00.744, 7
65, 11.49, 14.45, 14.70, 10.97, 0.000, 0.000, 0.000, 10:32:00.744, 7
66, 19.58, 13.60, 21.25, 19.86, 0.000, 0.000, 0.000, 10:32:00.744, 7
67, 14.53, 14.57, 15.72, 16.64, 0.000, 0.000, 0.000, 10:32:00.759, 7
68, 16.22, 11.45, 15.83, 10.10, 0.000, 0.000, 0.000, 10:32:00.759, 7
69, 13.95, 12.82, 16.38, 14.50, 0.000, 0.000, 0.000, 10:32:00.774, 7
70, 18.71, 13.76, 23.96, 20.09, 0.000, 0.000, 0.000, 10:32:00.775, 7
71, 16.76, 14.82, 16.15, 16.54, 0.000, 0.000, 0.000, 10:32:00.775, 7
72, 11.03, 8.79, 15.01, 11.04, 0.000, 0.000, 0.000, 10:32:00.775, 7
73, 13.79, 10.68, 11.37, 14.80, 0.000, 0.000, 0.000, 10:32:00.789, 7
74, 8.62, 13.21, 20.75, 15.83, 0.000, 0.000, 0.000, 10:32:00.789, 7
75, 15.41, 12.70, 14.74, 15.62, 0.000, 0.000, 0.000, 10:32:00.803, 7
76, 9.79, 12.67, 13.28, 14.26, 0.000, 0.000, 0.000, 10:32:00.804, 7
77, 14.66, 14.89, 15.78, 17.37, 0.000, 0.000, 0.000, 10:32:00.804, 7
78, 16.52, 12.61, 18.92, 19.23, 0.000, 0.000, 0.000, 10:32:00.804, 7
79, 15.58, 12.71, 18.92, 23.58, 0.000, 0.000, 0.000, 10:32:00.818, 7
80, 10.42, 11.76, 15.05, 13.62, 0.000, 0.000, 0.000, 10:32:00.819, 7
81, 11.96, 9.22, 11.52, 15.98, 0.000, 0.000, 0.000, 10:32:00.833, 7
82, 19.23, 14.45, 17.60, 19.48, 0.000, 0.000, 0.000, 10:32:00.833, 7
83, 14.27, 10.25, 16.02, 18.98, 0.000, 0.000, 0.000, 10:32:00.834, 7
84, 10.00, 6.90, 16.54, 8.85, 0.000, 0.000, 0.000, 10:32:00.834, 7
85, 11.78, 10.58, 17.06, 13.76, 0.000, 0.000, 0.000, 10:32:00.849, 7
86, 15.52, 14.54, 17.47, 17.88, 0.000, 0.000, 0.000, 10:32:00.849, 7
87, 15.66, 13.56, 16.20, 14.08, 0.000, 0.000, 0.000, 10:32:00.879, 7
88, 13.82, 9.31, 14.53, 13.20, 0.000, 0.000, 0.000, 10:32:00.879, 7
89, 15.00, 12.61, 20.92, 16.42, 0.000, 0.000, 0.000, 10:32:00.879, 7
90, 15.86, 18.38, 18.58, 19.87, 0.000, 0.000, 0.000, 10:32:00.879, 7
91, 12.57, 15.42, 15.15, 14.40, 0.000, 0.000, 0.000, 10:32:00.880, 7
92, 6.27, 9.97, 13.50, 10.76, 0.000, 0.000, 0.000, 10:32:00.880, 7
93, 10.99, 11.71, 9.05, 13.89, 0.000, 0.000, 0.000, 10:32:00.880, 7
94, 12.74, 12.53, 23.65, 18.77, 0.000, 0.000, 0.000, 10:32:00.880, 7
95, 14.99, 14.24, 17.98, 13.53, 0.000, 0.000, 0.000, 10:32:00.893, 7
96, 8.48, 8.76, 11.19, 13.83, 0.000, 0.000, 0.000, 10:32:00.894, 7
97, 12.19, 15.54, 19.60, 18.62, 0.000, 0.000, 0.000, 10:32:00.915, 7
98, 17.30, 15.95, 23.86, 20.29, 0.000, 0.000, 0.000, 10:32:00.915, 7
99, 13.65, 11.10, 18.14, 15.70, 0.000, 0.000, 0.000, 10:32:00.935, 7
100, 9.79, 9.86, 13.00, 12.33, 0.000, 0.000, 0.000, 10:32:00.936, 7
101, 13.91, 13.99, 17.24, 19.07, 0.000, 0.000, 0.000, 10:32:00.936, 7
102, 17.46, 15.03, 16.80, 19.71, 0.000, 0.000, 0.000, 10:32:00.936, 7
103, 12.70, 9.97, 14.99, 14.09, 0.000, 0.000, 0.000, 10:32:00.940, 7
104, 11.23, 5.46, 12.09, 14.61, 0.000, 0.000, 0.000, 10:32:00.940, 7
105, 12.35, 12.71, 16.70, 9.42, 0.000, 0.000, 0.000, 10:32:00.953, 7
106, 20.37, 16.63, 19.81, 17.42, 0.000, 0.000, 0.000, 10:32:00.953, 7
107, 19.93, 12.15, 17.78, 16.62, 0.000, 0.000, 0.000, 10:32:00.954, 7
108, 16.01, 12.60, 14.61, 16.37, 0.000, 0.000, 0.000, 10:32:00.954, 7
109, 12.55, 15.41, 21.04, 9.23, 0.000, 0.000, 0.000, 10:32:00.968, 7
110, 14.00, 15.26, 18.57, 22.52, 0.000, 0.000, 0.000, 10:32:00.969, 7
111, 13.62, 15.63, 16.31, 18.56, 0.000, 0.000, 0.000, 10:32:00.983, 7
112, 14.13, 8.27, 13.20, 12.69, 0.000, 0.000, 0.000, 10:32:00.983, 7
113, 8.26, 15.75, 13.25, 15.27, 0.000, 0.000, 0.000, 10:32:00.983, 7
114, 18.02, 18.91, 14.93, 20.84, 0.000, 0.000, 0.000, 10:32:00.984, 7
115, 14.67, 13.37, 20.71, 15.53, 0.000, 0.000, 0.000, 10:32:00.999, 7
116, 7.01, 11.41, 16.58, 13.21, 0.000, 0.000, 0.000, 10:32:00.999, 7
117, 7.63, 12.37, 16.71, 15.62, 0.000, 0.000, 0.000, 10:32:01.014, 7
118, 18.82, 17.44, 20.62, 18.10, 0.000, 0.000, 0.000, 10:32:01.014, 7
119, 21.57, 12.90, 14.61, 18.38, 0.000, 0.000, 0.000, 10:32:01.014, 7
120, 11.12, 6.50, 3.00, 10.17, 0.000, 0.000, 0.000, 10:32:01.014, 7
121, 13.39, 11.41, 19.61, 10.65, 0.000, 0.000, 0.000, 10:32:01.029, 7
122, 12.64, 15.96, 22.22, 16.73, 0.000, 0.000, 0.000, 10:32:01.029, 7
123, 15.89, 13.32, 14.56, 17.55, 0.000, 0.000, 0.000, 10:32:01.045, 7
124, 8.19, 7.45, 9.67, 10.21, 0.000, 0.000, 0.000, 10:32:01.046, 7
125, 13.23, 14.28, 21.34, 14.43, 0.000, 0.000, 0.000, 10:32:01.046, 7
126, 16.53, 15.01, 22.80, 19.42, 0.000, 0.000, 0.000, 10:32:01.046, 7
127, 13.59, 15.31, 16.92, 11.36, 0.000, 0.000, 0.000, 10:32:01.060, 7
128, 10.83, 10.38, 17.93, 9.15, 0.000, 0.000, 0.000, 10:32:01.060, 7
129, 9.83, 17.30, 20.37, 18.56, 0.000, 0.000, 0.000, 10:32:01.074, 7
130, 17.67, 12.88, 15.03, 20.95, 0.000, 0.000, 0.000, 10:32:01.074, 7
131, 12.27, 10.18, 14.82, 15.41, 0.000, 0.000, 0.000, 10:32:01.074, 7
132, 11.58, 6.47, 7.58, 9.33, 0.000, 0.000, 0.000, 10:32:01.075, 7
133, 11.58, 13.60, 17.79, 15.32, 0.000, 0.000, 0.000, 10:32:01.089, 7
134, 14.17, 11.73, 14.99, 14.19, 0.000, 0.000, 0.000, 10:32:01.089, 7
135, 14.79, 15.64, 18.19, 18.66, 0.000, 0.000, 0.000, 10:32:01.104, 7
136, 10.70, 8.32, 11.64, 14.67, 0.000, 0.000, 0.000, 10:32:01.104, 7
137, 14.45, 8.27, 17.75, 18.21, 0.000, 0.000, 0.000, 10:32:01.105, 7
138, 15.32, 15.80, 22.21, 20.55, 0.000, 0.000, 0.000, 10:32:01.105, 7
139, 16.64, 18.02, 20.10, 13.30, 0.000, 0.000, 0.000, 10:32:01.119, 7
140, 13.95, 11.34, 11.47, 15.26, 0.000, 0.000, 0.000, 10:32:01.120, 7
141, 17.18, 12.51, 17.74, 13.83, 0.000, 0.000, 0.000, 10:32:01.134, 7
142, 14.69, 15.40, 15.08, 15.81, 0.000, 0.000, 0.000, 10:32:01.135, 7
143, 18.89, 10.32, 12.15, 15.95, 0.000, 0.000, 0.000, 10:32:01.135, 7
144, 14.32, 9.79, 8.37, 15.14, 0.000, 0.000, 0.000, 10:32:01.135, 7
145, 8.34, 11.21, 20.34, 14.10, 0.000, 0.000, 0.000, 10:32:01.150, 7
146, 15.23, 13.24, 20.87, 14.68, 0.000, 0.000, 0.000, 10:32:01.150, 7
147, 16.31, 15.76, 12.66, 14.35, 0.000, 0.000, 0.000, 10:32:01.164, 7
148, 12.75, 11.81, 13.35, 12.96, 0.000, 0.000, 0.000, 10:32:01.164, 7
149, 11.49, 11.18, 12.54, 15.70, 0.000, 0.000, 0.000, 10:32:01.165, 7
150, 16.83, 15.38, 20.78, 20.98, 0.000, 0.000, 0.000, 10:32:01.165, 7
151, 15.25, 15.70, 16.70, 12.58, 0.000, 0.000, 0.000, 10:32:01.180, 7
152, 11.13, 6.52, 10.26, 14.58, 0.000, 0.000, 0.000, 10:32:01.181, 7
153, 14.20, 9.82, 10.46, 14.48, 0.000, 0.000, 0.000, 10:32:01.195, 7
154, 14.25, 19.51, 16.63, 20.55, 0.000, 0.000, 0.000, 10:32:01.196, 7
155, 16.81, 9.49, 12.44, 23.25, 0.000, 0.000, 0.000, 10:32:01.196, 7
156, 7.15, 9.45, 15.74, 12.49, 0.000, 0.000, 0.000, 10:32:01.197, 7
157, 10.51, 9.12, 19.76, 11.00, 0.000, 0.000, 0.000, 10:32:01.209, 7
158, 16.09, 19.20, 21.02, 17.19, 0.000, 0.000, 0.000, 10:32:01.209, 7
159, 16.55, 15.18, 15.64, 16.08, 0.000, 0.000, 0.000, 10:32:01.224, 7
160, 12.88, 9.53, 15.42, 9.91, 0.000, 0.000, 0.000, 10:32:01.224, 7
161, 14.82, 13.99, 17.42, 13.29, 0.000, 0.000, 0.000, 10:32:01.224, 7
162, 18.71, 14.32, 15.57, 20.05, 0.000, 0.000, 0.000, 10:32:01.224, 7
163, 14.06, 13.71, 16.95, 11.98, 0.000, 0.000, 0.000, 10:32:01.238, 7
164, 11.53, 7.14, 17.63, 12.97, 0.000, 0.000, 0.000, 10:32:01.239, 7
165, 13.89, 12.71, 13.45, 12.76, 0.000, 0.000, 0.000, 10:32:01.253, 7
166, 12.20, 14.94, 21.17, 18.05, 0.000, 0.000, 0.000, 10:32:01.253, 7
167, 12.92, 15.30, 20.11, 15.69, 0.000, 0.000, 0.000, 10:32:01.254, 7
168, 12.41, 10.69, 18.23, 15.78, 0.000, 0.000, 0.000, 10:32:01.254, 7
169, 15.07, 10.84, 22.24, 15.21, 0.000, 0.000, 0.000, 10:32:01.268, 7
170, 14.21, 18.37, 19.55, 19.40, 0.000, 0.000, 0.000, 10:32:01.269, 7
171, 16.72, 19.34, 15.93, 21.04, 0.000, 0.000, 0.000, 10:32:01.283, 7
172, 10.91, 10.14, 11.99, 13.09, 0.000, 0.000, 0.000, 10:32:01.284, 7
173, 13.68, 11.01, 17.03, 13.96, 0.000, 0.000, 0.000, 10:32:01.284, 7
174, 15.96, 13.19, 21.04, 17.71, 0.000, 0.000, 0.000, 10:32:01.284, 7
175, 16.92, 13.67, 16.80, 15.84, 0.000, 0.000, 0.000, 10:32:01.299, 7
176, 8.09, 11.58, 15.14, 14.56, 0.000, 0.000, 0.000, 10:32:01.299, 7
177, 13.39, 12.02, 18.44, 15.98, 0.000, 0.000, 0.000, 10:32:01.313, 7
178, 16.44, 12.44, 24.48, 19.78, 0.000, 0.000, 0.000, 10:32:01.313, 7
179, 17.20, 12.91, 20.57, 15.12, 0.000, 0.000, 0.000, 10:32:01.314, 7
180, 7.53, 9.36, 10.58, 11.59, 0.000, 0.000, 0.000, 10:32:01.314, 7
181, 12.21, 13.51, 12.79, 16.94, 0.000, 0.000, 0.000, 10:32:01.328, 7
182, 16.87, 15.84, 18.33, 18.42, 0.000, 0.000, 0.000, 10:32:01.328, 7
183, 12.20, 13.51, 17.08, 14.65, 0.000, 0.000, 0.000, 10:32:01.344, 7
184, 14.02, 6.37, 10.86, 12.08, 0.000, 0.000, 0.000, 10:32:01.345, 7
185, 10.64, 10.96, 12.08, 14.15, 0.000, 0.000, 0.000, 10:32:01.345, 7
186, 12.90, 15.39, 22.02, 18.99, 0.000, 0.000, 0.000, 10:32:01.345, 7
187, 22.27, 12.31, 18.40, 13.47, 0.000, 0.000, 0.000, 10:32:01.360, 7
188, 9.26, 5.62, 16.04, 13.14, 0.000, 0.000, 0.000, 10:32:01.361, 7
189, 10.43, 9.56, 14.48, 16.26, 0.000, 0.000, 0.000, 10:32:01.374, 7
190, 19.07, 17.79, 18.95, 15.35, 0.000, 0.000, 0.000, 10:32:01.374, 7
191, 13.22, 7.47, 14.56, 15.98, 0.000, 0.000, 0.000, 10:32:01.389, 7
192, 12.67, 11.58, 10.08, 8.79, 0.000, 0.000, 0.000, 10:32:01.389, 7
193, 9.57, 15.67, 17.26, 12.02, 0.000, 0.000, 0.000, 10:32:01.390, 7
194, 14.39, 12.39, 25.64, 17.45, 0.000, 0.000, 0.000, 10:32:01.391, 7
195, 15.77, 12.11, 11.41, 16.16, 0.000, 0.000, 0.000, 10:32:01.404, 7
196, 6.86, 11.54, 14.68, 11.90, 0.000, 0.000, 0.000, 10:32:01.404, 7
197, 16.08, 12.73, 13.37, 15.97, 0.000, 0.000, 0.000, 10:32:01.405, 7
198, 20.59, 18.87, 19.30, 19.24, 0.000, 0.000, 0.000, 10:32:01.405, 7
199, 12.07, 11.43, 21.15, 17.70, 0.000, 0.000, 0.000, 10:32:01.419, 7
200, 15.02, 8.57, 15.45, 14.23, 0.000, 0.000, 0.000, 10:32:01.419, 7
0, 12.01, 10.94, 12.83, 12.22, 0.000, 0.000, 0.000, 10:32:01.419, 7
1, 16.38, 17.20, 16.58, 18.63, 0.000, 0.000, 0.000, 10:32:01.434, 7
2, 20.00, 12.68, 18.85, 19.97, 0.000, 0.000, 0.000, 10:32:01.434, 7
3, 8.63, 6.39, 17.05, 11.25, 0.000, 0.000, 0.000, 10:32:01.449, 7
4, 6.72, 9.18, 11.04, 11.10, 0.000, 0.000, 0.000, 10:32:01.449, 7
5, 17.75, 14.34, 19.83, 17.05, 0.000, 0.000, 0.000, 10:32:01.450, 7
6, 16.19, 12.76, 16.17, 18.29, 0.000, 0.000, 0.000, 10:32:01.450, 7
7, 7.76, 11.34, 14.01, 15.67, 0.000, 0.000, 0.000, 10:32:01.464, 7
8, 13.98, 13.71, 16.48, 18.82, 0.000, 0.000, 0.000, 10:32:01.464, 7
9, 14.53, 18.11, 16.89, 19.67, 0.000, 0.000, 0.000, 10:32:01.480, 7
10, 10.54, 13.49, 19.47, 16.87, 0.000, 0.000, 0.000, 10:32:01.480, 7
11, 9.15, 12.33, 18.99, 11.92, 0.000, 0.000, 0.000, 10:32:01.480, 7
12, 14.92, 13.35, 11.33, 13.71, 0.000, 0.000, 0.000, 10:32:01.480, 7
13, 18.70, 17.82, 15.47, 19.60, 0.000, 0.000, 0.000, 10:32:01.494, 7
14, 16.50, 11.29, 17.42, 21.67, 0.000, 0.000, 0.000, 10:32:01.494, 7
15, 10.42, 9.30, 12.15, 12.11, 0.000, 0.000, 0.000, 10:32:01.511, 7
16, 13.69, 14.09, 13.78, 15.58, 0.000, 0.000, 0.000, 10:32:01.511, 7
17, 17.33, 14.34, 19.58, 16.91, 0.000, 0.000, 0.000, 10:32:01.513, 7
18, 11.38, 13.89, 14.56, 21.21, 0.000, 0.000, 0.000, 10:32:01.513, 7
19, 14.71, 10.06, 12.83, 12.89, 0.000, 0.000, 0.000, 10:32:01.525, 7
20, 11.86, 9.97, 12.13, 12.64, 0.000, 0.000, 0.000, 10:32:01.525, 7
21, 12.12, 15.12, 13.08, 18.33, 0.000, 0.000, 0.000, 10:32:01.550, 7
22, 13.53, 13.59, 18.36, 18.73, 0.000, 0.000, 0.000, 10:32:01.550, 7
23, 11.70, 9.19, 13.68, 13.42, 0.000, 0.000, 0.000, 10:32:01.550, 7
24, 13.62, 8.60, 16.44, 12.77, 0.000, 0.000, 0.000, 10:32:01.550, 7
25, 17.97, 15.50, 21.81, 17.83, 0.000, 0.000, 0.000, 10:32:01.554, 7
26, 13.66, 13.51, 15.52, 15.61, 0.000, 0.000, 0.000, 10:32:01.554, 7
27, 8.44, 13.88, 16.57, 14.98, 0.000, 0.000, 0.000, 10:32:01.569, 7
28, 17.84, 12.58, 18.65, 11.54, 0.000, 0.000, 0.000, 10:32:01.569, 7
29, 16.52, 13.68, 16.90, 16.90, 0.000, 0.000, 0.000, 10:32:01.580, 7
30, 16.62, 15.02, 18.98, 17.07, 0.000, 0.000, 0.000, 10:32:01.581, 7
31, 11.06, 12.87, 16.82, 17.39, 0.000, 0.000, 0.000, 10:32:01.585, 7
32, 12.63, 13.43, 17.00, 15.53, 0.000, 0.000, 0.000, 10:32:01.586, 7
33, 17.87, 14.92, 13.92, 19.94, 0.000, 0.000, 0.000, 10:32:01.599, 7
34, 13.04, 9.87, 9.95, 12.26, 0.000, 0.000, 0.000, 10:32:01.599, 7
35, 14.23, 9.80, 13.24, 17.59, 0.000, 0.000, 0.000, 10:32:01.599, 7
36, 7.92, 11.95, 18.83, 16.50, 0.000, 0.000, 0.000, 10:32:01.600, 7
37, 12.39, 12.62, 19.61, 16.90, 0.000, 0.000, 0.000, 10:32:01.613, 7
38, 10.10, 13.31, 22.70, 13.28, 0.000, 0.000, 0.000, 10:32:01.614, 7
39, 14.99, 9.61, 18.70, 9.84, 0.000, 0.000, 0.000, 10:32:01.629, 7
40, 12.37, 12.50, 18.46, 14.02, 0.000, 0.000, 0.000, 10:32:01.629, 7
41, 13.92, 19.10, 22.80, 19.62, 0.000, 0.000, 0.000, 10:32:01.630, 7
42, 15.83, 18.18, 21.59, 18.72, 0.000, 0.000, 0.000, 10:32:01.630, 7
43, 11.39, 12.94, 16.00, 13.04, 0.000, 0.000, 0.000, 10:32:01.645, 7
44, 15.87, 12.11, 17.23, 21.66, 0.000, 0.000, 0.000, 10:32:01.645, 7
45, 17.86, 16.08, 13.80, 17.22, 0.000, 0.000, 0.000, 10:32:01.660, 7
46, 12.23, 10.99, 19.08, 14.51, 0.000, 0.000, 0.000, 10:32:01.660, 7
47, 11.26, 6.82, 12.77, 11.23, 0.000, 0.000, 0.000, 10:32:01.667, 7
48, 19.48, 10.35, 18.22, 14.34, 0.000, 0.000, 0.000, 10:32:01.667, 7
49, 18.26, 17.33, 12.25, 17.26, 0.000, 0.000, 0.000, 10:32:01.675, 7
50, 15.39, 13.63, 10.07, 19.98, 0.000, 0.000, 0.000, 10:32:01.675, 7
51, 11.19, 9.94, 15.37, 12.23, 0.000, 0.000, 0.000, 10:32:01.689, 7
52, 10.14, 9.64, 6.60, 13.23, 0.000, 0.000, 0.000, 10:32:01.690, 7
53, 16.96, 13.67, 17.81, 14.65, 0.000, 0.000, 0.000, 10:32:01.690, 7
54, 7.99, 12.00, 23.17, 15.13, 0.000, 0.000, 0.000, 10:32:01.690, 7
55, 14.57, 12.08, 8.38, 15.38, 0.000, 0.000, 0.000, 10:32:01.705, 7
56, 13.11, 12.83, 14.31, 14.47, 0.000, 0.000, 0.000, 10:32:01.705, 7
57, 15.08, 13.75, 19.66, 18.19, 0.000, 0.000, 0.000, 10:32:01.720, 7
58, 15.84, 13.54, 14.22, 14.82, 0.000, 0.000, 0.000, 10:32:01.720, 7
59, 14.65, 8.73, 16.09, 14.54, 0.000, 0.000, 0.000, 10:32:01.720, 7
60, 8.60, 11.91, 19.02, 12.29, 0.000, 0.000, 0.000, 10:32:01.720, 7
61, 21.09, 19.01, 20.80, 17.27, 0.000, 0.000, 0.000, 10:32:01.734, 7
62, 15.48, 12.53, 20.58, 17.58, 0.000, 0.000, 0.000, 10:32:01.735, 7
63, 13.47, 10.55, 16.64, 11.37, 0.000, 0.000, 0.000, 10:32:01.749, 7
64, 10.99, 11.56, 16.12, 14.02, 0.000, 0.000, 0.000, 10:32:01.749, 7
65, 16.71, 15.40, 21.94, 20.34, 0.000, 0.000, 0.000, 10:32:01.750, 7
66, 17.98, 13.09, 19.88, 12.81, 0.000, 0.000, 0.000, 10:32:01.750, 7
67, 8.33, 8.63, 13.50, 11.28, 0.000, 0.000, 0.000, 10:32:01.764, 7
68, 16.39, 10.99, 16.46, 16.16, 0.000, 0.000, 0.000, 10:32:01.764, 7
69, 14.74, 15.65, 25.01, 15.49, 0.000, 0.000, 0.000, 10:32:01.779, 7
70, 14.06, 13.73, 21.32, 15.93, 0.000, 0.000, 0.000, 10:32:01.780, 7
71, 11.08, 9.82, 6.51, 14.35, 0.000, 0.000, 0.000, 10:32:01.780, 7
72, 12.76, 10.26, 12.73, 15.75, 0.000, 0.000, 0.000, 10:32:01.780, 7
73, 17.40, 15.38, 18.99, 20.38, 0.000, 0.000, 0.000, 10:32:01.800, 7
74, 13.84, 11.99, 11.24, 13.43, 0.000, 0.000, 0.000, 10:32:01.800, 7
75, 10.17, 10.13, 10.18, 9.92, 0.000, 0.000, 0.000, 10:32:01.812, 7
76, 16.45, 14.16, 16.47, 17.01, 0.000, 0.000, 0.000, 10:32:01.812, 7
77, 17.86, 15.24, 16.18, 15.53, 0.000, 0.000, 0.000, 10:32:01.813, 7
78, 9.99, 14.53, 18.61, 13.18, 0.000, 0.000, 0.000, 10:32:01.813, 7
79, 10.83, 7.65, 11.29, 12.46, 0.000, 0.000, 0.000, 10:32:01.827, 7
80, 9.28, 11.35, 18.43, 14.03, 0.000, 0.000, 0.000, 10:32:01.827, 7
81, 17.60, 18.33, 19.52, 19.93, 0.000, 0.000, 0.000, 10:32:01.839, 7
82, 14.73, 12.77, 18.49, 15.19, 0.000, 0.000, 0.000, 10:32:01.839, 7
83, 10.87, 12.54, 4.72, 12.15, 0.000, 0.000, 0.000, 10:32:01.841, 7
84, 13.51, 15.55, 15.47, 17.56, 0.000, 0.000, 0.000, 10:32:01.841, 7
85, 14.92, 19.17, 20.40, 16.18, 0.000, 0.000, 0.000, 10:32:01.854, 7
86, 17.69, 10.81, 16.72, 15.69, 0.000, 0.000, 0.000, 10:32:01.854, 7
87, 11.41, 7.67, 11.55, 10.40, 0.000, 0.000, 0.000, 10:32:01.869, 7
88, 10.32, 13.98, 14.44, 15.66, 0.000, 0.000, 0.000, 10:32:01.869, 7
89, 13.67, 17.21, 18.85, 16.47, 0.000, 0.000, 0.000, 10:32:01.870, 7
90, 14.72, 14.82, 24.71, 16.18, 0.000, 0.000, 0.000, 10:32:01.870, 7
91, 11.38, 9.74, 19.24, 16.38, 0.000, 0.000, 0.000, 10:32:01.899, 7
92, 9.29, 13.98, 9.72, 10.64, 0.000, 0.000, 0.000, 10:32:01.899, 7
93, 19.51, 18.23, 17.40, 17.92, 0.000, 0.000, 0.000, 10:32:01.900, 7
94, 17.43, 10.87, 15.11, 19.40, 0.000, 0.000, 0.000, 10:32:01.900, 7
95, 11.39, 8.73, 20.41, 16.37, 0.000, 0.000, 0.000, 10:32:01.901, 7
96, 12.93, 12.53, 14.05, 14.67, 0.000, 0.000, 0.000, 10:32:01.901, 7
97, 14.09, 14.60, 23.14, 21.18, 0.000, 0.000, 0.000, 10:32:01.914, 7
98, 12.78, 13.65, 16.69, 18.53, 0.000, 0.000, 0.000, 10:32:01.914, 7
99, 11.67, 6.92, 17.55, 15.34, 0.000, 0.000, 0.000, 10:32:01.929, 7
100, 15.82, 10.73, 21.17, 19.47, 0.000, 0.000, 0.000, 10:32:01.929, 7
101, 23.35, 14.27, 18.13, 18.84, 0.000, 0.000, 0.000, 10:32:01.929, 7
102, 12.84, 9.16, 13.26, 18.59, 0.000, 0.000, 0.000, 10:32:01.930, 7
103, 15.68, 10.02, 13.83, 11.36, 0.000, 0.000, 0.000, 10:32:01.950, 7
104, 8.29, 11.90, 17.20, 18.60, 0.000, 0.000, 0.000, 10:32:01.951, 7
105, 12.27, 12.17, 17.94, 19.08, 0.000, 0.000, 0.000, 10:32:01.959, 7
106, 9.19, 6.93, 9.78, 16.54, 0.000, 0.000, 0.000, 10:32:01.959, 7
107, 10.11, 9.72, 14.44, 13.01, 0.000, 0.000, 0.000, 10:32:01.961, 7
108, 20.93, 14.07, 19.86, 14.35, 0.000, 0.000, 0.000, 10:32:01.961, 7
109, 13.11, 15.31, 18.69, 18.17, 0.000, 0.000, 0.000, 10:32:01.974, 7
110, 14.50, 12.58, 18.43, 16.74, 0.000, 0.000, 0.000, 10:32:01.975, 7
111, 10.87, 8.63, 15.19, 8.45, 0.000, 0.000, 0.000, 10:32:01.988, 7
112, 10.10, 10.38, 18.47, 12.35, 0.000, 0.000, 0.000, 10:32:01.990, 7
113, 16.69, 16.04, 22.80, 20.95, 0.000, 0.000, 0.000, 10:32:01.990, 7
114, 21.44, 15.27, 18.96, 13.21, 0.000, 0.000, 0.000, 10:32:01.991, 7
115, 15.23, 10.83, 22.44, 14.47, 0.000, 0.000, 0.000, 10:32:02.005, 7
116, 11.19, 13.48, 9.66, 14.47, 0.000, 0.000, 0.000, 10:32:02.005, 7
117, 11.42, 15.94, 19.53, 16.45, 0.000, 0.000, 0.000, 10:32:02.019, 7
118, 15.78, 11.83, 14.66, 17.33, 0.000, 0.000, 0.000, 10:32:02.020, 7
119, 15.82, 11.08, 9.62, 13.39, 0.000, 0.000, 0.000, 10:32:02.020, 7
120, 15.32, 10.09, 16.98, 15.82, 0.000, 0.000, 0.000, 10:32:02.020, 7
121, 17.44, 15.13, 20.70, 19.08, 0.000, 0.000, 0.000, 10:32:02.034, 7
122, 11.11, 15.32, 17.79, 11.55, 0.000, 0.000, 0.000, 10:32:02.035, 7
123, 14.43, 14.39, 11.62, 10.31, 0.000, 0.000, 0.000, 10:32:02.049, 7
124, 15.27, 14.28, 20.50, 12.78, 0.000, 0.000, 0.000, 10:32:02.049, 7
125, 16.90, 12.23, 16.70, 16.13, 0.000, 0.000, 0.000, 10:32:02.050, 7
126, 18.73, 12.70, 11.92, 18.46, 0.000, 0.000, 0.000, 10:32:02.050, 7
127, 8.08, 10.68, 12.68, 17.01, 0.000, 0.000, 0.000, 10:32:02.064, 7
128, 13.04, 12.40, 18.26, 11.68, 0.000, 0.000, 0.000, 10:32:02.065, 7
129, 14.21, 15.96, 22.60, 17.22, 0.000, 0.000, 0.000, 10:32:02.079, 7
130, 13.00, 12.73, 14.40, 14.73, 0.000, 0.000, 0.000, 10:32:02.079, 7
131, 9.72, 13.35, 5.95, 8.07, 0.000, 0.000, 0.000, 10:32:02.080, 7
132, 14.59, 10.40, 17.83, 17.30, 0.000, 0.000, 0.000, 10:32:02.080, 7
133, 14.81, 16.43, 16.15, 17.31, 0.000, 0.000, 0.000, 10:32:02.095, 7
134, 10.39, 13.16, 15.18, 12.51, 0.000, 0.000, 0.000, 10:32:02.095, 7
135, 11.54, 8.36, 18.04, 12.32, 0.000, 0.000, 0.000, 10:32:02.110, 7
136, 15.34, 10.16, 17.64, 16.42, 0.000, 0.000, 0.000, 10:32:02.111, 7
137, 13.64, 15.43, 22.57, 20.27, 0.000, 0.000, 0.000, 10:32:02.113, 7
138, 15.17, 13.05, 11.45, 15.10, 0.000, 0.000, 0.000, 10:32:02.113, 7
139, 10.35, 9.93, 8.32, 12.88, 0.000, 0.000, 0.000, 10:32:02.126, 7
140, 9.60, 12.19, 17.58, 11.89, 0.000, 0.000, 0.000, 10:32:02.127, 7
141, 15.55, 15.27, 20.92, 17.05, 0.000, 0.000, 0.000, 10:32:02.140, 7
142, 12.04, 9.44, 18.60, 15.89, 0.000, 0.000, 0.000, 10:32:02.140, 7
143, 12.08, 13.50, 9.35, 15.02, 0.000, 0.000, 0.000, 10:32:02.141, 7
144, 13.01, 11.67, 18.78, 12.15, 0.000, 0.000, 0.000, 10:32:02.141, 7
145, 18.16, 13.08, 19.98, 18.46, 0.000, 0.000, 0.000, 10:32:02.155, 7
146, 16.63, 13.06, 22.42, 21.52, 0.000, 0.000, 0.000, 10:32:02.155, 7
147, 10.72, 10.00, 13.67, 12.24, 0.000, 0.000, 0.000, 10:32:02.169, 7
148, 14.68, 13.36, 20.64, 13.81, 0.000, 0.000, 0.000, 10:32:02.170, 7
149, 13.07, 17.07, 18.66, 20.98, 0.000, 0.000, 0.000, 10:32:02.170, 7
150, 12.57, 17.89, 14.26, 20.86, 0.000, 0.000, 0.000, 10:32:02.171, 7
151, 9.48, 9.07, 14.62, 16.00, 0.000, 0.000, 0.000, 10:32:02.184, 7
152, 12.10, 11.61, 14.59, 18.05, 0.000, 0.000, 0.000, 10:32:02.185, 7
153, 11.06, 12.19, 14.91, 22.75, 0.000, 0.000, 0.000, 10:32:02.199, 7
154, 13.46, 13.15, 20.14, 15.49, 0.000, 0.000, 0.000, 10:32:02.200, 7
155, 12.34, 10.84, 12.08, 8.34, 0.000, 0.000, 0.000, 10:32:02.200, 7
156, 18.01, 9.59, 21.03, 15.99, 0.000, 0.000, 0.000, 10:32:02.201, 7
157, 20.75, 16.77, 22.30, 17.48, 0.000, 0.000, 0.000, 10:32:02.214, 7
158, 11.98, 10.59, 16.27, 13.04, 0.000, 0.000, 0.000, 10:32:02.215, 7
159, 10.73, 10.20, 10.98, 11.65, 0.000, 0.000, 0.000, 10:32:02.236, 7
160, 12.49, 11.90, 19.69, 14.29, 0.000, 0.000, 0.000, 10:32:02.236, 7
161, 13.26, 13.59, 17.95, 18.98, 0.000, 0.000, 0.000, 10:32:02.237, 7
162, 16.98, 9.19, 13.45, 14.83, 0.000, 0.000, 0.000, 10:32:02.237, 7
163, 12.35, 9.32, 11.80, 9.27, 0.000, 0.000, 0.000, 10:32:02.246, 7
164, 10.28, 13.79, 15.48, 15.39, 0.000, 0.000, 0.000, 10:32:02.247, 7
165, 20.68, 18.62, 17.75, 19.23, 0.000, 0.000, 0.000, 10:32:02.260, 7
166, 14.06, 14.42, 11.55, 17.41, 0.000, 0.000, 0.000, 10:32:02.262, 7
167, 13.12, 9.22, 15.70, 14.56, 0.000, 0.000, 0.000, 10:32:02.263, 7
168, 12.68, 12.50, 16.80, 14.66, 0.000, 0.000, 0.000, 10:32:02.263, 7
169, 19.76, 13.40, 20.94, 17.83, 0.000, 0.000, 0.000, 10:32:02.279, 7
170, 11.73, 15.62, 17.97, 12.63, 0.000, 0.000, 0.000, 10:32:02.279, 7
171, 11.33, 10.66, 11.00, 10.78, 0.000, 0.000, 0.000, 10:32:02.290, 7
172, 15.23, 13.15, 15.48, 17.92, 0.000, 0.000, 0.000, 10:32:02.291, 7
173, 18.20, 16.52, 25.42, 17.71, 0.000, 0.000, 0.000, 10:32:02.292, 7
174, 7.82, 11.27, 14.69, 13.98, 0.000, 0.000, 0.000, 10:32:02.292, 7
175, 11.23, 8.45, 10.96, 10.19, 0.000, 0.000, 0.000, 10:32:02.313, 7
176, 7.46, 12.52, 18.58, 13.00, 0.000, 0.000, 0.000, 10:32:02.313, 7
177, 16.90, 15.82, 18.92, 18.17, 0.000, 0.000, 0.000, 10:32:02.318, 7
178, 14.89, 12.10, 11.70, 16.21, 0.000, 0.000, 0.000, 10:32:02.318, 7
179, 8.39, 8.01, 11.98, 18.15, 0.000, 0.000, 0.000, 10:32:02.319, 7
180, 17.11, 12.05, 21.34, 15.46, 0.000, 0.000, 0.000, 10:32:02.319, 7
181, 20.05, 18.65, 18.13, 21.44, 0.000, 0.000, 0.000, 10:32:02.333, 7
182, 16.36, 11.62, 14.15, 16.64, 0.000, 0.000, 0.000, 10:32:02.333, 7
183, 12.02, 8.01, 22.19, 14.67, 0.000, 0.000, 0.000, 10:32:02.348, 7
184, 14.01, 13.60, 16.72, 15.18, 0.000, 0.000, 0.000, 10:32:02.348, 7
185, 15.05, 16.78, 24.16, 18.85, 0.000, 0.000, 0.000, 10:32:02.349, 7
186, 10.52, 13.11, 13.88, 15.93, 0.000, 0.000, 0.000, 10:32:02.349, 7
187, 12.75, 5.16, 13.16, 11.50, 0.000, 0.000, 0.000, 10:32:02.363, 7
188, 13.18, 13.17, 18.89, 12.80, 0.000, 0.000, 0.000, 10:32:02.363, 7
189, 16.22, 14.95, 23.42, 22.42, 0.000, 0.000, 0.000, 10:32:02.379, 7
190, 16.53, 8.01, 7.80, 13.49, 0.000, 0.000, 0.000, 10:32:02.379, 7
191, 8.96, 13.09, 7.17, 10.82, 0.000, 0.000, 0.000, 10:32:02.380, 7
192, 13.77, 13.90, 9.44, 17.22, 0.000, 0.000, 0.000, 10:32:02.380, 7
193, 14.62, 14.07, 18.55, 18.17, 0.000, 0.000, 0.000, 10:32:02.395, 7
194, 14.24, 11.40, 11.04, 14.18, 0.000, 0.000, 0.000, 10:32:02.395, 7
195, 8.15, 9.04, 16.94, 11.97, 0.000, 0.000, 0.000, 10:32:02.411, 7
196, 12.69, 13.75, 19.74, 13.94, 0.000, 0.000, 0.000, 10:32:02.411, 7
197, 18.11, 16.60, 17.53, 19.93, 0.000, 0.000, 0.000, 10:32:02.411, 7
198, 16.03, 11.29, 21.29, 13.57, 0.000, 0.000, 0.000, 10:32:02.412, 7
199, 10.31, 9.59, 11.62, 11.54, 0.000, 0.000, 0.000, 10:32:02.424, 7
200, 12.84, 13.01, 16.69, 16.16, 0.000, 0.000, 0.000, 10:32:02.424, 7
0, 15.19, 18.68, 18.86, 20.12, 0.000, 0.000, 0.000, 10:32:02.425, 7
1, 14.20, 14.02, 18.67, 14.34, 0.000, 0.000, 0.000, 10:32:02.439, 7
2, 11.05, 7.65, 17.30, 12.74, 0.000, 0.000, 0.000, 10:32:02.439, 7
3, 15.22, 15.75, 10.76, 11.68, 0.000, 0.000, 0.000, 10:32:02.454, 7
4, 15.27, 14.18, 17.56, 17.50, 0.000, 0.000, 0.000, 10:32:02.454, 7
5, 14.41, 12.30, 16.50, 16.75, 0.000, 0.000, 0.000, 10:32:02.461, 7
6, 10.39, 8.67, 13.52, 12.97, 0.000, 0.000, 0.000, 10:32:02.461, 7
7, 12.55, 16.39, 21.27, 16.15, 0.000, 0.000, 0.000, 10:32:02.470, 7
8, 19.82, 19.17, 22.11, 19.22, 0.000, 0.000, 0.000, 10:32:02.470, 7
9, 11.74, 13.14, 13.07, 14.31, 0.000, 0.000, 0.000, 10:32:02.484, 7
10, 11.70, 6.63, 8.69, 6.89, 0.000, 0.000, 0.000, 10:32:02.484, 7
11, 16.08, 12.83, 16.72, 12.50, 0.000, 0.000, 0.000, 10:32:02.484, 7
12, 15.00, 13.32, 21.41, 15.26, 0.000, 0.000, 0.000, 10:32:02.484, 7
13, 13.89, 12.59, 16.95, 15.29, 0.000, 0.000, 0.000, 10:32:02.499, 7
14, 10.44, 14.88, 14.41, 17.33, 0.000, 0.000, 0.000, 10:32:02.499, 7
15, 12.64, 13.82, 18.88, 14.90, 0.000, 0.000, 0.000, 10:32:02.514, 7
16, 13.10, 12.09, 19.42, 19.57, 0.000, 0.000, 0.000, 10:32:02.514, 7
17, 12.00, 16.08, 17.44, 17.07, 0.000, 0.000, 0.000, 10:32:02.514, 7
18, 13.27, 9.14, 7.87, 16.35, 0.000, 0.000, 0.000, 10:32:02.514, 7
19, 18.61, 12.97, 10.72, 13.20, 0.000, 0.000, 0.000, 10:32:02.529, 7
20, 19.52, 14.06, 24.38, 18.29, 0.000, 0.000, 0.000, 10:32:02.529, 7
21, 12.36, 15.07, 20.54, 14.85, 0.000, 0.000, 0.000, 10:32:02.545, 7
22, 8.60, 11.96, 12.65, 12.34, 0.000, 0.000, 0.000, 10:32:02.546, 7
23, 13.99, 9.25, 14.26, 16.15, 0.000, 0.000, 0.000, 10:32:02.546, 7
24, 17.53, 16.15, 25.13, 16.25, 0.000, 0.000, 0.000, 10:32:02.546, 7
25, 13.10, 12.40, 20.20, 16.11, 0.000, 0.000, 0.000, 10:32:02.560, 7
26, 8.56, 8.08, 14.28, 10.51, 0.000, 0.000, 0.000, 10:32:02.560, 7
27, 14.99, 10.32, 14.15, 14.06, 0.000, 0.000, 0.000, 10:32:02.575, 7
28, 16.25, 17.32, 14.77, 16.48, 0.000, 0.000, 0.000, 10:32:02.575, 7
29, 15.21, 11.85, 18.32, 19.40, 0.000, 0.000, 0.000, 10:32:02.576, 7
30, 7.57, 6.11, 12.48, 10.47, 0.000, 0.000, 0.000, 10:32:02.576, 7
31, 12.93, 14.41, 15.86, 15.79, 0.000, 0.000, 0.000, 10:32:02.589, 7
32, 16.48, 18.09, 16.95, 21.08, 0.000, 0.000, 0.000, 10:32:02.589, 7
33, 13.49, 8.17, 18.12, 12.68, 0.000, 0.000, 0.000, 10:32:02.604, 7
34, 9.05, 5.16, 15.88, 10.19, 0.000, 0.000, 0.000, 10:32:02.604, 7
35, 14.45, 12.77, 17.31, 17.47, 0.000, 0.000, 0.000, 10:32:02.611, 7
36, 19.58, 14.82, 21.40, 20.31, 0.000, 0.000, 0.000, 10:32:02.612, 7
37, 14.69, 12.17, 12.99, 16.94, 0.000, 0.000, 0.000, 10:32:02.619, 7
38, 13.63, 12.05, 11.64, 11.22, 0.000, 0.000, 0.000, 10:32:02.619, 7
39, 15.49, 14.32, 16.36, 18.22, 0.000, 0.000, 0.000, 10:32:02.634, 7
40, 14.71, 16.90, 22.74, 15.95, 0.000, 0.000, 0.000, 10:32:02.634, 7
41, 14.02, 12.82, 22.04, 18.41, 0.000, 0.000, 0.000, 10:32:02.635, 7
42, 11.32, 10.51, 9.37, 13.46, 0.000, 0.000, 0.000, 10:32:02.635, 7
43, 13.22, 14.59, 16.19, 15.35, 0.000, 0.000, 0.000, 10:32:02.649, 7
44, 13.58, 18.22, 13.70, 18.50, 0.000, 0.000, 0.000, 10:32:02.649, 7
45, 16.25, 15.74, 17.87, 15.36, 0.000, 0.000, 0.000, 10:32:02.664, 7
46, 13.54, 8.03, 8.19, 11.36, 0.000, 0.000, 0.000, 10:32:02.664, 7
47, 12.27, 13.91, 20.93, 18.17, 0.000, 0.000, 0.000, 10:32:02.665, 7
48, 20.35, 14.29, 28.51, 19.32, 0.000, 0.000, 0.000, 10:32:02.665, 7
49, 9.18, 13.28, 22.63, 14.54, 0.000, 0.000, 0.000, 10:32:02.679, 7
50, 9.92, 8.00, 13.73, 8.81, 0.000, 0.000, 0.000, 10:32:02.680, 7
51, 12.89, 12.38, 11.68, 15.38, 0.000, 0.000, 0.000, 10:32:02.695, 7
52, 13.68, 13.18, 17.19, 21.66, 0.000, 0.000, 0.000, 10:32:02.695, 7
53, 15.26, 15.51, 17.80, 16.29, 0.000, 0.000, 0.000, 10:32:02.696, 7
54, 16.41, 9.64, 16.72, 9.16, 0.000, 0.000, 0.000, 10:32:02.696, 7
55, 17.13, 12.61, 16.12, 14.55, 0.000, 0.000, 0.000, 10:32:02.709, 7
56, 13.76, 19.25, 28.46, 18.64, 0.000, 0.000, 0.000, 10:32:02.709, 7
57, 13.89, 14.05, 18.05, 16.06, 0.000, 0.000, 0.000, 10:32:02.724, 7
58, 10.65, 10.28, 11.92, 14.66, 0.000, 0.000, 0.000, 10:32:02.724, 7
59, 10.89, 13.27, 18.53, 17.71, 0.000, 0.000, 0.000, 10:32:02.725, 7
60, 15.85, 13.01, 14.31, 16.64, 0.000, 0.000, 0.000, 10:32:02.725, 7
61, 14.44, 11.64, 12.03, 17.33, 0.000, 0.000, 0.000, 10:32:02.739, 7
62, 11.39, 9.47, 18.20, 8.80, 0.000, 0.000, 0.000, 10:32:02.739, 7
63, 11.68, 14.26, 18.89, 14.01, 0.000, 0.000, 0.000, 10:32:02.754, 7
64, 19.53, 10.80, 11.32, 16.98, 0.000, 0.000, 0.000, 10:32:02.755, 7
65, 10.46, 13.24, 10.65, 17.13, 0.000, 0.000, 0.000, 10:32:02.755, 7
66, 11.70, 9.12, 10.05, 15.44, 0.000, 0.000, 0.000, 10:32:02.756, 7
67, 15.42, 13.97, 13.21, 12.43, 0.000, 0.000, 0.000, 10:32:02.770, 7
68, 12.59, 13.42, 21.99, 18.09, 0.000, 0.000, 0.000, 10:32:02.770, 7
69, 13.17, 14.43, 10.94, 20.76, 0.000, 0.000, 0.000, 10:32:02.784, 7
70, 14.54, 12.50, 13.55, 13.05, 0.000, 0.000, 0.000, 10:32:02.785, 7
71, 13.36, 13.62, 10.57, 13.22, 0.000, 0.000, 0.000, 10:32:02.785, 7
72, 14.02, 14.81, 24.22, 14.59, 0.000, 0.000, 0.000, 10:32:02.785, 7
73, 14.76, 9.13, 18.19, 14.87, 0.000, 0.000, 0.000, 10:32:02.799, 7
74, 11.66, 6.41, 12.34, 10.06, 0.000, 0.000, 0.000, 10:32:02.800, 7
75, 14.16, 14.23, 10.95, 17.38, 0.000, 0.000, 0.000, 10:32:02.815, 7
76, 14.83, 14.48, 19.08, 20.31, 0.000, 0.000, 0.000, 10:32:02.815, 7
77, 13.29, 9.57, 15.81, 11.56, 0.000, 0.000, 0.000, 10:32:02.816, 7
78, 10.92, 8.90, 14.22, 14.89, 0.000, 0.000, 0.000, 10:32:02.816, 7
79, 15.25, 12.32, 20.71, 11.61, 0.000, 0.000, 0.000, 10:32:02.830, 7
80, 13.42, 16.80, 19.92, 17.60, 0.000, 0.000, 0.000, 10:32:02.830, 7
81, 14.20, 14.04, 19.16, 14.47, 0.000, 0.000, 0.000, 10:32:02.844, 7
82, 15.19, 10.00, 13.24, 14.57, 0.000, 0.000, 0.000, 10:32:02.844, 7
83, 12.31, 11.46, 15.60, 15.40, 0.000, 0.000, 0.000, 10:32:02.845, 7
84, 15.64, 12.69, 22.86, 21.88, 0.000, 0.000, 0.000, 10:32:02.845, 7
85, 12.55, 13.02, 11.19, 15.68, 0.000, 0.000, 0.000, 10:32:02.860, 7
86, 11.46, 16.78, 15.97, 19.47, 0.000, 0.000, 0.000, 10:32:02.860, 7
87, 15.11, 14.32, 19.53, 16.85, 0.000, 0.000, 0.000, 10:32:02.874, 7
88, 20.98, 13.44, 22.59, 23.16, 0.000, 0.000, 0.000, 10:32:02.875, 7
89, 11.18, 14.77, 18.53, 17.20, 0.000, 0.000, 0.000, 10:32:02.875, 7
90, 14.80, 7.44, 17.02, 12.34, 0.000, 0.000, 0.000, 10:32:02.875, 7
91, 12.71, 11.77, 18.14, 14.38, 0.000, 0.000, 0.000, 10:32:02.889, 7
92, 17.95, 14.42, 21.29, 19.97, 0.000, 0.000, 0.000, 10:32:02.889, 7
93, 11.14, 14.52, 10.04, 16.30, 0.000, 0.000, 0.000, 10:32:02.904, 7
94, 10.12, 13.70, 13.84, 11.88, 0.000, 0.000, 0.000, 10:32:02.904, 7
95, 11.66, 13.96, 9.27, 13.81, 0.000, 0.000, 0.000, 10:32:02.905, 7
96, 15.39, 14.43, 20.26, 15.12, 0.000, 0.000, 0.000, 10:32:02.905, 7
97, 19.35, 10.03, 20.67, 17.42, 0.000, 0.000, 0.000, 10:32:02.919, 7
98, 12.07, 9.09, 9.07, 11.95, 0.000, 0.000, 0.000, 10:32:02.919, 7
99, 13.93, 11.54, 11.08, 12.01, 0.000, 0.000, 0.000, 10:32:02.934, 7
100, 13.50, 15.59, 13.36, 18.38, 0.000, 0.000, 0.000, 10:32:02.934, 7
101, 14.92, 14.72, 13.54, 18.78, 0.000, 0.000, 0.000, 10:32:02.935, 7
102, 9.19, 10.01, 13.46, 15.51, 0.000, 0.000, 0.000, 10:32:02.935, 7
103, 12.78, 10.53, 18.22, 11.56, 0.000, 0.000, 0.000, 10:32:02.949, 7
104, 14.00, 16.19, 18.78, 17.66, 0.000, 0.000, 0.000, 10:32:02.949, 7
105, 13.42, 12.68, 18.26, 14.02, 0.000, 0.000, 0.000, 10:32:02.964, 7
106, 13.38, 11.90, 14.55, 11.22, 0.000, 0.000, 0.000, 10:32:02.964, 7
107, 11.89, 11.61, 21.58, 14.98, 0.000, 0.000, 0.000, 10:32:02.964, 7
108, 17.72, 13.41, 19.78, 18.35, 0.000, 0.000, 0.000, 10:32:02.965, 7
109, 9.20, 12.02, 8.97, 15.47, 0.000, 0.000, 0.000, 10:32:02.979, 7
110, 12.30, 8.21, 11.88, 11.54, 0.000, 0.000, 0.000, 10:32:02.979, 7
111, 13.21, 16.18, 18.26, 16.18, 0.000, 0.000, 0.000, 10:32:02.995, 7
112, 14.58, 16.00, 20.04, 18.85, 0.000, 0.000, 0.000, 10:32:02.995, 7
113, 15.95, 9.47, 19.79, 15.27, 0.000, 0.000, 0.000, 10:32:02.995, 7
114, 13.74, 11.39, 8.25, 9.45, 0.000, 0.000, 0.000, 10:32:02.995, 7
115, 6.05, 12.25, 11.60, 14.94, 0.000, 0.000, 0.000, 10:32:03.015, 7
116, 20.46, 16.00, 19.58, 17.44, 0.000, 0.000, 0.000, 10:32:03.015, 7
117, 16.54, 13.51, 22.09, 16.69, 0.000, 0.000, 0.000, 10:32:03.023, 7
118, 16.27, 14.40, 19.80, 13.12, 0.000, 0.000, 0.000, 10:32:03.024, 7
119, 15.24, 15.20, 18.24, 13.77, 0.000, 0.000, 0.000, 10:32:03.024, 7
120, 16.29, 18.12, 19.33, 18.75, 0.000, 0.000, 0.000, 10:32:03.024, 7
121, 13.54, 12.26, 18.51, 17.31, 0.000, 0.000, 0.000, 10:32:03.038, 7
122, 12.35, 8.58, 17.38, 13.05, 0.000, 0.000, 0.000, 10:32:03.038, 7
123, 9.34, 15.72, 18.25, 15.19, 0.000, 0.000, 0.000, 10:32:03.053, 7
124, 18.86, 11.67, 19.92, 16.55, 0.000, 0.000, 0.000, 10:32:03.054, 7
125, 12.14, 8.78, 12.47, 15.98, 0.000, 0.000, 0.000, 10:32:03.054, 7
126, 13.19, 8.49, 10.97, 13.31, 0.000, 0.000, 0.000, 10:32:03.054, 7
127, 11.00, 9.53, 20.10, 14.63, 0.000, 0.000, 0.000, 10:32:03.069, 7
128, 19.51, 13.51, 17.13, 17.63, 0.000, 0.000, 0.000, 10:32:03.069, 7
129, 15.38, 14.93, 17.11, 14.63, 0.000, 0.000, 0.000, 10:32:03.084, 7
130, 12.96, 9.76, 11.70, 12.50, 0.000, 0.000, 0.000, 10:32:03.084, 7
131, 14.29, 10.78, 21.12, 17.23, 0.000, 0.000, 0.000, 10:32:03.085, 7
132, 14.06, 14.00, 21.07, 18.14, 0.000, 0.000, 0.000, 10:32:03.085, 7
133, 12.69, 9.90, 15.79, 15.41, 0.000, 0.000, 0.000, 10:32:03.099, 7
134, 9.36, 11.31, 13.80, 12.26, 0.000, 0.000, 0.000, 10:32:03.099, 7
135, 12.49, 17.97, 18.73, 15.04, 0.000, 0.000, 0.000, 10:32:03.114, 7
136, 16.70, 16.07, 13.89, 20.11, 0.000, 0.000, 0.000, 10:32:03.114, 7
137, 12.84, 9.71, 12.89, 16.67, 0.000, 0.000, 0.000, 10:32:03.114, 7
138, 15.29, 10.16, 7.70, 11.63, 0.000, 0.000, 0.000, 10:32:03.115, 7
139, 12.10, 12.18, 19.19, 11.29, 0.000, 0.000, 0.000, 10:32:03.129, 7
140, 15.27, 15.40, 24.70, 17.86, 0.000, 0.000, 0.000, 10:32:03.130, 7
141, 14.92, 14.46, 18.51, 19.17, 0.000, 0.000, 0.000, 10:32:03.144, 7
142, 9.71, 8.56, 14.82, 10.42, 0.000, 0.000, 0.000, 10:32:03.145, 7
143, 14.34, 12.74, 18.26, 19.22, 0.000, 0.000, 0.000, 10:32:03.145, 7
144, 17.48, 16.82, 21.46, 18.20, 0.000, 0.000, 0.000, 10:32:03.145, 7
145, 9.91, 10.92, 18.02, 16.82, 0.000, 0.000, 0.000, 10:32:03.160, 7
146, 12.99, 10.41, 14.07, 12.93, 0.000, 0.000, 0.000, 10:32:03.161, 7
147, 16.52, 13.84, 14.57, 18.55, 0.000, 0.000, 0.000, 10:32:03.174, 7
148, 16.84, 14.78, 17.75, 20.12, 0.000, 0.000, 0.000, 10:32:03.175, 7
149, 17.84, 9.04, 16.93, 11.82, 0.000, 0.000, 0.000, 10:32:03.175, 7
150, 14.16, 9.92, 6.35, 10.10, 0.000, 0.000, 0.000, 10:32:03.175, 7
151, 14.14, 14.15, 17.98, 13.16, 0.000, 0.000, 0.000, 10:32:03.189, 7
152, 16.98, 20.83, 14.27, 17.92, 0.000, 0.000, 0.000, 10:32:03.189, 7
153, 12.23, 14.56, 19.17, 16.78, 0.000, 0.000, 0.000, 10:32:03.204, 7
154, 9.75, 5.07, 12.68, 11.29, 0.000, 0.000, 0.000, 10:32:03.204, 7
155, 11.16, 14.17, 16.45, 16.76, 0.000, 0.000, 0.000, 10:32:03.205, 7
156, 15.30, 14.89, 22.23, 15.59, 0.000, 0.000, 0.000, 10:32:03.205, 7
157, 10.54, 11.27, 11.31, 10.91, 0.000, 0.000, 0.000, 10:32:03.219, 7
158, 9.41, 8.70, 17.87, 11.28, 0.000, 0.000, 0.000, 10:32:03.219, 7
159, 17.45, 11.91, 19.08, 14.80, 0.000, 0.000, 0.000, 10:32:03.234, 7
160, 10.88, 14.55, 24.58, 18.98, 0.000, 0.000, 0.000, 10:32:03.234, 7
161, 16.07, 15.49, 12.44, 18.42, 0.000, 0.000, 0.000, 10:32:03.235, 7
162, 7.65, 10.72, 8.39, 16.42, 0.000, 0.000, 0.000, 10:32:03.235, 7
163, 15.96, 12.12, 14.36, 12.13, 0.000, 0.000, 0.000, 10:32:03.249, 7
164, 13.93, 15.49, 17.59, 20.03, 0.000, 0.000, 0.000, 10:32:03.250, 7
165, 11.67, 12.78, 21.34, 18.42, 0.000, 0.000, 0.000, 10:32:03.264, 7
166, 12.10, 13.30, 14.13, 15.96, 0.000, 0.000, 0.000, 10:32:03.265, 7
167, 17.27, 12.77, 23.48, 21.97, 0.000, 0.000, 0.000, 10:32:03.265, 7
168, 16.19, 17.17, 14.03, 19.52, 0.000, 0.000, 0.000, 10:32:03.265, 7
169, 16.99, 12.04, 18.08, 17.75, 0.000, 0.000, 0.000, 10:32:03.280, 7
170, 9.40, 7.26, 10.29, 12.64, 0.000, 0.000, 0.000, 10:32:03.280, 7
171, 14.06, 11.95, 13.30, 18.48, 0.000, 0.000, 0.000, 10:32:03.295, 7
172, 18.25, 15.87, 16.39, 17.21, 0.000, 0.000, 0.000, 10:32:03.296, 7
173, 10.73, 9.25, 15.20, 13.73, 0.000, 0.000, 0.000, 10:32:03.297, 7
174, 15.05, 12.54, 9.63, 14.16, 0.000, 0.000, 0.000, 10:32:03.297, 7
175, 12.61, 7.62, 17.14, 18.27, 0.000, 0.000, 0.000, 10:32:03.316, 7
176, 13.54, 15.84, 16.96, 16.84, 0.000, 0.000, 0.000, 10:32:03.316, 7
177, 17.69, 11.89, 18.58, 18.89, 0.000, 0.000, 0.000, 10:32:03.324, 7
178, 13.19, 9.26, 21.39, 12.74, 0.000, 0.000, 0.000, 10:32:03.325, 7
179, 14.14, 13.93, 18.37, 17.63, 0.000, 0.000, 0.000, 10:32:03.325, 7
180, 18.77, 14.45, 17.19, 18.33, 0.000, 0.000, 0.000, 10:32:03.326, 7
181, 14.87, 10.25, 13.18, 14.85, 0.000, 0.000, 0.000, 10:32:03.339, 7
182, 10.75, 8.93, 11.85, 16.10, 0.000, 0.000, 0.000, 10:32:03.339, 7
183, 13.69, 10.04, 23.79, 13.54, 0.000, 0.000, 0.000, 10:32:03.354, 7
184, 18.76, 13.66, 21.99, 17.18, 0.000, 0.000, 0.000, 10:32:03.355, 7
185, 9.21, 14.62, 12.17, 12.44, 0.000, 0.000, 0.000, 10:32:03.355, 7
186, 8.86, 11.30, 15.64, 12.21, 0.000, 0.000, 0.000, 10:32:03.356, 7
187, 15.91, 9.23, 11.76, 17.38, 0.000, 0.000, 0.000, 10:32:03.369, 7
188, 20.47, 15.22, 18.77, 21.04, 0.000, 0.000, 0.000, 10:32:03.370, 7
189, 11.97, 14.17, 18.90, 14.94, 0.000, 0.000, 0.000, 10:32:03.384, 7
190, 9.13, 11.75, 14.44, 11.43, 0.000, 0.000, 0.000, 10:32:03.384, 7
191, 13.65, 14.57, 20.89, 15.46, 0.000, 0.000, 0.000, 10:32:03.385, 7
192, 11.19, 19.71, 15.51, 17.79, 0.000, 0.000, 0.000, 10:32:03.385, 7
193, 11.06, 12.92, 20.14, 20.46, 0.000, 0.000, 0.000, 10:32:03.399, 7
194, 12.59, 8.38, 11.44, 14.32, 0.000, 0.000, 0.000, 10:32:03.399, 7
195, 12.88, 15.54, 19.46, 12.17, 0.000, 0.000, 0.000, 10:32:03.415, 7
196, 17.91, 16.65, 16.85, 17.87, 0.000, 0.000, 0.000, 10:32:03.416, 7
197, 15.58, 13.24, 15.94, 16.56, 0.000, 0.000, 0.000, 10:32:03.417, 7
198, 10.46, 11.97, 6.43, 13.62, 0.000, 0.000, 0.000, 10:32:03.417, 7
199, 14.13, 14.72, 12.58, 13.37, 0.000, 0.000, 0.000, 10:32:03.431, 7
200, 16.98, 15.24, 22.43, 17.58, 0.000, 0.000, 0.000, 10:32:03.432, 7
0, 12.89, 13.25, 18.81, 16.08, 0.000, 0.000, 0.000, 10:32:03.433, 7
1, 9.07, 8.31, 15.77, 13.98, 0.000, 0.000, 0.000, 10:32:03.445, 7
2, 13.56, 13.92, 22.01, 16.81, 0.000, 0.000, 0.000, 10:32:03.446, 7
3, 17.37, 17.15, 20.92, 17.21, 0.000, 0.000, 0.000, 10:32:03.460, 7
4, 14.17, 11.06, 15.20, 12.66, 0.000, 0.000, 0.000, 10:32:03.461, 7
5, 6.27, 8.86, 13.76, 14.31, 0.000, 0.000, 0.000, 10:32:03.462, 7
6, 13.77, 11.72, 19.12, 13.07, 0.000, 0.000, 0.000, 10:32:03.462, 7
7, 16.33, 15.08, 17.64, 16.23, 0.000, 0.000, 0.000, 10:32:03.476, 7
8, 14.19, 12.21, 14.07, 16.93, 0.000, 0.000, 0.000, 10:32:03.476, 7
9, 14.99, 8.02, 15.69, 11.41, 0.000, 0.000, 0.000, 10:32:03.490, 7
10, 17.53, 13.45, 16.09, 12.27, 0.000, 0.000, 0.000, 10:32:03.490, 7
11, 19.10, 15.39, 26.03, 21.42, 0.000, 0.000, 0.000, 10:32:03.491, 7
12, 18.90, 17.09, 13.36, 17.88, 0.000, 0.000, 0.000, 10:32:03.492, 7
13, 10.97, 10.82, 14.28, 13.56, 0.000, 0.000, 0.000, 10:32:03.505, 7
14, 14.09, 10.26, 20.51, 15.33, 0.000, 0.000, 0.000, 10:32:03.505, 7
15, 15.23, 15.22, 17.81, 16.36, 0.000, 0.000, 0.000, 10:32:03.519, 7
16, 13.27, 9.30, 11.05, 14.45, 0.000, 0.000, 0.000, 10:32:03.520, 7
17, 11.10, 7.10, 8.34, 10.38, 0.000, 0.000, 0.000, 10:32:03.521, 7
18, 11.78, 11.62, 15.28, 18.07, 0.000, 0.000, 0.000, 10:32:03.521, 7
19, 13.97, 18.84, 21.30, 17.45, 0.000, 0.000, 0.000, 10:32:03.535, 7
20, 9.43, 11.93, 20.97, 15.70, 0.000, 0.000, 0.000, 10:32:03.535, 7
21, 11.55, 8.02, 7.42, 13.74, 0.000, 0.000, 0.000, 10:32:03.550, 7
22, 14.03, 12.12, 17.53, 13.14, 0.000, 0.000, 0.000, 10:32:03.551, 7
23, 15.80, 14.69, 17.06, 18.42, 0.000, 0.000, 0.000, 10:32:03.551, 7
24, 16.07, 13.44, 18.21, 16.67, 0.000, 0.000, 0.000, 10:32:03.552, 7
25, 13.87, 10.52, 13.78, 13.93, 0.000, 0.000, 0.000, 10:32:03.565, 7
26, 16.48, 14.03, 10.29, 15.28, 0.000, 0.000, 0.000, 10:32:03.566, 7
27, 12.61, 16.35, 22.08, 17.05, 0.000, 0.000, 0.000, 10:32:03.580, 7
28, 14.47, 12.82, 20.42, 12.45, 0.000, 0.000, 0.000, 10:32:03.581, 7
29, 7.51, 9.38, 12.52, 9.70, 0.000, 0.000, 0.000, 10:32:03.582, 7
30, 14.45, 11.12, 8.47, 13.77, 0.000, 0.000, 0.000, 10:32:03.582, 7
31, 15.48, 14.63, 19.37, 21.18, 0.000, 0.000, 0.000, 10:32:03.594, 7
32, 14.21, 14.13, 15.45, 16.78, 0.000, 0.000, 0.000, 10:32:03.595, 7
33, 7.08, 13.03, 6.40, 11.42, 0.000, 0.000, 0.000, 10:32:03.610, 7
34, 13.38, 14.52, 24.53, 15.27, 0.000, 0.000, 0.000, 10:32:03.610, 7
35, 12.80, 14.85, 19.81, 20.67, 0.000, 0.000, 0.000, 10:32:03.612, 7
36, 12.66, 10.11, 14.52, 13.05, 0.000, 0.000, 0.000, 10:32:03.613, 7
37, 13.04, 11.20, 13.36, 14.98, 0.000, 0.000, 0.000, 10:32:03.625, 7
38, 12.64, 10.77, 18.24, 11.61, 0.000, 0.000, 0.000, 10:32:03.625, 7
39, 20.90, 16.06, 27.13, 21.96, 0.000, 0.000, 0.000, 10:32:03.639, 7
40, 12.29, 15.52, 12.80, 18.07, 0.000, 0.000, 0.000, 10:32:03.640, 7
41, 14.96, 9.89, 11.12, 12.91, 0.000, 0.000, 0.000, 10:32:03.641, 7
42, 15.75, 9.79, 17.76, 13.09, 0.000, 0.000, 0.000, 10:32:03.642, 7
43, 14.65, 11.29, 14.98, 21.85, 0.000, 0.000, 0.000, 10:32:03.654, 7
44, 14.56, 10.92, 12.92, 16.44, 0.000, 0.000, 0.000, 10:32:03.654, 7
45, 9.42, 9.16, 9.57, 12.85, 0.000, 0.000, 0.000, 10:32:03.669, 7
46, 14.97, 15.24, 21.27, 17.60, 0.000, 0.000, 0.000, 10:32:03.670, 7
47, 17.11, 14.35, 15.11, 16.49, 0.000, 0.000, 0.000, 10:3