%OpenBCI Raw EEG Data
%
%Sample Rate = 200.0 Hz
%First Column = SampleIndex
%Last Column = Timestamp 
%Other Columns = EEG data in microvolts followed by Accel Data (in G) interleaved with Aux Data
0, 0.00, 8.80, 4.52, 11.15, 0.000, 0.000, 0.000, 13:35:40.762
1, 0.00, 9.61, 10.71, 17.61, 0.000, 0.000, 0.000, 13:35:40.778
2, 0.00, 15.11, 8.94, 18.80, 0.000, 0.000, 0.000, 13:35:40.781
3, 0.00, 12.14, 7.75, 19.21, 0.000, 0.000, 0.000, 13:35:40.795
4, 0.00, 11.48, 7.70, 16.78, 0.000, 0.000, 0.000, 13:35:40.797
5, 0.00, 11.13, 11.56, 16.10, 0.000, 0.000, 0.000, 13:35:40.800
6, 0.00, 12.10, 6.80, 14.15, 0.000, 0.000, 0.000, 13:35:40.803
7, 0.00, 14.47, 13.96, 16.07, 0.000, 0.000, 0.000, 13:35:40.807
8, 0.00, 16.84, 8.96, 19.79, 0.000, 0.000, 0.000, 13:35:40.811
9, 0.00, 13.25, 8.99, 13.85, 0.000, 0.000, 0.000, 13:35:40.818
10, 0.00, 9.82, 2.88, 15.05, 0.000, 0.000, 0.000, 13:35:40.821
11, 0.00, 12.91, 11.25, 14.40, 0.000, 0.000, 0.000, 13:35:40.823
12, 0.00, 16.63, 6.57, 15.15, 0.000, 0.000, 0.000, 13:35:40.824
13, 0.00, 14.59, 12.34, 14.12, 0.000, 0.000, 0.000, 13:35:40.830
14, 0.00, 14.08, 10.31, 17.77, 0.000, 0.000, 0.000, 13:35:40.831
15, 0.00, 14.60, 9.40, 12.96, 0.000, 0.000, 0.000, 13:35:40.847
16, 0.00, 16.32, 13.80, 20.01, 0.000, 0.000, 0.000, 13:35:40.849
17, 0.00, 14.21, 12.27, 13.48, 0.000, 0.000, 0.000, 13:35:40.850
18, 0.00, 11.71, 4.05, 11.43, 0.000, 0.000, 0.000, 13:35:40.852
19, 0.00, 11.44, 8.15, 14.81, 0.000, 0.000, 0.000, 13:35:40.860
20, 0.00, 13.64, 14.18, 17.38, 0.000, 0.000, 0.000, 13:35:40.863
21, 0.00, 11.74, 6.88, 16.97, 0.000, 0.000, 0.000, 13:35:40.875
22, 0.00, 10.30, 8.97, 13.51, 0.000, 0.000, 0.000, 13:35:40.876
23, 0.00, 11.38, 0.80, 13.42, 0.000, 0.000, 0.000, 13:35:40.881
24, 0.00, 12.04, 6.21, 10.56, 0.000, 0.000, 0.000, 13:35:40.883
25, 0.00, 12.70, 7.35, 14.80, 0.000, 0.000, 0.000, 13:35:40.893
26, 0.00, 9.40, 10.05, 14.03, 0.000, 0.000, 0.000, 13:35:40.894
27, 0.00, 8.42, 7.92, 12.53, 0.000, 0.000, 0.000, 13:35:40.905
28, 0.00, 15.69, 15.96, 16.20, 0.000, 0.000, 0.000, 13:35:40.906
29, 0.00, 8.59, 6.08, 11.73, 0.000, 0.000, 0.000, 13:35:40.907
30, 0.00, 12.89, 8.76, 16.07, 0.000, 0.000, 0.000, 13:35:40.908
31, 0.00, 8.86, 5.60, 10.72, 0.000, 0.000, 0.000, 13:35:40.920
32, 0.00, 18.16, 15.41, 15.39, 0.000, 0.000, 0.000, 13:35:40.921
33, 0.00, 14.87, 12.07, 15.35, 0.000, 0.000, 0.000, 13:35:40.936
34, 0.00, 16.10, 12.24, 11.51, 0.000, 0.000, 0.000, 13:35:40.937
35, 0.00, 8.93, 4.78, 12.84, 0.000, 0.000, 0.000, 13:35:40.937
36, 0.00, 12.01, 11.99, 17.50, 0.000, 0.000, 0.000, 13:35:40.938
37, 0.00, 8.59, 6.13, 12.81, 0.000, 0.000, 0.000, 13:35:40.950
38, 0.00, 6.40, 5.45, 13.32, 0.000, 0.000, 0.000, 13:35:40.950
39, 0.00, 11.70, 2.26, 14.22, 0.000, 0.000, 0.000, 13:35:40.965
40, 0.00, 12.90, 6.65, 13.58, 0.000, 0.000, 0.000, 13:35:40.965
41, 0.00, 11.22, 6.54, 14.94, 0.000, 0.000, 0.000, 13:35:40.965
42, 0.00, 14.78, 10.45, 13.65, 0.000, 0.000, 0.000, 13:35:40.966
43, 0.00, 14.57, 4.02, 18.94, 0.000, 0.000, 0.000, 13:35:40.979
44, 0.00, 11.72, 10.21, 12.54, 0.000, 0.000, 0.000, 13:35:40.980
45, 0.00, 11.83, 9.52, 16.49, 0.000, 0.000, 0.000, 13:35:40.994
46, 0.00, 13.38, 5.84, 12.71, 0.000, 0.000, 0.000, 13:35:40.994
47, 0.00, 11.45, 8.18, 13.05, 0.000, 0.000, 0.000, 13:35:40.995
48, 0.00, 11.41, 11.30, 8.77, 0.000, 0.000, 0.000, 13:35:40.996
49, 0.00, 10.65, 5.77, 11.00, 0.000, 0.000, 0.000, 13:35:41.010
50, 0.00, 14.17, 5.29, 10.98, 0.000, 0.000, 0.000, 13:35:41.010
51, 0.00, 12.78, 15.27, 13.12, 0.000, 0.000, 0.000, 13:35:41.024
52, 0.00, 11.78, 6.77, 17.76, 0.000, 0.000, 0.000, 13:35:41.027
53, 0.00, 15.69, 16.15, 17.98, 0.000, 0.000, 0.000, 13:35:41.027
54, 0.00, 14.98, 12.82, 18.12, 0.000, 0.000, 0.000, 13:35:41.027
55, 0.00, 15.57, 13.08, 20.17, 0.000, 0.000, 0.000, 13:35:41.039
56, 0.00, 15.00, 9.35, 19.88, 0.000, 0.000, 0.000, 13:35:41.040
57, 0.00, 14.64, 7.06, 14.62, 0.000, 0.000, 0.000, 13:35:41.055
58, 0.00, 11.99, 9.62, 7.78, 0.000, 0.000, 0.000, 13:35:41.056
59, 0.00, 11.88, 7.52, 13.50, 0.000, 0.000, 0.000, 13:35:41.056
60, 0.00, 14.71, 9.11, 15.28, 0.000, 0.000, 0.000, 13:35:41.057
61, 0.00, 14.40, 8.41, 18.52, 0.000, 0.000, 0.000, 13:35:41.069
62, 0.00, 17.78, 9.74, 15.28, 0.000, 0.000, 0.000, 13:35:41.070
63, 0.00, 11.00, 8.92, 14.23, 0.000, 0.000, 0.000, 13:35:41.086
64, 0.00, 15.47, 10.34, 20.23, 0.000, 0.000, 0.000, 13:35:41.087
65, 0.00, 12.71, 13.49, 16.02, 0.000, 0.000, 0.000, 13:35:41.089
66, 0.00, 13.95, 5.46, 16.96, 0.000, 0.000, 0.000, 13:35:41.090
67, 0.00, 19.23, 11.57, 18.06, 0.000, 0.000, 0.000, 13:35:41.099
68, 0.00, 9.28, 11.09, 14.78, 0.000, 0.000, 0.000, 13:35:41.100
69, 0.00, 11.49, 6.65, 18.25, 0.000, 0.000, 0.000, 13:35:41.114
70, 0.00, 12.95, 5.67, 10.64, 0.000, 0.000, 0.000, 13:35:41.114
71, 0.00, 11.67, 7.46, 12.00, 0.000, 0.000, 0.000, 13:35:41.115
72, 0.00, 11.30, 9.87, 16.10, 0.000, 0.000, 0.000, 13:35:41.115
73, 0.00, 11.36, 8.88, 12.97, 0.000, 0.000, 0.000, 13:35:41.130
74, 0.00, 8.84, 6.66, 12.64, 0.000, 0.000, 0.000, 13:35:41.131
75, 0.00, 9.54, 1.05, 9.88, 0.000, 0.000, 0.000, 13:35:41.145
76, 0.00, 11.25, 11.35, 12.01, 0.000, 0.000, 0.000, 13:35:41.145
77, 0.00, 12.87, 6.60, 12.43, 0.000, 0.000, 0.000, 13:35:41.153
78, 0.00, 10.64, 9.71, 12.81, 0.000, 0.000, 0.000, 13:35:41.154
79, 0.00, 10.23, 6.16, 12.65, 0.000, 0.000, 0.000, 13:35:41.160
80, 0.00, 11.60, 11.75, 19.42, 0.000, 0.000, 0.000, 13:35:41.161
81, 0.00, 12.38, 5.72, 17.17, 0.000, 0.000, 0.000, 13:35:41.175
82, 0.00, 10.35, 6.93, 13.52, 0.000, 0.000, 0.000, 13:35:41.176
83, 0.00, 13.67, 10.79, 13.92, 0.000, 0.000, 0.000, 13:35:41.177
84, 0.00, 14.06, 6.44, 13.54, 0.000, 0.000, 0.000, 13:35:41.177
85, 0.00, 13.97, 12.53, 12.77, 0.000, 0.000, 0.000, 13:35:41.192
86, 0.00, 12.02, 11.55, 11.05, 0.000, 0.000, 0.000, 13:35:41.192
87, 0.00, 13.18, 11.78, 13.41, 0.000, 0.000, 0.000, 13:35:41.207
88, 0.00, 12.79, 11.27, 16.05, 0.000, 0.000, 0.000, 13:35:41.208
89, 0.00, 15.96, 14.35, 20.89, 0.000, 0.000, 0.000, 13:35:41.208
90, 0.00, 11.86, 6.14, 14.37, 0.000, 0.000, 0.000, 13:35:41.209
91, 0.00, 14.99, 11.67, 14.68, 0.000, 0.000, 0.000, 13:35:41.221
92, 0.00, 12.30, 12.64, 16.34, 0.000, 0.000, 0.000, 13:35:41.222
93, 0.00, 12.73, 12.02, 13.75, 0.000, 0.000, 0.000, 13:35:41.235
94, 0.00, 12.25, 5.02, 14.13, 0.000, 0.000, 0.000, 13:35:41.237
95, 0.00, 11.42, 9.96, 11.58, 0.000, 0.000, 0.000, 13:35:41.238
96, 0.00, 13.73, 1.92, 12.84, 0.000, 0.000, 0.000, 13:35:41.239
97, 0.00, 13.00, 9.34, 16.84, 0.000, 0.000, 0.000, 13:35:41.250
98, 0.00, 12.33, 10.72, 11.74, 0.000, 0.000, 0.000, 13:35:41.251
99, 0.00, 14.68, 11.55, 14.91, 0.000, 0.000, 0.000, 13:35:41.265
100, 0.00, 19.33, 9.09, 20.80, 0.000, 0.000, 0.000, 13:35:41.266
101, 0.00, 16.05, 10.82, 17.04, 0.000, 0.000, 0.000, 13:35:41.267
102, 0.00, 11.31, 11.03, 17.56, 0.000, 0.000, 0.000, 13:35:41.267
103, 0.00, 14.52, 5.88, 14.57, 0.000, 0.000, 0.000, 13:35:41.281
104, 0.00, 13.19, 7.65, 11.49, 0.000, 0.000, 0.000, 13:35:41.282
105, 0.00, 11.30, 7.90, 15.37, 0.000, 0.000, 0.000, 13:35:41.295
106, 0.00, 12.31, 10.93, 10.16, 0.000, 0.000, 0.000, 13:35:41.296
107, 0.00, 12.16, 11.40, 12.39, 0.000, 0.000, 0.000, 13:35:41.296
108, 0.00, 14.90, 12.35, 17.10, 0.000, 0.000, 0.000, 13:35:41.297
109, 0.00, 10.86, 9.75, 15.67, 0.000, 0.000, 0.000, 13:35:41.311
110, 0.00, 13.02, 8.22, 14.12, 0.000, 0.000, 0.000, 13:35:41.311
111, 0.00, 15.62, 14.01, 16.54, 0.000, 0.000, 0.000, 13:35:41.325
112, 0.00, 11.13, 8.25, 12.43, 0.000, 0.000, 0.000, 13:35:41.326
113, 0.00, 16.13, 10.26, 13.66, 0.000, 0.000, 0.000, 13:35:41.327
114, 0.00, 10.64, 7.46, 18.52, 0.000, 0.000, 0.000, 13:35:41.328
115, 0.00, 15.10, 9.66, 17.20, 0.000, 0.000, 0.000, 13:35:41.341
116, 0.00, 14.14, 7.81, 19.36, 0.000, 0.000, 0.000, 13:35:41.342
117, 0.00, 11.48, 9.76, 16.14, 0.000, 0.000, 0.000, 13:35:41.356
118, 0.00, 7.53, 7.02, 13.99, 0.000, 0.000, 0.000, 13:35:41.358
119, 0.00, 11.75, 6.44, 11.55, 0.000, 0.000, 0.000, 13:35:41.359
120, 0.00, 12.99, 5.17, 13.62, 0.000, 0.000, 0.000, 13:35:41.360
121, 0.00, 12.85, 12.82, 12.69, 0.000, 0.000, 0.000, 13:35:41.380
122, 0.00, 12.21, 12.99, 13.29, 0.000, 0.000, 0.000, 13:35:41.381
123, 0.00, 12.35, 8.77, 12.47, 0.000, 0.000, 0.000, 13:35:41.387
124, 0.00, 12.68, 12.51, 14.78, 0.000, 0.000, 0.000, 13:35:41.392
125, 0.00, 10.60, 8.45, 10.14, 0.000, 0.000, 0.000, 13:35:41.395
126, 0.00, 5.72, 6.89, 11.92, 0.000, 0.000, 0.000, 13:35:41.419
127, 0.00, 19.46, 9.79, 16.71, 0.000, 0.000, 0.000, 13:35:41.420
128, 0.00, 17.45, 10.97, 16.39, 0.000, 0.000, 0.000, 13:35:41.420
129, 0.00, 12.52, 9.88, 17.40, 0.000, 0.000, 0.000, 13:35:41.421
130, 0.00, 16.02, 9.89, 15.16, 0.000, 0.000, 0.000, 13:35:41.421
131, 0.00, 16.97, 13.30, 21.18, 0.000, 0.000, 0.000, 13:35:41.423
132, 0.00, 17.15, 8.72, 16.64, 0.000, 0.000, 0.000, 13:35:41.423
133, 0.00, 13.89, 4.07, 10.74, 0.000, 0.000, 0.000, 13:35:41.430
134, 0.00, 11.52, 6.82, 15.76, 0.000, 0.000, 0.000, 13:35:41.430
135, 0.00, 12.70, 6.48, 13.21, 0.000, 0.000, 0.000, 13:35:41.445
136, 0.00, 7.35, 6.26, 16.28, 0.000, 0.000, 0.000, 13:35:41.445
137, 0.00, 12.93, 8.34, 12.46, 0.000, 0.000, 0.000, 13:35:41.445
138, 0.00, 14.15, 10.59, 14.25, 0.000, 0.000, 0.000, 13:35:41.446
139, 0.00, 10.10, 15.91, 12.66, 0.000, 0.000, 0.000, 13:35:41.459
140, 0.00, 13.82, 12.01, 17.65, 0.000, 0.000, 0.000, 13:35:41.459
141, 0.00, 16.21, 10.58, 18.46, 0.000, 0.000, 0.000, 13:35:41.475
142, 0.00, 14.98, 7.79, 14.61, 0.000, 0.000, 0.000, 13:35:41.475
143, 0.00, 12.90, 9.21, 14.75, 0.000, 0.000, 0.000, 13:35:41.476
144, 0.00, 13.46, 12.05, 16.55, 0.000, 0.000, 0.000, 13:35:41.476
145, 0.00, 12.42, 15.59, 12.34, 0.000, 0.000, 0.000, 13:35:41.489
146, 0.00, 10.72, 1.85, 16.20, 0.000, 0.000, 0.000, 13:35:41.489
147, 0.00, 7.10, 4.62, 15.21, 0.000, 0.000, 0.000, 13:35:41.506
148, 0.00, 14.21, 9.88, 12.55, 0.000, 0.000, 0.000, 13:35:41.506
149, 0.00, 13.42, 10.18, 12.79, 0.000, 0.000, 0.000, 13:35:41.506
150, 0.00, 12.61, 9.08, 15.98, 0.000, 0.000, 0.000, 13:35:41.507
151, 0.00, 12.52, 10.55, 13.65, 0.000, 0.000, 0.000, 13:35:41.520
152, 0.00, 20.20, 15.33, 18.11, 0.000, 0.000, 0.000, 13:35:41.520
153, 0.00, 13.14, 13.26, 18.05, 0.000, 0.000, 0.000, 13:35:41.535
154, 0.00, 10.32, 5.50, 13.13, 0.000, 0.000, 0.000, 13:35:41.535
155, 0.00, 12.03, 9.91, 11.57, 0.000, 0.000, 0.000, 13:35:41.536
156, 0.00, 11.08, 7.04, 9.82, 0.000, 0.000, 0.000, 13:35:41.537
157, 0.00, 15.75, 9.97, 15.50, 0.000, 0.000, 0.000, 13:35:41.551
158, 0.00, 11.84, 6.11, 16.00, 0.000, 0.000, 0.000, 13:35:41.551
159, 0.00, 12.36, 7.47, 16.82, 0.000, 0.000, 0.000, 13:35:41.565
160, 0.00, 12.26, 8.01, 20.01, 0.000, 0.000, 0.000, 13:35:41.566
161, 0.00, 12.89, 11.17, 18.74, 0.000, 0.000, 0.000, 13:35:41.566
162, 0.00, 13.89, 10.74, 12.40, 0.000, 0.000, 0.000, 13:35:41.566
163, 0.00, 13.61, 5.75, 12.83, 0.000, 0.000, 0.000, 13:35:41.580
164, 0.00, 12.47, 12.56, 16.35, 0.000, 0.000, 0.000, 13:35:41.581
165, 0.00, 13.80, 9.87, 11.95, 0.000, 0.000, 0.000, 13:35:41.596
166, 0.00, 15.28, 9.84, 15.85, 0.000, 0.000, 0.000, 13:35:41.596
167, 0.00, 13.77, 7.82, 14.01, 0.000, 0.000, 0.000, 13:35:41.596
168, 0.00, 15.83, 11.35, 16.58, 0.000, 0.000, 0.000, 13:35:41.597
169, 0.00, 13.48, 7.89, 16.59, 0.000, 0.000, 0.000, 13:35:41.611
170, 0.00, 9.76, 1.61, 10.71, 0.000, 0.000, 0.000, 13:35:41.612
171, 0.00, 7.83, 4.96, 8.86, 0.000, 0.000, 0.000, 13:35:41.626
172, 0.00, 15.92, 6.55, 15.76, 0.000, 0.000, 0.000, 13:35:41.627
173, 0.00, 12.85, 12.79, 16.40, 0.000, 0.000, 0.000, 13:35:41.627
174, 0.00, 13.55, 7.08, 17.29, 0.000, 0.000, 0.000, 13:35:41.627
175, 0.00, 10.59, 13.14, 10.97, 0.000, 0.000, 0.000, 13:35:41.646
176, 0.00, 14.70, 12.21, 15.85, 0.000, 0.000, 0.000, 13:35:41.647
177, 0.00, 12.48, 7.39, 13.11, 0.000, 0.000, 0.000, 13:35:41.655
178, 0.00, 10.83, 3.11, 11.29, 0.000, 0.000, 0.000, 13:35:41.656
179, 0.00, 10.78, 11.41, 13.84, 0.000, 0.000, 0.000, 13:35:41.657
180, 0.00, 12.09, 8.37, 18.21, 0.000, 0.000, 0.000, 13:35:41.658
181, 0.00, 10.70, 5.29, 13.89, 0.000, 0.000, 0.000, 13:35:41.670
182, 0.00, 10.58, 5.17, 15.87, 0.000, 0.000, 0.000, 13:35:41.671
183, 0.00, 10.04, 9.04, 12.22, 0.000, 0.000, 0.000, 13:35:41.685
184, 0.00, 14.48, 4.47, 9.97, 0.000, 0.000, 0.000, 13:35:41.685
185, 0.00, 10.82, 10.54, 15.77, 0.000, 0.000, 0.000, 13:35:41.686
186, 0.00, 13.19, 9.80, 13.85, 0.000, 0.000, 0.000, 13:35:41.688
187, 0.00, 12.39, 7.33, 11.38, 0.000, 0.000, 0.000, 13:35:41.700
188, 0.00, 14.81, 12.40, 21.90, 0.000, 0.000, 0.000, 13:35:41.701
189, 0.00, 11.24, 11.96, 14.15, 0.000, 0.000, 0.000, 13:35:41.715
190, 0.00, 12.59, 5.88, 11.43, 0.000, 0.000, 0.000, 13:35:41.716
191, 0.00, 12.37, 5.07, 16.06, 0.000, 0.000, 0.000, 13:35:41.717
192, 0.00, 7.61, 4.52, 7.82, 0.000, 0.000, 0.000, 13:35:41.719
193, 0.00, 11.21, 7.74, 10.65, 0.000, 0.000, 0.000, 13:35:41.730
194, 0.00, 14.43, 9.29, 12.23, 0.000, 0.000, 0.000, 13:35:41.730
195, 0.00, 14.42, 12.88, 17.22, 0.000, 0.000, 0.000, 13:35:41.745
196, 0.00, 12.56, 7.52, 15.84, 0.000, 0.000, 0.000, 13:35:41.745
197, 0.00, 14.54, 9.71, 18.43, 0.000, 0.000, 0.000, 13:35:41.746
198, 0.00, 12.18, 7.22, 12.30, 0.000, 0.000, 0.000, 13:35:41.746
199, 0.00, 11.12, 9.61, 13.47, 0.000, 0.000, 0.000, 13:35:41.759
200, 0.00, 11.96, 6.99, 13.00, 0.000, 0.000, 0.000, 13:35:41.760
0, 0.00, 17.24, 13.84, 15.47, 0.000, 0.000, 0.000, 13:35:41.760
1, 0.00, 10.99, 6.52, 17.84, 0.000, 0.000, 0.000, 13:35:41.775
2, 0.00, 13.82, 9.50, 18.07, 0.000, 0.000, 0.000, 13:35:41.775
3, 0.00, 15.94, 12.77, 17.31, 0.000, 0.000, 0.000, 13:35:41.790
4, 0.00, 13.08, 12.50, 19.37, 0.000, 0.000, 0.000, 13:35:41.790
5, 0.00, 11.63, 12.39, 18.12, 0.000, 0.000, 0.000, 13:35:41.790
6, 0.00, 14.23, 8.27, 15.83, 0.000, 0.000, 0.000, 13:35:41.790
7, 0.00, 13.05, 13.59, 16.81, 0.000, 0.000, 0.000, 13:35:41.804
8, 0.00, 9.14, 8.30, 10.56, 0.000, 0.000, 0.000, 13:35:41.806
9, 0.00, 4.42, 3.58, 7.65, 0.000, 0.000, 0.000, 13:35:41.820
10, 0.00, 11.31, 7.97, 16.33, 0.000, 0.000, 0.000, 13:35:41.821
11, 0.00, 15.95, 9.04, 17.73, 0.000, 0.000, 0.000, 13:35:41.821
12, 0.00, 13.49, 8.78, 13.26, 0.000, 0.000, 0.000, 13:35:41.822
13, 0.00, 11.98, 7.94, 11.18, 0.000, 0.000, 0.000, 13:35:41.835
14, 0.00, 12.71, 9.68, 14.72, 0.000, 0.000, 0.000, 13:35:41.836
15, 0.00, 11.08, 14.07, 18.84, 0.000, 0.000, 0.000, 13:35:41.849
16, 0.00, 10.83, 5.99, 14.46, 0.000, 0.000, 0.000, 13:35:41.850
17, 0.00, 11.87, 7.55, 16.27, 0.000, 0.000, 0.000, 13:35:41.851
18, 0.00, 15.19, 10.04, 13.71, 0.000, 0.000, 0.000, 13:35:41.851
19, 0.00, 16.30, 15.24, 21.14, 0.000, 0.000, 0.000, 13:35:41.864
20, 0.00, 13.00, 12.07, 13.38, 0.000, 0.000, 0.000, 13:35:41.865
21, 0.00, 8.65, 6.07, 16.02, 0.000, 0.000, 0.000, 13:35:41.880
22, 0.00, 13.30, 10.96, 15.79, 0.000, 0.000, 0.000, 13:35:41.880
23, 0.00, 12.05, 11.61, 16.58, 0.000, 0.000, 0.000, 13:35:41.888
24, 0.00, 10.28, 8.51, 9.98, 0.000, 0.000, 0.000, 13:35:41.889
25, 0.00, 15.42, 10.32, 10.71, 0.000, 0.000, 0.000, 13:35:41.895
26, 0.00, 11.87, 11.01, 12.22, 0.000, 0.000, 0.000, 13:35:41.896
27, 0.00, 12.83, 7.12, 21.34, 0.000, 0.000, 0.000, 13:35:41.910
28, 0.00, 13.24, 6.88, 16.18, 0.000, 0.000, 0.000, 13:35:41.911
29, 0.00, 14.82, 9.17, 17.17, 0.000, 0.000, 0.000, 13:35:41.911
30, 0.00, 11.82, 11.20, 12.56, 0.000, 0.000, 0.000, 13:35:41.912
31, 0.00, 11.87, 14.45, 12.27, 0.000, 0.000, 0.000, 13:35:41.925
32, 0.00, 15.17, 12.72, 17.30, 0.000, 0.000, 0.000, 13:35:41.926
33, 0.00, 17.62, 12.03, 17.27, 0.000, 0.000, 0.000, 13:35:41.942
34, 0.00, 11.52, 8.76, 14.37, 0.000, 0.000, 0.000, 13:35:41.942
35, 0.00, 11.95, 8.00, 18.05, 0.000, 0.000, 0.000, 13:35:41.943
36, 0.00, 17.05, 14.15, 22.08, 0.000, 0.000, 0.000, 13:35:41.943
37, 0.00, 11.90, 8.21, 13.70, 0.000, 0.000, 0.000, 13:35:41.956
38, 0.00, 9.51, 0.86, 16.43, 0.000, 0.000, 0.000, 13:35:41.957
39, 0.00, 12.66, 5.91, 13.93, 0.000, 0.000, 0.000, 13:35:41.970
40, 0.00, 14.65, 9.21, 14.29, 0.000, 0.000, 0.000, 13:35:41.971
41, 0.00, 14.93, 8.14, 19.20, 0.000, 0.000, 0.000, 13:35:41.971
42, 0.00, 13.03, 12.83, 12.51, 0.000, 0.000, 0.000, 13:35:41.972
43, 0.00, 11.03, 8.63, 12.49, 0.000, 0.000, 0.000, 13:35:41.985
44, 0.00, 13.62, 10.60, 13.53, 0.000, 0.000, 0.000, 13:35:41.987
45, 0.00, 10.60, 6.44, 12.76, 0.000, 0.000, 0.000, 13:35:42.009
46, 0.00, 8.21, 1.99, 8.94, 0.000, 0.000, 0.000, 13:35:42.010
47, 0.00, 13.41, 7.33, 14.06, 0.000, 0.000, 0.000, 13:35:42.010
48, 0.00, 13.65, 8.51, 11.56, 0.000, 0.000, 0.000, 13:35:42.011
49, 0.00, 11.21, 8.93, 13.73, 0.000, 0.000, 0.000, 13:35:42.015
50, 0.00, 16.37, 10.14, 12.37, 0.000, 0.000, 0.000, 13:35:42.016
51, 0.00, 19.27, 12.14, 19.25, 0.000, 0.000, 0.000, 13:35:42.031
52, 0.00, 17.99, 11.11, 19.07, 0.000, 0.000, 0.000, 13:35:42.031
53, 0.00, 18.84, 15.13, 18.71, 0.000, 0.000, 0.000, 13:35:42.031
54, 0.00, 11.99, 10.07, 16.48, 0.000, 0.000, 0.000, 13:35:42.031
55, 0.00, 18.75, 14.99, 26.52, 0.000, 0.000, 0.000, 13:35:42.046
56, 0.00, 10.77, 10.95, 13.42, 0.000, 0.000, 0.000, 13:35:42.046
57, 0.00, 10.16, 8.27, 13.29, 0.000, 0.000, 0.000, 13:35:42.059
58, 0.00, 9.30, 7.35, 8.61, 0.000, 0.000, 0.000, 13:35:42.059
59, 0.00, 11.85, 6.33, 15.68, 0.000, 0.000, 0.000, 13:35:42.060
60, 0.00, 10.23, 3.64, 11.27, 0.000, 0.000, 0.000, 13:35:42.061
61, 0.00, 13.37, 10.01, 11.93, 0.000, 0.000, 0.000, 13:35:42.074
62, 0.00, 5.58, 6.30, 12.50, 0.000, 0.000, 0.000, 13:35:42.075
63, 0.00, 13.03, 8.40, 18.05, 0.000, 0.000, 0.000, 13:35:42.090
64, 0.00, 14.60, 12.40, 13.75, 0.000, 0.000, 0.000, 13:35:42.090
65, 0.00, 10.11, 3.57, 13.07, 0.000, 0.000, 0.000, 13:35:42.090
66, 0.00, 14.61, 5.85, 11.83, 0.000, 0.000, 0.000, 13:35:42.090
67, 0.00, 14.21, 12.39, 13.59, 0.000, 0.000, 0.000, 13:35:42.109
68, 0.00, 14.91, 14.81, 15.43, 0.000, 0.000, 0.000, 13:35:42.109
69, 0.00, 13.05, 10.55, 10.34, 0.000, 0.000, 0.000, 13:35:42.120
70, 0.00, 12.20, 7.01, 16.75, 0.000, 0.000, 0.000, 13:35:42.124
71, 0.00, 14.18, 8.21, 19.76, 0.000, 0.000, 0.000, 13:35:42.125
72, 0.00, 13.14, 12.39, 12.88, 0.000, 0.000, 0.000, 13:35:42.125
73, 0.00, 12.59, 9.44, 13.67, 0.000, 0.000, 0.000, 13:35:42.134
74, 0.00, 9.16, 8.78, 14.35, 0.000, 0.000, 0.000, 13:35:42.135
75, 0.00, 13.13, 9.66, 13.42, 0.000, 0.000, 0.000, 13:35:42.149
76, 0.00, 11.81, 6.38, 11.29, 0.000, 0.000, 0.000, 13:35:42.149
77, 0.00, 9.38, 4.60, 17.06, 0.000, 0.000, 0.000, 13:35:42.150
78, 0.00, 10.19, 7.54, 12.96, 0.000, 0.000, 0.000, 13:35:42.150
79, 0.00, 11.96, 5.71, 10.98, 0.000, 0.000, 0.000, 13:35:42.164
80, 0.00, 12.81, 11.01, 12.51, 0.000, 0.000, 0.000, 13:35:42.164
81, 0.00, 10.29, 5.40, 11.24, 0.000, 0.000, 0.000, 13:35:42.179
82, 0.00, 10.13, 3.23, 13.87, 0.000, 0.000, 0.000, 13:35:42.180
83, 0.00, 12.03, 6.57, 12.73, 0.000, 0.000, 0.000, 13:35:42.180
84, 0.00, 12.38, 6.61, 12.96, 0.000, 0.000, 0.000, 13:35:42.180
85, 0.00, 9.68, 3.59, 9.40, 0.000, 0.000, 0.000, 13:35:42.194
86, 0.00, 15.66, 10.05, 19.63, 0.000, 0.000, 0.000, 13:35:42.195
87, 0.00, 12.40, 9.86, 17.07, 0.000, 0.000, 0.000, 13:35:42.209
88, 0.00, 11.72, 7.26, 10.84, 0.000, 0.000, 0.000, 13:35:42.209
89, 0.00, 14.37, 10.94, 13.31, 0.000, 0.000, 0.000, 13:35:42.210
90, 0.00, 8.28, 9.97, 17.59, 0.000, 0.000, 0.000, 13:35:42.210
91, 0.00, 10.74, 10.04, 18.39, 0.000, 0.000, 0.000, 13:35:42.224
92, 0.00, 19.22, 11.07, 21.39, 0.000, 0.000, 0.000, 13:35:42.225
93, 0.00, 15.55, 8.20, 8.72, 0.000, 0.000, 0.000, 13:35:42.241
94, 0.00, 15.50, 13.32, 15.09, 0.000, 0.000, 0.000, 13:35:42.241
95, 0.00, 12.62, 12.37, 12.88, 0.000, 0.000, 0.000, 13:35:42.242
96, 0.00, 15.31, 10.88, 14.46, 0.000, 0.000, 0.000, 13:35:42.242
97, 0.00, 13.65, 9.69, 16.70, 0.000, 0.000, 0.000, 13:35:42.255
98, 0.00, 11.07, 8.43, 12.63, 0.000, 0.000, 0.000, 13:35:42.258
99, 0.00, 18.65, 14.76, 22.45, 0.000, 0.000, 0.000, 13:35:42.292
100, 0.00, 14.28, 11.49, 14.75, 0.000, 0.000, 0.000, 13:35:42.293
101, 0.00, 15.39, 11.41, 17.34, 0.000, 0.000, 0.000, 13:35:42.294
102, 0.00, 10.19, 11.59, 17.40, 0.000, 0.000, 0.000, 13:35:42.294
103, 0.00, 16.89, 13.84, 23.64, 0.000, 0.000, 0.000, 13:35:42.295
104, 0.00, 13.79, 8.42, 19.51, 0.000, 0.000, 0.000, 13:35:42.295
105, 0.00, 12.23, 6.88, 13.11, 0.000, 0.000, 0.000, 13:35:42.300
106, 0.00, 10.03, 6.88, 14.43, 0.000, 0.000, 0.000, 13:35:42.300
107, 0.00, 9.78, 7.77, 10.84, 0.000, 0.000, 0.000, 13:35:42.303
108, 0.00, 12.98, 6.15, 18.18, 0.000, 0.000, 0.000, 13:35:42.305
109, 0.00, 14.11, 9.88, 11.96, 0.000, 0.000, 0.000, 13:35:42.319
110, 0.00, 12.02, 10.35, 15.80, 0.000, 0.000, 0.000, 13:35:42.320
111, 0.00, 12.42, 6.61, 13.26, 0.000, 0.000, 0.000, 13:35:42.329
112, 0.00, 10.97, 2.32, 7.06, 0.000, 0.000, 0.000, 13:35:42.330
113, 0.00, 10.37, 8.74, 16.49, 0.000, 0.000, 0.000, 13:35:42.330
114, 0.00, 11.89, 10.94, 12.08, 0.000, 0.000, 0.000, 13:35:42.330
115, 0.00, 16.25, 6.25, 14.60, 0.000, 0.000, 0.000, 13:35:42.345
116, 0.00, 10.82, 5.68, 13.69, 0.000, 0.000, 0.000, 13:35:42.345
117, 0.00, 6.61, 3.01, 7.23, 0.000, 0.000, 0.000, 13:35:42.359
118, 0.00, 11.64, 10.52, 13.55, 0.000, 0.000, 0.000, 13:35:42.360
119, 0.00, 12.61, 9.77, 14.95, 0.000, 0.000, 0.000, 13:35:42.360
120, 0.00, 9.65, 4.86, 12.77, 0.000, 0.000, 0.000, 13:35:42.360
121, 0.00, 9.17, 5.64, 11.27, 0.000, 0.000, 0.000, 13:35:42.375
122, 0.00, 11.48, 7.65, 13.79, 0.000, 0.000, 0.000, 13:35:42.375
123, 0.00, 12.71, 8.97, 20.45, 0.000, 0.000, 0.000, 13:35:42.390
124, 0.00, 14.58, 12.42, 22.88, 0.000, 0.000, 0.000, 13:35:42.390
125, 0.00, 12.98, 8.89, 16.00, 0.000, 0.000, 0.000, 13:35:42.391
126, 0.00, 12.50, 10.87, 13.54, 0.000, 0.000, 0.000, 13:35:42.391
127, 0.00, 11.61, 9.76, 12.07, 0.000, 0.000, 0.000, 13:35:42.406
128, 0.00, 16.87, 13.22, 16.47, 0.000, 0.000, 0.000, 13:35:42.406
129, 0.00, 14.75, 10.60, 11.61, 0.000, 0.000, 0.000, 13:35:42.419
130, 0.00, 12.79, 6.98, 16.42, 0.000, 0.000, 0.000, 13:35:42.420
131, 0.00, 14.16, 6.07, 13.34, 0.000, 0.000, 0.000, 13:35:42.420
132, 0.00, 15.23, 15.10, 14.59, 0.000, 0.000, 0.000, 13:35:42.420
133, 0.00, 8.62, 11.43, 17.14, 0.000, 0.000, 0.000, 13:35:42.434
134, 0.00, 9.12, 5.44, 13.97, 0.000, 0.000, 0.000, 13:35:42.435
135, 0.00, 18.07, 8.87, 18.61, 0.000, 0.000, 0.000, 13:35:42.450
136, 0.00, 13.34, 12.28, 14.99, 0.000, 0.000, 0.000, 13:35:42.450
137, 0.00, 13.66, 11.80, 13.56, 0.000, 0.000, 0.000, 13:35:42.450
138, 0.00, 13.51, 11.46, 12.19, 0.000, 0.000, 0.000, 13:35:42.450
139, 0.00, 13.07, 5.33, 15.52, 0.000, 0.000, 0.000, 13:35:42.465
140, 0.00, 14.44, 11.61, 14.69, 0.000, 0.000, 0.000, 13:35:42.465
141, 0.00, 9.94, 9.68, 13.52, 0.000, 0.000, 0.000, 13:35:42.479
142, 0.00, 7.09, 5.74, 14.57, 0.000, 0.000, 0.000, 13:35:42.479
143, 0.00, 11.81, 8.02, 12.67, 0.000, 0.000, 0.000, 13:35:42.480
144, 0.00, 14.00, 8.67, 14.97, 0.000, 0.000, 0.000, 13:35:42.480
145, 0.00, 10.32, 10.19, 11.44, 0.000, 0.000, 0.000, 13:35:42.494
146, 0.00, 10.74, 9.67, 13.15, 0.000, 0.000, 0.000, 13:35:42.494
147, 0.00, 14.47, 8.19, 15.48, 0.000, 0.000, 0.000, 13:35:42.509
148, 0.00, 15.90, 8.96, 15.55, 0.000, 0.000, 0.000, 13:35:42.510
149, 0.00, 11.12, 2.38, 11.09, 0.000, 0.000, 0.000, 13:35:42.510
150, 0.00, 8.00, 10.13, 13.12, 0.000, 0.000, 0.000, 13:35:42.510
151, 0.00, 14.42, 6.83, 15.52, 0.000, 0.000, 0.000, 13:35:42.524
152, 0.00, 15.84, 9.84, 20.39, 0.000, 0.000, 0.000, 13:35:42.525
153, 0.00, 14.88, 12.12, 15.60, 0.000, 0.000, 0.000, 13:35:42.539
154, 0.00, 13.91, 6.74, 12.48, 0.000, 0.000, 0.000, 13:35:42.539
155, 0.00, 13.79, 7.21, 19.15, 0.000, 0.000, 0.000, 13:35:42.540
156, 0.00, 13.86, 10.63, 15.43, 0.000, 0.000, 0.000, 13:35:42.540
157, 0.00, 12.26, 10.26, 15.54, 0.000, 0.000, 0.000, 13:35:42.554
158, 0.00, 16.20, 10.45, 13.00, 0.000, 0.000, 0.000, 13:35:42.555
159, 0.00, 10.17, 9.62, 13.53, 0.000, 0.000, 0.000, 13:35:42.569
160, 0.00, 13.22, 11.50, 14.81, 0.000, 0.000, 0.000, 13:35:42.570
161, 0.00, 12.82, 8.06, 13.96, 0.000, 0.000, 0.000, 13:35:42.572
162, 0.00, 13.73, 6.01, 11.83, 0.000, 0.000, 0.000, 13:35:42.572
163, 0.00, 12.16, 12.14, 15.80, 0.000, 0.000, 0.000, 13:35:42.586
164, 0.00, 7.71, 6.97, 12.03, 0.000, 0.000, 0.000, 13:35:42.586
165, 0.00, 5.31, 9.87, 11.75, 0.000, 0.000, 0.000, 13:35:42.599
166, 0.00, 10.01, 7.62, 13.38, 0.000, 0.000, 0.000, 13:35:42.599
167, 0.00, 14.95, 8.31, 19.09, 0.000, 0.000, 0.000, 13:35:42.600
168, 0.00, 13.08, 8.96, 15.87, 0.000, 0.000, 0.000, 13:35:42.600
169, 0.00, 14.95, 10.96, 15.40, 0.000, 0.000, 0.000, 13:35:42.614
170, 0.00, 8.47, 7.09, 17.93, 0.000, 0.000, 0.000, 13:35:42.614
171, 0.00, 12.49, 8.62, 14.19, 0.000, 0.000, 0.000, 13:35:42.629
172, 0.00, 17.11, 14.97, 19.38, 0.000, 0.000, 0.000, 13:35:42.629
173, 0.00, 20.16, 11.63, 18.22, 0.000, 0.000, 0.000, 13:35:42.630
174, 0.00, 12.91, 10.52, 16.25, 0.000, 0.000, 0.000, 13:35:42.630
175, 0.00, 13.60, 12.07, 14.30, 0.000, 0.000, 0.000, 13:35:42.645
176, 0.00, 9.31, 3.26, 14.46, 0.000, 0.000, 0.000, 13:35:42.645
177, 0.00, 12.90, 7.58, 13.96, 0.000, 0.000, 0.000, 13:35:42.660
178, 0.00, 12.15, 7.44, 7.18, 0.000, 0.000, 0.000, 13:35:42.660
179, 0.00, 12.32, 3.40, 18.04, 0.000, 0.000, 0.000, 13:35:42.661
180, 0.00, 15.26, 12.86, 18.51, 0.000, 0.000, 0.000, 13:35:42.661
181, 0.00, 12.84, 9.41, 14.97, 0.000, 0.000, 0.000, 13:35:42.675
182, 0.00, 13.72, 12.32, 18.65, 0.000, 0.000, 0.000, 13:35:42.675
183, 0.00, 14.76, 12.26, 16.45, 0.000, 0.000, 0.000, 13:35:42.690
184, 0.00, 16.06, 12.58, 10.58, 0.000, 0.000, 0.000, 13:35:42.690
185, 0.00, 11.75, 10.66, 8.72, 0.000, 0.000, 0.000, 13:35:42.691
186, 0.00, 13.75, 7.04, 16.04, 0.000, 0.000, 0.000, 13:35:42.691
187, 0.00, 13.03, 6.10, 17.19, 0.000, 0.000, 0.000, 13:35:42.707
188, 0.00, 16.41, 9.53, 13.66, 0.000, 0.000, 0.000, 13:35:42.707
189, 0.00, 10.11, 8.13, 9.12, 0.000, 0.000, 0.000, 13:35:42.720
190, 0.00, 11.57, 8.44, 13.60, 0.000, 0.000, 0.000, 13:35:42.720
191, 0.00, 13.22, 9.94, 17.69, 0.000, 0.000, 0.000, 13:35:42.721
192, 0.00, 14.70, 10.72, 16.24, 0.000, 0.000, 0.000, 13:35:42.721
193, 0.00, 16.28, 16.32, 19.52, 0.000, 0.000, 0.000, 13:35:42.735
194, 0.00, 13.93, 9.26, 13.28, 0.000, 0.000, 0.000, 13:35:42.735
195, 0.00, 13.09, 6.83, 14.81, 0.000, 0.000, 0.000, 13:35:42.749
196, 0.00, 10.59, 10.13, 13.39, 0.000, 0.000, 0.000, 13:35:42.750
197, 0.00, 12.15, 7.98, 11.21, 0.000, 0.000, 0.000, 13:35:42.753
198, 0.00, 9.31, 5.46, 15.45, 0.000, 0.000, 0.000, 13:35:42.753
199, 0.00, 12.74, 5.11, 13.80, 0.000, 0.000, 0.000, 13:35:42.764
200, 0.00, 11.09, 6.44, 17.75, 0.000, 0.000, 0.000, 13:35:42.765
0, 0.00, 12.73, 10.85, 13.72, 0.000, 0.000, 0.000, 13:35:42.765
1, 0.00, 10.95, 7.70, 15.71, 0.000, 0.000, 0.000, 13:35:42.779
2, 0.00, 10.48, 10.14, 12.73, 0.000, 0.000, 0.000, 13:35:42.780
3, 0.00, 12.77, 10.43, 14.17, 0.000, 0.000, 0.000, 13:35:42.794
4, 0.00, 12.61, 13.15, 12.68, 0.000, 0.000, 0.000, 13:35:42.794
5, 0.00, 8.96, 7.12, 12.42, 0.000, 0.000, 0.000, 13:35:42.795
6, 0.00, 13.28, 6.68, 16.64, 0.000, 0.000, 0.000, 13:35:42.795
7, 0.00, 15.05, 13.04, 15.10, 0.000, 0.000, 0.000, 13:35:42.810
8, 0.00, 19.87, 12.75, 20.43, 0.000, 0.000, 0.000, 13:35:42.810
9, 0.00, 12.22, 11.88, 11.55, 0.000, 0.000, 0.000, 13:35:42.824
10, 0.00, 10.77, 9.32, 10.65, 0.000, 0.000, 0.000, 13:35:42.825
11, 0.00, 9.30, 10.16, 16.26, 0.000, 0.000, 0.000, 13:35:42.832
12, 0.00, 10.87, 7.39, 12.15, 0.000, 0.000, 0.000, 13:35:42.832
13, 0.00, 11.47, 5.85, 16.37, 0.000, 0.000, 0.000, 13:35:42.839
14, 0.00, 12.33, 7.49, 14.10, 0.000, 0.000, 0.000, 13:35:42.840
15, 0.00, 9.26, 9.73, 13.15, 0.000, 0.000, 0.000, 13:35:42.856
16, 0.00, 13.54, 9.97, 15.93, 0.000, 0.000, 0.000, 13:35:42.856
17, 0.00, 13.77, 9.12, 16.07, 0.000, 0.000, 0.000, 13:35:42.856
18, 0.00, 11.72, 4.79, 14.46, 0.000, 0.000, 0.000, 13:35:42.856
19, 0.00, 11.42, 6.54, 11.72, 0.000, 0.000, 0.000, 13:35:42.869
20, 0.00, 13.20, 5.12, 15.76, 0.000, 0.000, 0.000, 13:35:42.870
21, 0.00, 15.09, 7.54, 11.46, 0.000, 0.000, 0.000, 13:35:42.885
22, 0.00, 16.12, 13.62, 18.24, 0.000, 0.000, 0.000, 13:35:42.885
23, 0.00, 15.34, 15.44, 20.62, 0.000, 0.000, 0.000, 13:35:42.886
24, 0.00, 16.05, 10.58, 18.80, 0.000, 0.000, 0.000, 13:35:42.886
25, 0.00, 10.68, 11.24, 13.28, 0.000, 0.000, 0.000, 13:35:42.900
26, 0.00, 14.51, 8.20, 12.53, 0.000, 0.000, 0.000, 13:35:42.900
27, 0.00, 13.62, 10.99, 16.44, 0.000, 0.000, 0.000, 13:35:42.914
28, 0.00, 14.89, 12.64, 14.51, 0.000, 0.000, 0.000, 13:35:42.915
29, 0.00, 9.50, 7.70, 12.63, 0.000, 0.000, 0.000, 13:35:42.915
30, 0.00, 11.43, 10.68, 11.15, 0.000, 0.000, 0.000, 13:35:42.915
31, 0.00, 12.20, 10.53, 13.80, 0.000, 0.000, 0.000, 13:35:42.929
32, 0.00, 11.65, 2.33, 8.81, 0.000, 0.000, 0.000, 13:35:42.929
33, 0.00, 12.20, 4.04, 12.29, 0.000, 0.000, 0.000, 13:35:42.944
34, 0.00, 16.73, 15.16, 14.98, 0.000, 0.000, 0.000, 13:35:42.944
35, 0.00, 15.30, 9.59, 17.22, 0.000, 0.000, 0.000, 13:35:42.945
36, 0.00, 11.10, 8.46, 13.64, 0.000, 0.000, 0.000, 13:35:42.945
37, 0.00, 11.91, 12.77, 12.47, 0.000, 0.000, 0.000, 13:35:42.959
38, 0.00, 16.43, 8.69, 18.41, 0.000, 0.000, 0.000, 13:35:42.959
39, 0.00, 15.22, 9.73, 19.34, 0.000, 0.000, 0.000, 13:35:42.974
40, 0.00, 13.88, 12.78, 15.19, 0.000, 0.000, 0.000, 13:35:42.974
41, 0.00, 9.59, 6.34, 11.99, 0.000, 0.000, 0.000, 13:35:42.974
42, 0.00, 11.80, 12.15, 16.88, 0.000, 0.000, 0.000, 13:35:42.975
43, 0.00, 12.40, 13.69, 19.78, 0.000, 0.000, 0.000, 13:35:42.989
44, 0.00, 10.91, 6.67, 14.27, 0.000, 0.000, 0.000, 13:35:42.989
45, 0.00, 16.98, 9.26, 14.55, 0.000, 0.000, 0.000, 13:35:43.006
46, 0.00, 13.07, 6.86, 10.88, 0.000, 0.000, 0.000, 13:35:43.006
47, 0.00, 11.84, 6.91, 13.85, 0.000, 0.000, 0.000, 13:35:43.006
48, 0.00, 14.17, 7.66, 15.03, 0.000, 0.000, 0.000, 13:35:43.006
49, 0.00, 10.03, 5.94, 12.91, 0.000, 0.000, 0.000, 13:35:43.020
50, 0.00, 9.50, 7.78, 12.35, 0.000, 0.000, 0.000, 13:35:43.020
51, 0.00, 10.44, 7.06, 13.21, 0.000, 0.000, 0.000, 13:35:43.035
52, 0.00, 13.58, 15.20, 16.48, 0.000, 0.000, 0.000, 13:35:43.036
53, 0.00, 10.79, 8.44, 15.65, 0.000, 0.000, 0.000, 13:35:43.038
54, 0.00, 14.13, 9.84, 15.67, 0.000, 0.000, 0.000, 13:35:43.039
55, 0.00, 14.69, 13.29, 14.71, 0.000, 0.000, 0.000, 13:35:43.050
56, 0.00, 12.36, 8.82, 11.16, 0.000, 0.000, 0.000, 13:35:43.050
57, 0.00, 13.87, 6.73, 12.62, 0.000, 0.000, 0.000, 13:35:43.065
58, 0.00, 13.63, 6.49, 13.06, 0.000, 0.000, 0.000, 13:35:43.065
59, 0.00, 15.71, 13.88, 13.14, 0.000, 0.000, 0.000, 13:35:43.065
60, 0.00, 12.87, 9.10, 12.99, 0.000, 0.000, 0.000, 13:35:43.065
61, 0.00, 10.54, 6.13, 16.24, 0.000, 0.000, 0.000, 13:35:43.080
62, 0.00, 10.41, 5.53, 13.73, 0.000, 0.000, 0.000, 13:35:43.080
63, 0.00, 13.68, 10.13, 19.76, 0.000, 0.000, 0.000, 13:35:43.095
64, 0.00, 15.76, 12.68, 18.96, 0.000, 0.000, 0.000, 13:35:43.095
65, 0.00, 13.29, 9.15, 14.31, 0.000, 0.000, 0.000, 13:35:43.095
66, 0.00, 9.71, 7.92, 17.70, 0.000, 0.000, 0.000, 13:35:43.096
67, 0.00, 13.41, 9.79, 14.63, 0.000, 0.000, 0.000, 13:35:43.110
68, 0.00, 14.81, 5.68, 18.41, 0.000, 0.000, 0.000, 13:35:43.110
69, 0.00, 14.19, 13.85, 12.28, 0.000, 0.000, 0.000, 13:35:43.125
70, 0.00, 12.41, 12.24, 15.30, 0.000, 0.000, 0.000, 13:35:43.125
71, 0.00, 14.35, 13.29, 18.08, 0.000, 0.000, 0.000, 13:35:43.132
72, 0.00, 11.34, 6.45, 16.60, 0.000, 0.000, 0.000, 13:35:43.133
73, 0.00, 11.25, 6.37, 13.42, 0.000, 0.000, 0.000, 13:35:43.141
74, 0.00, 10.62, 14.56, 13.71, 0.000, 0.000, 0.000, 13:35:43.142
75, 0.00, 12.68, 11.02, 20.76, 0.000, 0.000, 0.000, 13:35:43.155
76, 0.00, 7.42, 9.55, 11.28, 0.000, 0.000, 0.000, 13:35:43.156
77, 0.00, 9.10, 3.36, 9.54, 0.000, 0.000, 0.000, 13:35:43.158
78, 0.00, 9.71, 5.03, 14.02, 0.000, 0.000, 0.000, 13:35:43.158
79, 0.00, 15.83, 8.40, 10.78, 0.000, 0.000, 0.000, 13:35:43.170
80, 0.00, 12.90, 11.50, 15.46, 0.000, 0.000, 0.000, 13:35:43.171
81, 0.00, 9.99, 6.58, 10.32, 0.000, 0.000, 0.000, 13:35:43.185
82, 0.00, 13.91, 7.70, 9.86, 0.000, 0.000, 0.000, 13:35:43.186
83, 0.00, 15.87, 15.10, 18.39, 0.000, 0.000, 0.000, 13:35:43.187
84, 0.00, 12.19, 7.97, 13.83, 0.000, 0.000, 0.000, 13:35:43.187
85, 0.00, 10.90, 8.94, 17.03, 0.000, 0.000, 0.000, 13:35:43.200
86, 0.00, 12.74, 2.34, 15.68, 0.000, 0.000, 0.000, 13:35:43.200
87, 0.00, 14.58, 10.60, 15.60, 0.000, 0.000, 0.000, 13:35:43.215
88, 0.00, 14.97, 10.94, 13.55, 0.000, 0.000, 0.000, 13:35:43.215
89, 0.00, 11.80, 11.93, 15.26, 0.000, 0.000, 0.000, 13:35:43.215
90, 0.00, 15.12, 10.36, 15.71, 0.000, 0.000, 0.000, 13:35:43.216
91, 0.00, 16.49, 6.04, 18.57, 0.000, 0.000, 0.000, 13:35:43.230
92, 0.00, 11.03, 11.90, 14.24, 0.000, 0.000, 0.000, 13:35:43.230
93, 0.00, 11.80, 7.78, 11.79, 0.000, 0.000, 0.000, 13:35:43.245
94, 0.00, 13.20, 6.67, 11.85, 0.000, 0.000, 0.000, 13:35:43.245
95, 0.00, 16.71, 10.39, 17.56, 0.000, 0.000, 0.000, 13:35:43.246
96, 0.00, 16.02, 8.74, 13.19, 0.000, 0.000, 0.000, 13:35:43.246
97, 0.00, 11.33, 5.14, 10.22, 0.000, 0.000, 0.000, 13:35:43.259
98, 0.00, 15.12, 7.72, 16.13, 0.000, 0.000, 0.000, 13:35:43.260
99, 0.00, 10.00, 11.97, 14.52, 0.000, 0.000, 0.000, 13:35:43.275
100, 0.00, 16.94, 11.74, 16.18, 0.000, 0.000, 0.000, 13:35:43.275
101, 0.00, 10.56, 1.83, 14.51, 0.000, 0.000, 0.000, 13:35:43.275
102, 0.00, 11.78, 10.09, 12.67, 0.000, 0.000, 0.000, 13:35:43.275
103, 0.00, 13.09, 9.22, 14.61, 0.000, 0.000, 0.000, 13:35:43.289
104, 0.00, 14.96, 8.85, 15.57, 0.000, 0.000, 0.000, 13:35:43.289
105, 0.00, 12.69, 8.29, 11.89, 0.000, 0.000, 0.000, 13:35:43.305
106, 0.00, 10.09, 6.94, 13.35, 0.000, 0.000, 0.000, 13:35:43.305
107, 0.00, 14.47, 9.32, 15.32, 0.000, 0.000, 0.000, 13:35:43.305
108, 0.00, 8.74, 9.87, 16.23, 0.000, 0.000, 0.000, 13:35:43.306
109, 0.00, 9.79, 8.24, 11.25, 0.000, 0.000, 0.000, 13:35:43.320
110, 0.00, 12.96, 8.35, 15.16, 0.000, 0.000, 0.000, 13:35:43.320
111, 0.00, 15.79, 13.35, 16.64, 0.000, 0.000, 0.000, 13:35:43.335
112, 0.00, 14.25, 10.11, 15.10, 0.000, 0.000, 0.000, 13:35:43.335
113, 0.00, 10.90, 8.06, 14.83, 0.000, 0.000, 0.000, 13:35:43.337
114, 0.00, 14.97, 8.88, 17.20, 0.000, 0.000, 0.000, 13:35:43.337
115, 0.00, 13.88, 10.97, 17.31, 0.000, 0.000, 0.000, 13:35:43.349
116, 0.00, 14.35, 11.60, 17.68, 0.000, 0.000, 0.000, 13:35:43.349
117, 0.00, 11.61, 11.00, 15.39, 0.000, 0.000, 0.000, 13:35:43.364
118, 0.00, 15.81, 10.80, 13.88, 0.000, 0.000, 0.000, 13:35:43.364
119, 0.00, 9.51, 15.44, 15.54, 0.000, 0.000, 0.000, 13:35:43.365
120, 0.00, 13.04, 6.15, 13.55, 0.000, 0.000, 0.000, 13:35:43.365
121, 0.00, 12.29, 8.54, 11.50, 0.000, 0.000, 0.000, 13:35:43.379
122, 0.00, 13.29, 10.45, 16.27, 0.000, 0.000, 0.000, 13:35:43.380
123, 0.00, 10.91, 4.68, 13.35, 0.000, 0.000, 0.000, 13:35:43.395
124, 0.00, 14.26, 7.09, 15.82, 0.000, 0.000, 0.000, 13:35:43.395
125, 0.00, 7.36, 4.78, 11.60, 0.000, 0.000, 0.000, 13:35:43.395
126, 0.00, 12.16, 10.62, 11.68, 0.000, 0.000, 0.000, 13:35:43.395
127, 0.00, 16.06, 11.87, 19.14, 0.000, 0.000, 0.000, 13:35:43.416
128, 0.00, 13.34, 9.96, 14.48, 0.000, 0.000, 0.000, 13:35:43.417
129, 0.00, 9.98, 6.89, 17.93, 0.000, 0.000, 0.000, 13:35:43.425
130, 0.00, 9.04, 9.05, 14.34, 0.000, 0.000, 0.000, 13:35:43.425
131, 0.00, 11.96, 9.52, 15.01, 0.000, 0.000, 0.000, 13:35:43.425
132, 0.00, 14.97, 10.94, 18.35, 0.000, 0.000, 0.000, 13:35:43.425
133, 0.00, 17.88, 8.87, 15.78, 0.000, 0.000, 0.000, 13:35:43.440
134, 0.00, 13.37, 7.60, 12.85, 0.000, 0.000, 0.000, 13:35:43.440
135, 0.00, 12.44, 11.91, 10.83, 0.000, 0.000, 0.000, 13:35:43.456
136, 0.00, 14.17, 12.16, 15.04, 0.000, 0.000, 0.000, 13:35:43.456
137, 0.00, 12.03, 5.09, 15.91, 0.000, 0.000, 0.000, 13:35:43.457
138, 0.00, 17.97, 9.57, 20.85, 0.000, 0.000, 0.000, 13:35:43.457
139, 0.00, 17.43, 9.57, 15.63, 0.000, 0.000, 0.000, 13:35:43.470
140, 0.00, 10.16, 10.45, 12.56, 0.000, 0.000, 0.000, 13:35:43.470
141, 0.00, 14.18, 9.19, 15.03, 0.000, 0.000, 0.000, 13:35:43.485
142, 0.00, 12.86, 9.08, 17.27, 0.000, 0.000, 0.000, 13:35:43.485
143, 0.00, 14.50, 10.71, 20.11, 0.000, 0.000, 0.000, 13:35:43.486
144, 0.00, 17.32, 14.58, 17.41, 0.000, 0.000, 0.000, 13:35:43.486
145, 0.00, 13.37, 11.19, 12.34, 0.000, 0.000, 0.000, 13:35:43.500
146, 0.00, 9.41, 8.70, 11.95, 0.000, 0.000, 0.000, 13:35:43.501
147, 0.00, 14.13, 10.59, 17.75, 0.000, 0.000, 0.000, 13:35:43.515
148, 0.00, 10.08, 8.48, 14.54, 0.000, 0.000, 0.000, 13:35:43.515
149, 0.00, 13.15, 11.09, 16.10, 0.000, 0.000, 0.000, 13:35:43.516
150, 0.00, 11.22, 10.94, 15.21, 0.000, 0.000, 0.000, 13:35:43.516
151, 0.00, 13.73, 12.68, 17.15, 0.000, 0.000, 0.000, 13:35:43.530
152, 0.00, 13.87, 10.89, 11.27, 0.000, 0.000, 0.000, 13:35:43.530
153, 0.00, 11.76, 7.14, 10.14, 0.000, 0.000, 0.000, 13:35:43.545
154, 0.00, 12.15, 6.33, 13.98, 0.000, 0.000, 0.000, 13:35:43.546
155, 0.00, 12.53, 9.56, 14.61, 0.000, 0.000, 0.000, 13:35:43.546
156, 0.00, 12.27, 10.85, 15.36, 0.000, 0.000, 0.000, 13:35:43.547
157, 0.00, 12.52, 7.87, 13.18, 0.000, 0.000, 0.000, 13:35:43.560
158, 0.00, 14.62, 8.62, 14.04, 0.000, 0.000, 0.000, 13:35:43.561
159, 0.00, 15.21, 13.83, 16.49, 0.000, 0.000, 0.000, 13:35:43.575
160, 0.00, 15.35, 11.59, 15.47, 0.000, 0.000, 0.000, 13:35:43.576
161, 0.00, 10.25, 2.49, 11.78, 0.000, 0.000, 0.000, 13:35:43.576
162, 0.00, 13.56, 11.39, 14.21, 0.000, 0.000, 0.000, 13:35:43.576
163, 0.00, 15.18, 11.54, 17.17, 0.000, 0.000, 0.000, 13:35:43.597
164, 0.00, 11.89, 12.95, 17.30, 0.000, 0.000, 0.000, 13:35:43.597
165, 0.00, 12.47, 9.81, 13.89, 0.000, 0.000, 0.000, 13:35:43.606
166, 0.00, 10.84, 8.48, 15.69, 0.000, 0.000, 0.000, 13:35:43.607
167, 0.00, 16.47, 7.73, 13.19, 0.000, 0.000, 0.000, 13:35:43.607
168, 0.00, 13.88, 6.60, 15.16, 0.000, 0.000, 0.000, 13:35:43.607
169, 0.00, 6.74, 5.30, 13.00, 0.000, 0.000, 0.000, 13:35:43.625
170, 0.00, 15.72, 6.61, 13.61, 0.000, 0.000, 0.000, 13:35:43.625
171, 0.00, 6.22, 7.72, 11.70, 0.000, 0.000, 0.000, 13:35:43.634
172, 0.00, 8.09, 12.24, 9.44, 0.000, 0.000, 0.000, 13:35:43.635
173, 0.00, 9.94, 9.58, 12.92, 0.000, 0.000, 0.000, 13:35:43.636
174, 0.00, 10.94, 8.63, 13.46, 0.000, 0.000, 0.000, 13:35:43.636
175, 0.00, 12.02, 7.47, 12.70, 0.000, 0.000, 0.000, 13:35:43.650
176, 0.00, 13.90, 5.37, 15.76, 0.000, 0.000, 0.000, 13:35:43.650
177, 0.00, 12.97, 7.16, 15.84, 0.000, 0.000, 0.000, 13:35:43.665
178, 0.00, 10.39, 4.04, 18.50, 0.000, 0.000, 0.000, 13:35:43.665
179, 0.00, 18.02, 9.34, 19.01, 0.000, 0.000, 0.000, 13:35:43.665
180, 0.00, 15.91, 8.75, 12.35, 0.000, 0.000, 0.000, 13:35:43.666
181, 0.00, 14.35, 10.11, 17.08, 0.000, 0.000, 0.000, 13:35:43.680
182, 0.00, 15.35, 11.32, 10.44, 0.000, 0.000, 0.000, 13:35:43.681
183, 0.00, 10.49, 8.92, 15.58, 0.000, 0.000, 0.000, 13:35:43.695
184, 0.00, 12.41, 7.46, 18.50, 0.000, 0.000, 0.000, 13:35:43.696
185, 0.00, 13.49, 10.15, 18.23, 0.000, 0.000, 0.000, 13:35:43.696
186, 0.00, 14.06, 8.77, 15.10, 0.000, 0.000, 0.000, 13:35:43.697
187, 0.00, 12.42, 8.46, 15.93, 0.000, 0.000, 0.000, 13:35:43.711
188, 0.00, 13.65, 5.05, 11.87, 0.000, 0.000, 0.000, 13:35:43.711
189, 0.00, 14.80, 7.50, 15.88, 0.000, 0.000, 0.000, 13:35:43.725
190, 0.00, 9.02, 5.65, 11.81, 0.000, 0.000, 0.000, 13:35:43.726
191, 0.00, 13.53, 12.55, 13.09, 0.000, 0.000, 0.000, 13:35:43.727
192, 0.00, 13.12, 13.51, 17.39, 0.000, 0.000, 0.000, 13:35:43.728
193, 0.00, 13.01, 6.75, 12.58, 0.000, 0.000, 0.000, 13:35:43.740
194, 0.00, 10.31, 12.76, 16.50, 0.000, 0.000, 0.000, 13:35:43.741
195, 0.00, 10.77, 9.81, 16.31, 0.000, 0.000, 0.000, 13:35:43.755
196, 0.00, 9.82, 13.36, 13.94, 0.000, 0.000, 0.000, 13:35:43.755
197, 0.00, 13.99, 6.74, 13.70, 0.000, 0.000, 0.000, 13:35:43.756
198, 0.00, 12.72, 5.55, 13.71, 0.000, 0.000, 0.000, 13:35:43.757
199, 0.00, 14.12, 6.57, 16.29, 0.000, 0.000, 0.000, 13:35:43.772
200, 0.00, 12.50, 9.56, 15.49, 0.000, 0.000, 0.000, 13:35:43.773
0, 0.00, 9.73, 8.85, 12.93, 0.000, 0.000, 0.000, 13:35:43.773
1, 0.00, 10.10, 10.92, 9.71, 0.000, 0.000, 0.000, 13:35:43.786
2, 0.00, 12.66, 12.41, 13.73, 0.000, 0.000, 0.000, 13:35:43.786
3, 0.00, 12.90, 11.04, 12.28, 0.000, 0.000, 0.000, 13:35:43.801
4, 0.00, 10.21, 5.88, 10.48, 0.000, 0.000, 0.000, 13:35:43.801
5, 0.00, 13.55, 9.81, 16.32, 0.000, 0.000, 0.000, 13:35:43.802
6, 0.00, 12.83, 8.07, 18.99, 0.000, 0.000, 0.000, 13:35:43.803
7, 0.00, 17.50, 10.05, 19.21, 0.000, 0.000, 0.000, 13:35:43.816
8, 0.00, 14.42, 8.10, 14.58, 0.000, 0.000, 0.000, 13:35:43.816
9, 0.00, 12.88, 4.27, 12.61, 0.000, 0.000, 0.000, 13:35:43.831
10, 0.00, 13.23, 10.22, 12.32, 0.000, 0.000, 0.000, 13:35:43.831
11, 0.00, 7.75, 5.61, 13.47, 0.000, 0.000, 0.000, 13:35:43.832
12, 0.00, 8.92, 5.99, 14.08, 0.000, 0.000, 0.000, 13:35:43.832
13, 0.00, 10.65, 7.78, 10.70, 0.000, 0.000, 0.000, 13:35:43.846
14, 0.00, 15.11, 12.49, 10.94, 0.000, 0.000, 0.000, 13:35:43.846
15, 0.00, 9.77, 4.97, 9.32, 0.000, 0.000, 0.000, 13:35:43.861
16, 0.00, 11.35, 9.45, 15.04, 0.000, 0.000, 0.000, 13:35:43.861
17, 0.00, 14.16, 9.73, 13.49, 0.000, 0.000, 0.000, 13:35:43.862
18, 0.00, 13.04, 12.01, 15.20, 0.000, 0.000, 0.000, 13:35:43.862
19, 0.00, 17.02, 16.31, 19.94, 0.000, 0.000, 0.000, 13:35:43.875
20, 0.00, 15.04, 7.81, 14.64, 0.000, 0.000, 0.000, 13:35:43.876
21, 0.00, 13.60, 11.62, 16.02, 0.000, 0.000, 0.000, 13:35:43.891
22, 0.00, 12.82, 9.89, 10.84, 0.000, 0.000, 0.000, 13:35:43.892
23, 0.00, 13.96, 10.79, 17.47, 0.000, 0.000, 0.000, 13:35:43.898
24, 0.00, 14.62, 10.34, 15.20, 0.000, 0.000, 0.000, 13:35:43.898
25, 0.00, 12.96, 7.36, 15.62, 0.000, 0.000, 0.000, 13:35:43.905
26, 0.00, 13.96, 9.88, 18.90, 0.000, 0.000, 0.000, 13:35:43.906
27, 0.00, 18.30, 11.46, 19.43, 0.000, 0.000, 0.000, 13:35:43.921
28, 0.00, 14.50, 7.03, 10.68, 0.000, 0.000, 0.000, 13:35:43.921
29, 0.00, 13.36, 10.52, 14.27, 0.000, 0.000, 0.000, 13:35:43.922
30, 0.00, 14.42, 11.78, 18.17, 0.000, 0.000, 0.000, 13:35:43.923
31, 0.00, 14.44, 10.28, 10.89, 0.000, 0.000, 0.000, 13:35:43.935
32, 0.00, 12.84, 5.92, 14.57, 0.000, 0.000, 0.000, 13:35:43.936
33, 0.00, 11.17, 6.17, 14.17, 0.000, 0.000, 0.000, 13:35:43.951
34, 0.00, 12.35, 6.43, 16.23, 0.000, 0.000, 0.000, 13:35:43.951
35, 0.00, 15.53, 8.18, 13.66, 0.000, 0.000, 0.000, 13:35:43.953
36, 0.00, 13.44, 9.09, 15.19, 0.000, 0.000, 0.000, 13:35:43.954
37, 0.00, 8.03, 4.65, 14.58, 0.000, 0.000, 0.000, 13:35:43.965
38, 0.00, 14.19, 9.97, 14.12, 0.000, 0.000, 0.000, 13:35:43.966
39, 0.00, 15.86, 11.12, 18.25, 0.000, 0.000, 0.000, 13:35:43.981
40, 0.00, 16.84, 10.42, 11.90, 0.000, 0.000, 0.000, 13:35:43.981
41, 0.00, 14.07, 11.72, 12.17, 0.000, 0.000, 0.000, 13:35:43.982
42, 0.00, 8.51, 10.65, 14.23, 0.000, 0.000, 0.000, 13:35:43.983
43, 0.00, 10.17, 9.51, 18.37, 0.000, 0.000, 0.000, 13:35:43.995
44, 0.00, 10.90, 7.66, 14.88, 0.000, 0.000, 0.000, 13:35:43.996
45, 0.00, 6.22, 5.79, 12.46, 0.000, 0.000, 0.000, 13:35:44.011
46, 0.00, 12.73, 9.35, 13.18, 0.000, 0.000, 0.000, 13:35:44.011
47, 0.00, 14.39, 11.37, 12.51, 0.000, 0.000, 0.000, 13:35:44.012
48, 0.00, 14.33, 8.28, 14.64, 0.000, 0.000, 0.000, 13:35:44.012
49, 0.00, 11.50, 10.34, 14.73, 0.000, 0.000, 0.000, 13:35:44.025
50, 0.00, 11.23, 12.32, 15.14, 0.000, 0.000, 0.000, 13:35:44.026
51, 0.00, 15.73, 9.51, 16.63, 0.000, 0.000, 0.000, 13:35:44.041
52, 0.00, 11.23, 8.60, 12.25, 0.000, 0.000, 0.000, 13:35:44.042
53, 0.00, 13.05, 9.72, 13.88, 0.000, 0.000, 0.000, 13:35:44.043
54, 0.00, 16.16, 11.82, 15.81, 0.000, 0.000, 0.000, 13:35:44.044
55, 0.00, 10.88, 9.26, 20.04, 0.000, 0.000, 0.000, 13:35:44.055
56, 0.00, 10.80, 10.01, 13.37, 0.000, 0.000, 0.000, 13:35:44.056
57, 0.00, 13.41, 9.89, 14.38, 0.000, 0.000, 0.000, 13:35:44.071
58, 0.00, 12.53, 10.88, 16.17, 0.000, 0.000, 0.000, 13:35:44.071
59, 0.00, 17.73, 12.70, 15.34, 0.000, 0.000, 0.000, 13:35:44.072
60, 0.00, 12.44, 9.85, 16.35, 0.000, 0.000, 0.000, 13:35:44.073
61, 0.00, 11.04, 6.06, 12.91, 0.000, 0.000, 0.000, 13:35:44.085
62, 0.00, 11.87, 7.77, 15.14, 0.000, 0.000, 0.000, 13:35:44.085
63, 0.00, 15.46, 12.50, 15.18, 0.000, 0.000, 0.000, 13:35:44.100
64, 0.00, 12.98, 5.94, 10.63, 0.000, 0.000, 0.000, 13:35:44.101
65, 0.00, 12.36, 9.54, 13.19, 0.000, 0.000, 0.000, 13:35:44.101
66, 0.00, 11.71, 13.69, 16.54, 0.000, 0.000, 0.000, 13:35:44.102
67, 0.00, 13.21, 7.46, 18.39, 0.000, 0.000, 0.000, 13:35:44.115
68, 0.00, 14.32, 12.39, 15.45, 0.000, 0.000, 0.000, 13:35:44.115
69, 0.00, 12.38, 7.10, 15.64, 0.000, 0.000, 0.000, 13:35:44.131
70, 0.00, 13.53, 3.77, 12.70, 0.000, 0.000, 0.000, 13:35:44.131
71, 0.00, 11.42, 11.06, 14.66, 0.000, 0.000, 0.000, 13:35:44.131
72, 0.00, 11.43, 9.07, 14.88, 0.000, 0.000, 0.000, 13:35:44.132
73, 0.00, 7.59, 8.12, 14.26, 0.000, 0.000, 0.000, 13:35:44.157
74, 0.00, 13.49, 7.74, 12.79, 0.000, 0.000, 0.000, 13:35:44.158
75, 0.00, 12.44, 7.77, 15.73, 0.000, 0.000, 0.000, 13:35:44.163
76, 0.00, 12.20, 7.96, 13.67, 0.000, 0.000, 0.000, 13:35:44.164
77, 0.00, 12.98, 7.29, 11.88, 0.000, 0.000, 0.000, 13:35:44.165
78, 0.00, 17.93, 10.39, 15.21, 0.000, 0.000, 0.000, 13:35:44.166
79, 0.00, 12.18, 10.52, 10.68, 0.000, 0.000, 0.000, 13:35:44.176
80, 0.00, 15.86, 9.31, 9.86, 0.000, 0.000, 0.000, 13:35:44.177
81, 0.00, 10.53, 11.11, 11.88, 0.000, 0.000, 0.000, 13:35:44.194
82, 0.00, 13.77, 11.63, 21.78, 0.000, 0.000, 0.000, 13:35:44.194
83, 0.00, 12.78, 5.24, 15.56, 0.000, 0.000, 0.000, 13:35:44.195
84, 0.00, 11.36, 7.63, 13.89, 0.000, 0.000, 0.000, 13:35:44.195
85, 0.00, 12.62, 10.01, 11.74, 0.000, 0.000, 0.000, 13:35:44.205
86, 0.00, 14.26, 9.37, 13.11, 0.000, 0.000, 0.000, 13:35:44.205
87, 0.00, 11.43, 5.17, 17.55, 0.000, 0.000, 0.000, 13:35:44.220
88, 0.00, 6.61, 4.00, 13.42, 0.000, 0.000, 0.000, 13:35:44.221
89, 0.00, 13.97, 7.51, 15.93, 0.000, 0.000, 0.000, 13:35:44.221
90, 0.00, 11.81, 8.44, 17.76, 0.000, 0.000, 0.000, 13:35:44.222
91, 0.00, 11.31, 7.42, 17.47, 0.000, 0.000, 0.000, 13:35:44.235
92, 0.00, 11.48, 6.22, 11.60, 0.000, 0.000, 0.000, 13:35:44.235
93, 0.00, 12.59, 7.77, 15.36, 0.000, 0.000, 0.000, 13:35:44.250
94, 0.00, 11.82, 8.16, 15.06, 0.000, 0.000, 0.000, 13:35:44.251
95, 0.00, 17.56, 14.03, 18.97, 0.000, 0.000, 0.000, 13:35:44.251
96, 0.00, 9.93, 7.92, 14.51, 0.000, 0.000, 0.000, 13:35:44.252
97, 0.00, 12.87, 7.46, 13.64, 0.000, 0.000, 0.000, 13:35:44.265
98, 0.00, 16.24, 7.84, 15.10, 0.000, 0.000, 0.000, 13:35:44.265
99, 0.00, 14.41, 12.68, 13.19, 0.000, 0.000, 0.000, 13:35:44.280
100, 0.00, 13.99, 4.83, 12.44, 0.000, 0.000, 0.000, 13:35:44.280
101, 0.00, 15.87, 10.18, 17.09, 0.000, 0.000, 0.000, 13:35:44.281
102, 0.00, 15.80, 9.99, 12.78, 0.000, 0.000, 0.000, 13:35:44.281
103, 0.00, 11.17, 11.07, 15.52, 0.000, 0.000, 0.000, 13:35:44.302
104, 0.00, 13.32, 12.41, 14.86, 0.000, 0.000, 0.000, 13:35:44.303
105, 0.00, 8.18, 6.61, 11.88, 0.000, 0.000, 0.000, 13:35:44.310
106, 0.00, 13.52, 9.95, 17.62, 0.000, 0.000, 0.000, 13:35:44.310
107, 0.00, 11.54, 10.38, 15.81, 0.000, 0.000, 0.000, 13:35:44.311
108, 0.00, 13.51, 11.78, 16.34, 0.000, 0.000, 0.000, 13:35:44.311
109, 0.00, 13.41, 11.09, 18.12, 0.000, 0.000, 0.000, 13:35:44.326
110, 0.00, 13.54, 11.44, 21.50, 0.000, 0.000, 0.000, 13:35:44.326
111, 0.00, 12.48, 6.74, 16.40, 0.000, 0.000, 0.000, 13:35:44.340
112, 0.00, 9.07, 11.55, 12.97, 0.000, 0.000, 0.000, 13:35:44.341
113, 0.00, 11.00, 1.05, 14.18, 0.000, 0.000, 0.000, 13:35:44.341
114, 0.00, 13.41, 7.66, 14.32, 0.000, 0.000, 0.000, 13:35:44.341
115, 0.00, 13.53, 7.65, 11.49, 0.000, 0.000, 0.000, 13:35:44.356
116, 0.00, 14.20, 8.02, 12.71, 0.000, 0.000, 0.000, 13:35:44.356
117, 0.00, 9.55, 9.96, 14.63, 0.000, 0.000, 0.000, 13:35:44.371
118, 0.00, 14.97, 10.46, 15.06, 0.000, 0.000, 0.000, 13:35:44.371
119, 0.00, 16.03, 14.41, 17.10, 0.000, 0.000, 0.000, 13:35:44.372
120, 0.00, 15.44, 10.40, 17.54, 0.000, 0.000, 0.000, 13:35:44.372
121, 0.00, 15.78, 9.00, 10.47, 0.000, 0.000, 0.000, 13:35:44.385
122, 0.00, 17.12, 6.11, 13.23, 0.000, 0.000, 0.000, 13:35:44.386
123, 0.00, 16.97, 10.43, 17.20, 0.000, 0.000, 0.000, 13:35:44.400
124, 0.00, 11.40, 9.39, 15.76, 0.000, 0.000, 0.000, 13:35:44.400
125, 0.00, 6.79, 7.57, 12.68, 0.000, 0.000, 0.000, 13:35:44.403
126, 0.00, 14.41, 13.07, 15.36, 0.000, 0.000, 0.000, 13:35:44.404
127, 0.00, 14.85, 10.54, 13.37, 0.000, 0.000, 0.000, 13:35:44.414
128, 0.00, 12.26, 9.40, 13.42, 0.000, 0.000, 0.000, 13:35:44.415
129, 0.00, 13.36, 9.59, 12.51, 0.000, 0.000, 0.000, 13:35:44.430
130, 0.00, 13.47, 9.71, 13.52, 0.000, 0.000, 0.000, 13:35:44.431
131, 0.00, 10.64, 6.42, 12.50, 0.000, 0.000, 0.000, 13:35:44.431
132, 0.00, 7.70, 8.18, 12.71, 0.000, 0.000, 0.000, 13:35:44.432
133, 0.00, 8.90, 9.09, 16.55, 0.000, 0.000, 0.000, 13:35:44.445
134, 0.00, 14.80, 11.26, 14.89, 0.000, 0.000, 0.000, 13:35:44.445
135, 0.00, 14.05, 9.35, 13.99, 0.000, 0.000, 0.000, 13:35:44.460
136, 0.00, 11.82, 10.20, 14.69, 0.000, 0.000, 0.000, 13:35:44.460
137, 0.00, 14.33, 8.91, 20.01, 0.000, 0.000, 0.000, 13:35:44.460
138, 0.00, 10.23, 9.29, 13.79, 0.000, 0.000, 0.000, 13:35:44.461
139, 0.00, 12.71, 8.35, 13.32, 0.000, 0.000, 0.000, 13:35:44.479
140, 0.00, 10.31, 8.48, 14.72, 0.000, 0.000, 0.000, 13:35:44.479
141, 0.00, 12.34, 8.41, 16.11, 0.000, 0.000, 0.000, 13:35:44.491
142, 0.00, 15.49, 7.81, 12.37, 0.000, 0.000, 0.000, 13:35:44.491
143, 0.00, 15.66, 6.65, 13.43, 0.000, 0.000, 0.000, 13:35:44.492
144, 0.00, 11.29, 11.74, 13.72, 0.000, 0.000, 0.000, 13:35:44.492
145, 0.00, 11.97, 0.73, 14.49, 0.000, 0.000, 0.000, 13:35:44.506
146, 0.00, 15.21, 12.64, 21.08, 0.000, 0.000, 0.000, 13:35:44.506
147, 0.00, 15.37, 8.58, 14.88, 0.000, 0.000, 0.000, 13:35:44.521
148, 0.00, 12.18, 6.86, 18.28, 0.000, 0.000, 0.000, 13:35:44.521
149, 0.00, 11.52, 10.67, 15.10, 0.000, 0.000, 0.000, 13:35:44.521
150, 0.00, 7.22, 8.58, 14.03, 0.000, 0.000, 0.000, 13:35:44.522
151, 0.00, 10.87, 9.67, 9.81, 0.000, 0.000, 0.000, 13:35:44.535
152, 0.00, 10.54, 12.62, 13.22, 0.000, 0.000, 0.000, 13:35:44.536
153, 0.00, 10.90, 7.35, 13.34, 0.000, 0.000, 0.000, 13:35:44.557
154, 0.00, 13.47, 7.84, 17.66, 0.000, 0.000, 0.000, 13:35:44.558
155, 0.00, 11.50, 10.55, 18.99, 0.000, 0.000, 0.000, 13:35:44.558
156, 0.00, 14.50, 4.04, 13.62, 0.000, 0.000, 0.000, 13:35:44.559
157, 0.00, 8.84, 15.43, 16.01, 0.000, 0.000, 0.000, 13:35:44.568
158, 0.00, 11.39, 16.15, 11.51, 0.000, 0.000, 0.000, 13:35:44.568
159, 0.00, 15.58, 4.55, 14.07, 0.000, 0.000, 0.000, 13:35:44.580
160, 0.00, 10.77, 5.84, 13.33, 0.000, 0.000, 0.000, 13:35:44.580
161, 0.00, 10.76, 10.90, 9.33, 0.000, 0.000, 0.000, 13:35:44.581
162, 0.00, 12.28, 6.34, 11.43, 0.000, 0.000, 0.000, 13:35:44.581
163, 0.00, 15.73, 20.01, 15.42, 0.000, 0.000, 0.000, 13:35:44.595
164, 0.00, 12.12, 13.52, 14.40, 0.000, 0.000, 0.000, 13:35:44.595
165, 0.00, 12.78, 9.77, 15.54, 0.000, 0.000, 0.000, 13:35:44.610
166, 0.00, 15.87, 8.27, 23.47, 0.000, 0.000, 0.000, 13:35:44.610
167, 0.00, 13.36, 9.72, 14.92, 0.000, 0.000, 0.000, 13:35:44.611
168, 0.00, 13.82, 8.10, 11.04, 0.000, 0.000, 0.000, 13:35:44.611
169, 0.00, 13.84, 10.23, 16.46, 0.000, 0.000, 0.000, 13:35:44.627
170, 0.00, 13.00, 12.65, 14.17, 0.000, 0.000, 0.000, 13:35:44.627
171, 0.00, 11.88, 2.24, 14.75, 0.000, 0.000, 0.000, 13:35:44.640
172, 0.00, 13.26, 13.41, 15.26, 0.000, 0.000, 0.000, 13:35:44.640
173, 0.00, 9.25, 10.56, 14.16, 0.000, 0.000, 0.000, 13:35:44.641
174, 0.00, 10.61, 6.25, 10.23, 0.000, 0.000, 0.000, 13:35:44.641
175, 0.00, 12.00, 9.58, 11.99, 0.000, 0.000, 0.000, 13:35:44.656
176, 0.00, 10.79, 5.11, 18.22, 0.000, 0.000, 0.000, 13:35:44.656
177, 0.00, 15.73, 5.33, 16.38, 0.000, 0.000, 0.000, 13:35:44.670
178, 0.00, 15.87, 8.92, 17.34, 0.000, 0.000, 0.000, 13:35:44.670
179, 0.00, 16.43, 6.23, 15.82, 0.000, 0.000, 0.000, 13:35:44.671
180, 0.00, 14.08, 5.31, 12.16, 0.000, 0.000, 0.000, 13:35:44.672
181, 0.00, 8.10, 5.79, 15.07, 0.000, 0.000, 0.000, 13:35:44.684
182, 0.00, 17.04, 11.04, 16.38, 0.000, 0.000, 0.000, 13:35:44.685
183, 0.00, 11.31, 14.35, 17.24, 0.000, 0.000, 0.000, 13:35:44.699
184, 0.00, 10.38, 8.54, 11.52, 0.000, 0.000, 0.000, 13:35:44.699
185, 0.00, 11.45, 1.45, 13.70, 0.000, 0.000, 0.000, 13:35:44.700
186, 0.00, 12.36, 6.17, 14.56, 0.000, 0.000, 0.000, 13:35:44.700
187, 0.00, 12.95, 8.01, 15.34, 0.000, 0.000, 0.000, 13:35:44.714
188, 0.00, 16.05, 12.42, 15.06, 0.000, 0.000, 0.000, 13:35:44.714
189, 0.00, 7.19, 9.06, 9.96, 0.000, 0.000, 0.000, 13:35:44.729
190, 0.00, 10.39, 10.44, 14.02, 0.000, 0.000, 0.000, 13:35:44.729
191, 0.00, 16.67, 12.09, 16.70, 0.000, 0.000, 0.000, 13:35:44.730
192, 0.00, 16.35, 12.74, 18.30, 0.000, 0.000, 0.000, 13:35:44.730
193, 0.00, 14.69, 7.04, 16.01, 0.000, 0.000, 0.000, 13:35:44.744
194, 0.00, 14.03, 11.22, 18.73, 0.000, 0.000, 0.000, 13:35:44.744
195, 0.00, 14.03, 11.47, 13.59, 0.000, 0.000, 0.000, 13:35:44.759
196, 0.00, 12.21, 12.05, 14.13, 0.000, 0.000, 0.000, 13:35:44.759
197, 0.00, 13.87, 10.27, 12.47, 0.000, 0.000, 0.000, 13:35:44.760
198, 0.00, 11.58, 3.08, 14.03, 0.000, 0.000, 0.000, 13:35:44.760
199, 0.00, 14.39, 14.34, 13.61, 0.000, 0.000, 0.000, 13:35:44.774
200, 0.00, 10.31, 10.21, 13.11, 0.000, 0.000, 0.000, 13:35:44.775
0, 0.00, 11.83, 9.99, 12.55, 0.000, 0.000, 0.000, 13:35:44.775
1, 0.00, 13.42, 9.99, 17.24, 0.000, 0.000, 0.000, 13:35:44.796
2, 0.00, 15.10, 10.27, 14.34, 0.000, 0.000, 0.000, 13:35:44.796
3, 0.00, 16.03, 13.93, 15.34, 0.000, 0.000, 0.000, 13:35:44.806
4, 0.00, 13.52, 8.63, 17.15, 0.000, 0.000, 0.000, 13:35:44.806
5, 0.00, 15.67, 11.37, 17.93, 0.000, 0.000, 0.000, 13:35:44.810
6, 0.00, 13.60, 7.10, 9.37, 0.000, 0.000, 0.000, 13:35:44.810
7, 0.00, 9.74, 5.13, 13.49, 0.000, 0.000, 0.000, 13:35:44.821
8, 0.00, 13.23, 6.61, 11.18, 0.000, 0.000, 0.000, 13:35:44.822
9, 0.00, 14.62, 14.62, 17.99, 0.000, 0.000, 0.000, 13:35:44.834
10, 0.00, 10.52, 13.12, 19.72, 0.000, 0.000, 0.000, 13:35:44.835
11, 0.00, 12.50, 8.44, 11.09, 0.000, 0.000, 0.000, 13:35:44.836
12, 0.00, 7.22, 9.01, 16.17, 0.000, 0.000, 0.000, 13:35:44.836
13, 0.00, 14.40, 8.53, 17.89, 0.000, 0.000, 0.000, 13:35:44.849
14, 0.00, 16.55, 13.22, 18.92, 0.000, 0.000, 0.000, 13:35:44.850
15, 0.00, 10.17, 8.41, 14.01, 0.000, 0.000, 0.000, 13:35:44.864
16, 0.00, 6.22, 3.91, 10.57, 0.000, 0.000, 0.000, 13:35:44.864
17, 0.00, 12.05, 11.33, 15.08, 0.000, 0.000, 0.000, 13:35:44.864
18, 0.00, 13.16, 4.13, 15.31, 0.000, 0.000, 0.000, 13:35:44.865
19, 0.00, 12.52, 8.39, 14.45, 0.000, 0.000, 0.000, 13:35:44.880
20, 0.00, 16.28, 9.13, 15.28, 0.000, 0.000, 0.000, 13:35:44.880
21, 0.00, 13.20, 11.64, 16.31, 0.000, 0.000, 0.000, 13:35:44.896
22, 0.00, 12.75, 5.72, 17.88, 0.000, 0.000, 0.000, 13:35:44.896
23, 0.00, 10.92, 11.40, 16.41, 0.000, 0.000, 0.000, 13:35:44.897
24, 0.00, 12.06, 7.87, 12.44, 0.000, 0.000, 0.000, 13:35:44.897
25, 0.00, 16.49, 8.27, 14.47, 0.000, 0.000, 0.000, 13:35:44.910
26, 0.00, 14.54, 13.49, 14.19, 0.000, 0.000, 0.000, 13:35:44.911
27, 0.00, 15.13, 10.58, 16.97, 0.000, 0.000, 0.000, 13:35:44.925
28, 0.00, 12.63, 5.77, 8.99, 0.000, 0.000, 0.000, 13:35:44.925
29, 0.00, 11.84, 6.86, 13.62, 0.000, 0.000, 0.000, 13:35:44.926
30, 0.00, 14.47, 8.36, 10.64, 0.000, 0.000, 0.000, 13:35:44.926
31, 0.00, 14.24, 9.60, 11.51, 0.000, 0.000, 0.000, 13:35:44.941
32, 0.00, 12.99, 5.93, 18.82, 0.000, 0.000, 0.000, 13:35:44.941
33, 0.00, 11.09, 11.47, 16.47, 0.000, 0.000, 0.000, 13:35:44.957
34, 0.00, 11.46, 8.22, 14.91, 0.000, 0.000, 0.000, 13:35:44.957
35, 0.00, 9.80, 5.53, 12.26, 0.000, 0.000, 0.000, 13:35:44.958
36, 0.00, 7.83, 6.84, 11.59, 0.000, 0.000, 0.000, 13:35:44.958
37, 0.00, 8.10, 3.98, 13.09, 0.000, 0.000, 0.000, 13:35:44.970
38, 0.00, 14.50, 10.05, 16.19, 0.000, 0.000, 0.000, 13:35:44.971
39, 0.00, 12.29, 8.86, 10.31, 0.000, 0.000, 0.000, 13:35:44.985
40, 0.00, 9.10, 9.48, 7.55, 0.000, 0.000, 0.000, 13:35:44.985
41, 0.00, 12.89, 9.27, 9.29, 0.000, 0.000, 0.000, 13:35:44.986
42, 0.00, 14.72, 10.18, 15.28, 0.000, 0.000, 0.000, 13:35:44.987
43, 0.00, 15.01, 10.15, 13.08, 0.000, 0.000, 0.000, 13:35:45.000
44, 0.00, 10.52, 7.15, 14.85, 0.000, 0.000, 0.000, 13:35:45.000
45, 0.00, 11.80, 7.10, 13.57, 0.000, 0.000, 0.000, 13:35:45.015
46, 0.00, 12.80, 7.74, 19.83, 0.000, 0.000, 0.000, 13:35:45.016
47, 0.00, 15.60, 10.16, 20.75, 0.000, 0.000, 0.000, 13:35:45.016
48, 0.00, 11.33, 12.47, 14.58, 0.000, 0.000, 0.000, 13:35:45.016
49, 0.00, 13.38, 8.48, 14.67, 0.000, 0.000, 0.000, 13:35:45.030
50, 0.00, 15.97, 13.85, 18.30, 0.000, 0.000, 0.000, 13:35:45.030
51, 0.00, 10.39, 6.84, 15.07, 0.000, 0.000, 0.000, 13:35:45.045
52, 0.00, 13.90, 10.89, 17.49, 0.000, 0.000, 0.000, 13:35:45.046
53, 0.00, 12.80, 10.63, 10.22, 0.000, 0.000, 0.000, 13:35:45.046
54, 0.00, 13.46, 6.86, 14.94, 0.000, 0.000, 0.000, 13:35:45.046
55, 0.00, 12.32, 9.55, 11.97, 0.000, 0.000, 0.000, 13:35:45.060
56, 0.00, 12.87, 7.84, 15.55, 0.000, 0.000, 0.000, 13:35:45.060
57, 0.00, 13.06, 9.21, 13.52, 0.000, 0.000, 0.000, 13:35:45.075
58, 0.00, 14.73, 11.27, 17.27, 0.000, 0.000, 0.000, 13:35:45.075
59, 0.00, 15.66, 8.67, 17.49, 0.000, 0.000, 0.000, 13:35:45.076
60, 0.00, 12.40, 8.94, 13.79, 0.000, 0.000, 0.000, 13:35:45.076
61, 0.00, 14.12, 10.02, 14.24, 0.000, 0.000, 0.000, 13:35:45.092
62, 0.00, 18.53, 11.42, 18.03, 0.000, 0.000, 0.000, 13:35:45.092
63, 0.00, 13.63, 11.37, 15.23, 0.000, 0.000, 0.000, 13:35:45.107
64, 0.00, 9.18, 9.43, 9.00, 0.000, 0.000, 0.000, 13:35:45.107
65, 0.00, 11.46, 7.24, 13.92, 0.000, 0.000, 0.000, 13:35:45.107
66, 0.00, 14.41, 5.75, 15.39, 0.000, 0.000, 0.000, 13:35:45.108
67, 0.00, 14.62, 13.66, 20.23, 0.000, 0.000, 0.000, 13:35:45.120
68, 0.00, 8.06, 9.14, 15.93, 0.000, 0.000, 0.000, 13:35:45.120
69, 0.00, 11.98, 10.60, 21.01, 0.000, 0.000, 0.000, 13:35:45.135
70, 0.00, 15.28, 8.46, 16.67, 0.000, 0.000, 0.000, 13:35:45.136
71, 0.00, 13.17, 9.94, 14.34, 0.000, 0.000, 0.000, 13:35:45.137
72, 0.00, 13.40, 8.53, 13.87, 0.000, 0.000, 0.000, 13:35:45.137
73, 0.00, 14.07, 9.79, 17.21, 0.000, 0.000, 0.000, 13:35:45.150
74, 0.00, 12.97, 11.04, 12.58, 0.000, 0.000, 0.000, 13:35:45.150
75, 0.00, 11.29, 6.84, 11.90, 0.000, 0.000, 0.000, 13:35:45.165
76, 0.00, 16.66, 14.19, 14.50, 0.000, 0.000, 0.000, 13:35:45.165
77, 0.00, 12.61, 9.95, 11.38, 0.000, 0.000, 0.000, 13:35:45.165
78, 0.00, 13.37, 14.19, 15.26, 0.000, 0.000, 0.000, 13:35:45.166
79, 0.00, 9.04, 7.02, 16.65, 0.000, 0.000, 0.000, 13:35:45.179
80, 0.00, 13.06, 7.92, 14.80, 0.000, 0.000, 0.000, 13:35:45.180
81, 0.00, 11.98, 10.04, 11.62, 0.000, 0.000, 0.000, 13:35:45.195
82, 0.00, 16.48, 12.16, 13.55, 0.000, 0.000, 0.000, 13:35:45.195
83, 0.00, 9.60, 12.80, 11.41, 0.000, 0.000, 0.000, 13:35:45.195
84, 0.00, 8.92, 3.98, 11.90, 0.000, 0.000, 0.000, 13:35:45.195
85, 0.00, 9.69, 11.41, 18.79, 0.000, 0.000, 0.000, 13:35:45.210
86, 0.00, 12.94, 9.46, 11.83, 0.000, 0.000, 0.000, 13:35:45.210
87, 0.00, 11.19, 6.03, 10.93, 0.000, 0.000, 0.000, 13:35:45.224
88, 0.00, 12.86, 6.95, 14.77, 0.000, 0.000, 0.000, 13:35:45.224
89, 0.00, 15.18, 10.68, 21.00, 0.000, 0.000, 0.000, 13:35:45.225
90, 0.00, 12.25, 9.83, 13.66, 0.000, 0.000, 0.000, 13:35:45.225
91, 0.00, 14.43, 9.78, 18.99, 0.000, 0.000, 0.000, 13:35:45.239
92, 0.00, 10.49, 9.62, 13.73, 0.000, 0.000, 0.000, 13:35:45.239
93, 0.00, 10.34, 10.28, 16.68, 0.000, 0.000, 0.000, 13:35:45.255
94, 0.00, 16.26, 10.63, 15.17, 0.000, 0.000, 0.000, 13:35:45.255
95, 0.00, 12.50, 2.75, 16.99, 0.000, 0.000, 0.000, 13:35:45.255
96, 0.00, 10.61, 4.10, 14.01, 0.000, 0.000, 0.000, 13:35:45.255
97, 0.00, 11.85, 8.64, 19.31, 0.000, 0.000, 0.000, 13:35:45.270
98, 0.00, 15.23, 9.61, 19.49, 0.000, 0.000, 0.000, 13:35:45.271
99, 0.00, 11.12, 9.75, 16.07, 0.000, 0.000, 0.000, 13:35:45.286
100, 0.00, 10.01, 9.65, 12.51, 0.000, 0.000, 0.000, 13:35:45.286
101, 0.00, 7.45, 3.77, 8.03, 0.000, 0.000, 0.000, 13:35:45.287
102, 0.00, 14.17, 11.01, 14.66, 0.000, 0.000, 0.000, 13:35:45.287
103, 0.00, 13.17, 9.25, 16.56, 0.000, 0.000, 0.000, 13:35:45.301
104, 0.00, 12.56, 6.97, 11.88, 0.000, 0.000, 0.000, 13:35:45.301
105, 0.00, 10.41, 10.76, 14.22, 0.000, 0.000, 0.000, 13:35:45.315
106, 0.00, 14.10, 6.48, 15.95, 0.000, 0.000, 0.000, 13:35:45.315
107, 0.00, 10.72, 8.23, 13.78, 0.000, 0.000, 0.000, 13:35:45.316
108, 0.00, 13.15, 10.66, 16.76, 0.000, 0.000, 0.000, 13:35:45.316
109, 0.00, 12.53, 10.01, 11.55, 0.000, 0.000, 0.000, 13:35:45.330
110, 0.00, 17.12, 10.36, 14.84, 0.000, 0.000, 0.000, 13:35:45.330
111, 0.00, 13.62, 8.45, 15.61, 0.000, 0.000, 0.000, 13:35:45.345
112, 0.00, 13.17, 12.55, 16.00, 0.000, 0.000, 0.000, 13:35:45.345
113, 0.00, 18.56, 9.73, 15.18, 0.000, 0.000, 0.000, 13:35:45.346
114, 0.00, 11.82, 11.33, 14.84, 0.000, 0.000, 0.000, 13:35:45.346
115, 0.00, 11.96, 8.58, 12.87, 0.000, 0.000, 0.000, 13:35:45.360
116, 0.00, 12.42, 13.50, 16.57, 0.000, 0.000, 0.000, 13:35:45.361
117, 0.00, 11.46, 5.76, 10.68, 0.000, 0.000, 0.000, 13:35:45.376
118, 0.00, 8.15, 8.43, 12.55, 0.000, 0.000, 0.000, 13:35:45.376
119, 0.00, 14.58, 7.78, 19.84, 0.000, 0.000, 0.000, 13:35:45.377
120, 0.00, 10.70, 9.92, 14.25, 0.000, 0.000, 0.000, 13:35:45.377
121, 0.00, 9.08, 14.47, 11.06, 0.000, 0.000, 0.000, 13:35:45.392
122, 0.00, 10.38, 10.83, 17.29, 0.000, 0.000, 0.000, 13:35:45.392
123, 0.00, 14.26, 7.74, 15.80, 0.000, 0.000, 0.000, 13:35:45.406
124, 0.00, 11.35, 4.45, 9.78, 0.000, 0.000, 0.000, 13:35:45.407
125, 0.00, 13.38, 6.14, 15.05, 0.000, 0.000, 0.000, 13:35:45.409
126, 0.00, 14.77, 4.35, 14.81, 0.000, 0.000, 0.000, 13:35:45.409
127, 0.00, 14.80, 7.07, 14.24, 0.000, 0.000, 0.000, 13:35:45.421
128, 0.00, 11.75, 11.88, 14.44, 0.000, 0.000, 0.000, 13:35:45.421
129, 0.00, 13.59, 2.74, 13.76, 0.000, 0.000, 0.000, 13:35:45.435
130, 0.00, 11.94, 9.94, 12.22, 0.000, 0.000, 0.000, 13:35:45.436
131, 0.00, 15.85, 8.29, 18.91, 0.000, 0.000, 0.000, 13:35:45.437
132, 0.00, 12.07, 7.60, 17.73, 0.000, 0.000, 0.000, 13:35:45.438
133, 0.00, 12.88, 8.23, 13.61, 0.000, 0.000, 0.000, 13:35:45.450
134, 0.00, 16.48, 13.33, 17.40, 0.000, 0.000, 0.000, 13:35:45.451
135, 0.00, 15.47, 16.07, 15.82, 0.000, 0.000, 0.000, 13:35:45.466
136, 0.00, 12.47, 6.75, 10.79, 0.000, 0.000, 0.000, 13:35:45.466
137, 0.00, 9.80, 5.71, 13.67, 0.000, 0.000, 0.000, 13:35:45.468
138, 0.00, 11.91, 9.06, 15.48, 0.000, 0.000, 0.000, 13:35:45.468
139, 0.00, 12.04, 7.32, 14.14, 0.000, 0.000, 0.000, 13:35:45.487
140, 0.00, 12.55, 11.64, 12.73, 0.000, 0.000, 0.000, 13:35:45.488
141, 0.00, 14.31, 11.77, 16.66, 0.000, 0.000, 0.000, 13:35:45.495
142, 0.00, 14.83, 15.93, 15.68, 0.000, 0.000, 0.000, 13:35:45.495
143, 0.00, 11.86, 14.06, 15.72, 0.000, 0.000, 0.000, 13:35:45.496
144, 0.00, 10.09, 6.52, 15.01, 0.000, 0.000, 0.000, 13:35:45.496
145, 0.00, 8.87, 2.15, 11.98, 0.000, 0.000, 0.000, 13:35:45.510
146, 0.00, 15.53, 14.19, 16.46, 0.000, 0.000, 0.000, 13:35:45.510
147, 0.00, 16.59, 7.76, 15.29, 0.000, 0.000, 0.000, 13:35:45.529
148, 0.00, 16.36, 8.21, 15.40, 0.000, 0.000, 0.000, 13:35:45.530
149, 0.00, 14.12, 9.60, 15.99, 0.000, 0.000, 0.000, 13:35:45.531
150, 0.00, 16.08, 11.18, 18.58, 0.000, 0.000, 0.000, 13:35:45.531
151, 0.00, 19.20, 11.16, 15.80, 0.000, 0.000, 0.000, 13:35:45.541
152, 0.00, 14.68, 11.30, 16.20, 0.000, 0.000, 0.000, 13:35:45.542
153, 0.00, 18.48, 14.29, 15.02, 0.000, 0.000, 0.000, 13:35:45.557
154, 0.00, 17.18, 9.88, 12.79, 0.000, 0.000, 0.000, 13:35:45.558
155, 0.00, 9.82, 9.46, 10.60, 0.000, 0.000, 0.000, 13:35:45.559
156, 0.00, 10.09, 10.30, 11.73, 0.000, 0.000, 0.000, 13:35:45.559
157, 0.00, 9.94, 3.70, 12.16, 0.000, 0.000, 0.000, 13:35:45.570
158, 0.00, 16.13, 5.86, 13.33, 0.000, 0.000, 0.000, 13:35:45.570
159, 0.00, 13.83, 10.05, 22.66, 0.000, 0.000, 0.000, 13:35:45.586
160, 0.00, 18.62, 9.42, 16.23, 0.000, 0.000, 0.000, 13:35:45.587
161, 0.00, 14.77, 11.38, 17.19, 0.000, 0.000, 0.000, 13:35:45.588
162, 0.00, 13.04, 12.63, 17.35, 0.000, 0.000, 0.000, 13:35:45.588
163, 0.00, 12.64, 8.69, 14.76, 0.000, 0.000, 0.000, 13:35:45.599
164, 0.00, 8.76, 3.99, 13.20, 0.000, 0.000, 0.000, 13:35:45.599
165, 0.00, 14.06, 6.16, 14.78, 0.000, 0.000, 0.000, 13:35:45.614
166, 0.00, 14.13, 13.06, 18.94, 0.000, 0.000, 0.000, 13:35:45.614
167, 0.00, 15.14, 4.77, 20.67, 0.000, 0.000, 0.000, 13:35:45.615
168, 0.00, 11.86, 8.84, 13.24, 0.000, 0.000, 0.000, 13:35:45.615
169, 0.00, 7.02, 6.19, 13.98, 0.000, 0.000, 0.000, 13:35:45.629
170, 0.00, 9.11, 9.23, 12.93, 0.000, 0.000, 0.000, 13:35:45.629
171, 0.00, 11.51, 9.02, 12.74, 0.000, 0.000, 0.000, 13:35:45.645
172, 0.00, 10.70, 7.35, 10.88, 0.000, 0.000, 0.000, 13:35:45.645
173, 0.00, 7.59, 2.60, 10.61, 0.000, 0.000, 0.000, 13:35:45.646
174, 0.00, 13.03, 8.38, 16.69, 0.000, 0.000, 0.000, 13:35:45.646
175, 0.00, 13.51, 12.89, 15.50, 0.000, 0.000, 0.000, 13:35:45.661
176, 0.00, 13.24, 10.90, 12.66, 0.000, 0.000, 0.000, 13:35:45.661
177, 0.00, 9.82, 7.28, 15.26, 0.000, 0.000, 0.000, 13:35:45.676
178, 0.00, 13.21, 10.83, 20.09, 0.000, 0.000, 0.000, 13:35:45.677
179, 0.00, 14.61, 11.22, 13.96, 0.000, 0.000, 0.000, 13:35:45.677
180, 0.00, 10.25, 10.53, 10.93, 0.000, 0.000, 0.000, 13:35:45.678
181, 0.00, 7.36, 8.71, 11.46, 0.000, 0.000, 0.000, 13:35:45.691
182, 0.00, 12.76, 11.18, 16.03, 0.000, 0.000, 0.000, 13:35:45.691
183, 0.00, 14.23, 6.89, 12.97, 0.000, 0.000, 0.000, 13:35:45.706
184, 0.00, 13.06, 9.46, 16.03, 0.000, 0.000, 0.000, 13:35:45.706
185, 0.00, 13.59, 8.37, 18.00, 0.000, 0.000, 0.000, 13:35:45.707
186, 0.00, 14.70, 9.37, 13.62, 0.000, 0.000, 0.000, 13:35:45.707
187, 0.00, 16.37, 9.32, 13.05, 0.000, 0.000, 0.000, 13:35:45.721
188, 0.00, 11.44, 6.53, 17.21, 0.000, 0.000, 0.000, 13:35:45.721
189, 0.00, 11.25, 9.61, 16.45, 0.000, 0.000, 0.000, 13:35:45.736
190, 0.00, 15.35, 10.09, 13.91, 0.000, 0.000, 0.000, 13:35:45.736
191, 0.00, 14.33, 13.17, 14.45, 0.000, 0.000, 0.000, 13:35:45.737
192, 0.00, 11.68, 9.05, 10.42, 0.000, 0.000, 0.000, 13:35:45.738
193, 0.00, 12.27, 5.95, 13.07, 0.000, 0.000, 0.000, 13