%No., CH1, CH2, CH3, CH4, Accel X, Accel Y, Accel Z, 2017-05-31_09-32-19
0, 11.54, 0.00, 0.00, 18.02, 0.000, 0.000, 0.000, 09:32:24.662
1, 18.51, 0.00, 0.00, 20.84, 0.000, 0.000, 0.000, 09:32:25.238
2, 6.22, 0.00, 0.00, 5.67, 0.000, 0.000, 0.000, 09:32:25.239
3, -2.51, 0.00, 0.00, 7.89, 0.000, 0.000, 0.000, 09:32:25.240
4, 10.41, 0.00, 0.00, 17.41, 0.000, 0.000, 0.000, 09:32:25.241
5, 13.53, 0.00, 0.00, 21.12, 0.000, 0.000, 0.000, 09:32:25.242
6, 1.38, 0.00, 0.00, 10.15, 0.000, 0.000, 0.000, 09:32:25.243
7, 4.80, 0.00, 0.00, 2.27, 0.000, 0.000, 0.000, 09:32:25.245
8, 11.84, 0.00, 0.00, 13.16, 0.000, 0.000, 0.000, 09:32:25.247
9, 12.36, 0.00, 0.00, 19.93, 0.000, 0.000, 0.000, 09:32:25.248
10, 4.47, 0.00, 0.00, 8.95, 0.000, 0.000, 0.000, 09:32:25.252
11, -0.58, 0.00, 0.00, 2.31, 0.000, 0.000, 0.000, 09:32:25.253
12, 8.87, 0.00, 0.00, 16.20, 0.000, 0.000, 0.000, 09:32:25.253
13, 14.66, 0.00, 0.00, 23.38, 0.000, 0.000, 0.000, 09:32:25.254
14, 4.69, 0.00, 0.00, 9.47, 0.000, 0.000, 0.000, 09:32:25.255
15, 3.20, 0.00, 0.00, 4.87, 0.000, 0.000, 0.000, 09:32:25.256
16, 10.05, 0.00, 0.00, 16.88, 0.000, 0.000, 0.000, 09:32:25.257
17, 11.14, 0.00, 0.00, 24.96, 0.000, 0.000, 0.000, 09:32:25.257
18, 5.01, 0.00, 0.00, 15.71, 0.000, 0.000, 0.000, 09:32:25.258
19, 1.26, 0.00, 0.00, 3.82, 0.000, 0.000, 0.000, 09:32:25.259
20, 12.05, 0.00, 0.00, 16.46, 0.000, 0.000, 0.000, 09:32:25.262
21, 13.69, 0.00, 0.00, 18.11, 0.000, 0.000, 0.000, 09:32:25.263
22, 7.84, 0.00, 0.00, 14.71, 0.000, 0.000, 0.000, 09:32:25.264
23, -0.31, 0.00, 0.00, 5.70, 0.000, 0.000, 0.000, 09:32:25.265
24, 9.88, 0.00, 0.00, 16.68, 0.000, 0.000, 0.000, 09:32:25.266
25, 16.59, 0.00, 0.00, 17.83, 0.000, 0.000, 0.000, 09:32:25.266
26, 5.64, 0.00, 0.00, 11.64, 0.000, 0.000, 0.000, 09:32:25.267
27, 4.82, 0.00, 0.00, 5.60, 0.000, 0.000, 0.000, 09:32:25.268
28, 14.70, 0.00, 0.00, 10.15, 0.000, 0.000, 0.000, 09:32:25.268
29, 12.42, 0.00, 0.00, 18.73, 0.000, 0.000, 0.000, 09:32:25.269
30, 4.60, 0.00, 0.00, 6.02, 0.000, 0.000, 0.000, 09:32:25.270
31, 0.88, 0.00, 0.00, 3.74, 0.000, 0.000, 0.000, 09:32:25.271
32, 12.79, 0.00, 0.00, 16.18, 0.000, 0.000, 0.000, 09:32:25.271
33, 16.65, 0.00, 0.00, 20.97, 0.000, 0.000, 0.000, 09:32:25.273
34, 7.56, 0.00, 0.00, 12.79, 0.000, 0.000, 0.000, 09:32:25.273
35, -0.48, 0.00, 0.00, 7.97, 0.000, 0.000, 0.000, 09:32:25.274
36, 9.85, 0.00, 0.00, 13.59, 0.000, 0.000, 0.000, 09:32:25.274
37, 15.78, 0.00, 0.00, 21.03, 0.000, 0.000, 0.000, 09:32:25.275
38, 4.21, 0.00, 0.00, 9.26, 0.000, 0.000, 0.000, 09:32:25.276
39, 1.31, 0.00, 0.00, 0.94, 0.000, 0.000, 0.000, 09:32:25.277
40, 10.88, 0.00, 0.00, 12.85, 0.000, 0.000, 0.000, 09:32:25.278
41, 15.02, 0.00, 0.00, 19.77, 0.000, 0.000, 0.000, 09:32:25.278
42, 5.37, 0.00, 0.00, 9.07, 0.000, 0.000, 0.000, 09:32:25.279
43, 0.19, 0.00, 0.00, 3.49, 0.000, 0.000, 0.000, 09:32:25.279
44, 10.62, 0.00, 0.00, 17.17, 0.000, 0.000, 0.000, 09:32:25.280
45, 13.79, 0.00, 0.00, 20.63, 0.000, 0.000, 0.000, 09:32:25.281
46, 4.04, 0.00, 0.00, 14.33, 0.000, 0.000, 0.000, 09:32:25.281
47, 0.83, 0.00, 0.00, 4.82, 0.000, 0.000, 0.000, 09:32:25.285
48, 7.64, 0.00, 0.00, 17.62, 0.000, 0.000, 0.000, 09:32:25.286
49, 14.85, 0.00, 0.00, 21.33, 0.000, 0.000, 0.000, 09:32:25.287
50, 4.58, 0.00, 0.00, 4.72, 0.000, 0.000, 0.000, 09:32:25.288
51, 0.10, 0.00, 0.00, 4.22, 0.000, 0.000, 0.000, 09:32:25.290
52, 11.13, 0.00, 0.00, 13.61, 0.000, 0.000, 0.000, 09:32:25.290
53, 11.04, 0.00, 0.00, 17.14, 0.000, 0.000, 0.000, 09:32:25.295
54, 4.40, 0.00, 0.00, 8.67, 0.000, 0.000, 0.000, 09:32:25.297
55, 1.66, 0.00, 0.00, 6.58, 0.000, 0.000, 0.000, 09:32:25.298
56, 10.23, 0.00, 0.00, 12.39, 0.000, 0.000, 0.000, 09:32:25.300
57, 16.98, 0.00, 0.00, 23.15, 0.000, 0.000, 0.000, 09:32:25.300
58, 2.36, 0.00, 0.00, 11.95, 0.000, 0.000, 0.000, 09:32:25.301
59, 0.01, 0.00, 0.00, 2.20, 0.000, 0.000, 0.000, 09:32:25.301
60, 11.49, 0.00, 0.00, 14.94, 0.000, 0.000, 0.000, 09:32:25.301
61, 15.89, 0.00, 0.00, 18.99, 0.000, 0.000, 0.000, 09:32:25.302
62, 7.74, 0.00, 0.00, 10.39, 0.000, 0.000, 0.000, 09:32:25.302
63, -0.69, 0.00, 0.00, 3.93, 0.000, 0.000, 0.000, 09:32:25.302
64, 10.88, 0.00, 0.00, 14.09, 0.000, 0.000, 0.000, 09:32:25.312
65, 13.88, 0.00, 0.00, 18.85, 0.000, 0.000, 0.000, 09:32:25.313
66, 3.81, 0.00, 0.00, 9.37, 0.000, 0.000, 0.000, 09:32:25.314
67, 1.65, 0.00, 0.00, 5.61, 0.000, 0.000, 0.000, 09:32:25.314
68, 9.41, 0.00, 0.00, 14.58, 0.000, 0.000, 0.000, 09:32:25.314
69, 13.00, 0.00, 0.00, 19.35, 0.000, 0.000, 0.000, 09:32:25.315
70, 5.98, 0.00, 0.00, 9.73, 0.000, 0.000, 0.000, 09:32:25.315
71, 3.08, 0.00, 0.00, 1.41, 0.000, 0.000, 0.000, 09:32:25.316
72, 10.45, 0.00, 0.00, 15.79, 0.000, 0.000, 0.000, 09:32:25.316
73, 17.71, 0.00, 0.00, 25.73, 0.000, 0.000, 0.000, 09:32:25.323
74, 9.87, 0.00, 0.00, 6.78, 0.000, 0.000, 0.000, 09:32:25.324
75, -2.35, 0.00, 0.00, -0.02, 0.000, 0.000, 0.000, 09:32:25.325
76, 8.86, 0.00, 0.00, 14.21, 0.000, 0.000, 0.000, 09:32:25.325
77, 13.82, 0.00, 0.00, 18.76, 0.000, 0.000, 0.000, 09:32:25.326
78, 4.19, 0.00, 0.00, 11.17, 0.000, 0.000, 0.000, 09:32:25.326
79, 0.45, 0.00, 0.00, 2.75, 0.000, 0.000, 0.000, 09:32:25.328
80, 10.49, 0.00, 0.00, 16.06, 0.000, 0.000, 0.000, 09:32:25.329
81, 14.85, 0.00, 0.00, 23.62, 0.000, 0.000, 0.000, 09:32:25.329
82, 9.13, 0.00, 0.00, 9.17, 0.000, 0.000, 0.000, 09:32:25.329
83, 0.97, 0.00, 0.00, 5.02, 0.000, 0.000, 0.000, 09:32:25.330
84, 6.74, 0.00, 0.00, 12.64, 0.000, 0.000, 0.000, 09:32:25.330
85, 13.26, 0.00, 0.00, 16.61, 0.000, 0.000, 0.000, 09:32:25.395
86, 3.26, 0.00, 0.00, 12.50, 0.000, 0.000, 0.000, 09:32:25.396
87, 5.72, 0.00, 0.00, 5.05, 0.000, 0.000, 0.000, 09:32:25.396
88, 12.27, 0.00, 0.00, 13.82, 0.000, 0.000, 0.000, 09:32:25.396
89, 18.63, 0.00, 0.00, 20.52, 0.000, 0.000, 0.000, 09:32:25.397
90, 1.80, 0.00, 0.00, 9.31, 0.000, 0.000, 0.000, 09:32:25.397
91, 3.29, 0.00, 0.00, 4.66, 0.000, 0.000, 0.000, 09:32:25.397
92, 11.82, 0.00, 0.00, 17.92, 0.000, 0.000, 0.000, 09:32:25.398
93, 13.42, 0.00, 0.00, 19.50, 0.000, 0.000, 0.000, 09:32:25.398
94, 6.92, 0.00, 0.00, 7.60, 0.000, 0.000, 0.000, 09:32:25.398
95, 4.12, 0.00, 0.00, 5.24, 0.000, 0.000, 0.000, 09:32:25.398
96, 7.89, 0.00, 0.00, 15.22, 0.000, 0.000, 0.000, 09:32:25.399
97, 10.66, 0.00, 0.00, 21.31, 0.000, 0.000, 0.000, 09:32:25.399
98, 4.54, 0.00, 0.00, 9.58, 0.000, 0.000, 0.000, 09:32:25.399
99, -0.27, 0.00, 0.00, 8.30, 0.000, 0.000, 0.000, 09:32:25.399
100, 11.85, 0.00, 0.00, 15.07, 0.000, 0.000, 0.000, 09:32:25.400
101, 15.09, 0.00, 0.00, 21.50, 0.000, 0.000, 0.000, 09:32:25.400
102, 8.08, 0.00, 0.00, 9.59, 0.000, 0.000, 0.000, 09:32:25.400
103, 3.23, 0.00, 0.00, 0.36, 0.000, 0.000, 0.000, 09:32:25.400
104, 10.44, 0.00, 0.00, 13.89, 0.000, 0.000, 0.000, 09:32:25.401
105, 14.34, 0.00, 0.00, 21.15, 0.000, 0.000, 0.000, 09:32:25.401
106, 10.57, 0.00, 0.00, 12.93, 0.000, 0.000, 0.000, 09:32:25.401
107, 1.04, 0.00, 0.00, 7.75, 0.000, 0.000, 0.000, 09:32:25.406
108, 8.36, 0.00, 0.00, 15.76, 0.000, 0.000, 0.000, 09:32:25.406
109, 15.78, 0.00, 0.00, 20.84, 0.000, 0.000, 0.000, 09:32:25.406
110, 6.55, 0.00, 0.00, 8.17, 0.000, 0.000, 0.000, 09:32:25.407
111, 2.10, 0.00, 0.00, 6.00, 0.000, 0.000, 0.000, 09:32:25.407
112, 12.69, 0.00, 0.00, 18.86, 0.000, 0.000, 0.000, 09:32:25.408
113, 17.61, 0.00, 0.00, 22.96, 0.000, 0.000, 0.000, 09:32:25.411
114, 10.40, 0.00, 0.00, 8.32, 0.000, 0.000, 0.000, 09:32:25.412
115, -0.25, 0.00, 0.00, 8.07, 0.000, 0.000, 0.000, 09:32:25.413
116, 14.72, 0.00, 0.00, 13.98, 0.000, 0.000, 0.000, 09:32:25.413
117, 17.33, 0.00, 0.00, 22.82, 0.000, 0.000, 0.000, 09:32:25.414
118, 7.17, 0.00, 0.00, 12.41, 0.000, 0.000, 0.000, 09:32:25.414
119, -2.62, 0.00, 0.00, 2.51, 0.000, 0.000, 0.000, 09:32:25.414
120, 9.01, 0.00, 0.00, 13.02, 0.000, 0.000, 0.000, 09:32:25.414
121, 13.84, 0.00, 0.00, 21.90, 0.000, 0.000, 0.000, 09:32:25.415
122, 2.52, 0.00, 0.00, 12.39, 0.000, 0.000, 0.000, 09:32:25.417
123, 3.17, 0.00, 0.00, 7.80, 0.000, 0.000, 0.000, 09:32:25.420
124, 10.77, 0.00, 0.00, 11.48, 0.000, 0.000, 0.000, 09:32:25.422
125, 16.46, 0.00, 0.00, 20.72, 0.000, 0.000, 0.000, 09:32:25.423
126, 7.92, 0.00, 0.00, 14.01, 0.000, 0.000, 0.000, 09:32:25.423
127, 4.51, 0.00, 0.00, 10.12, 0.000, 0.000, 0.000, 09:32:25.423
128, 10.55, 0.00, 0.00, 20.58, 0.000, 0.000, 0.000, 09:32:25.617
129, 13.34, 0.00, 0.00, 20.21, 0.000, 0.000, 0.000, 09:32:25.617
130, 4.51, 0.00, 0.00, 7.15, 0.000, 0.000, 0.000, 09:32:25.617
131, -2.56, 0.00, 0.00, 3.19, 0.000, 0.000, 0.000, 09:32:25.618
132, 2.33, 0.00, 0.00, 10.43, 0.000, 0.000, 0.000, 09:32:25.618
133, 12.84, 0.00, 0.00, 21.81, 0.000, 0.000, 0.000, 09:32:25.618
134, 2.94, 0.00, 0.00, 8.13, 0.000, 0.000, 0.000, 09:32:25.618
135, 0.28, 0.00, 0.00, 7.44, 0.000, 0.000, 0.000, 09:32:25.619
136, 8.18, 0.00, 0.00, 13.30, 0.000, 0.000, 0.000, 09:32:25.619
137, 11.53, 0.00, 0.00, 19.89, 0.000, 0.000, 0.000, 09:32:25.619
138, 10.53, 0.00, 0.00, 11.58, 0.000, 0.000, 0.000, 09:32:25.619
139, 1.09, 0.00, 0.00, 7.26, 0.000, 0.000, 0.000, 09:32:25.619
140, 12.28, 0.00, 0.00, 14.04, 0.000, 0.000, 0.000, 09:32:25.620
141, 14.49, 0.00, 0.00, 20.97, 0.000, 0.000, 0.000, 09:32:25.620
142, 6.18, 0.00, 0.00, 9.39, 0.000, 0.000, 0.000, 09:32:25.621
143, 1.23, 0.00, 0.00, 0.78, 0.000, 0.000, 0.000, 09:32:25.621
144, 8.09, 0.00, 0.00, 11.84, 0.000, 0.000, 0.000, 09:32:25.621
145, 16.22, 0.00, 0.00, 26.08, 0.000, 0.000, 0.000, 09:32:25.621
146, 10.38, 0.00, 0.00, 11.77, 0.000, 0.000, 0.000, 09:32:25.621
147, 1.59, 0.00, 0.00, 7.21, 0.000, 0.000, 0.000, 09:32:25.622
148, 8.04, 0.00, 0.00, 14.64, 0.000, 0.000, 0.000, 09:32:25.622
149, 15.75, 0.00, 0.00, 19.50, 0.000, 0.000, 0.000, 09:32:25.622
150, 6.43, 0.00, 0.00, 8.91, 0.000, 0.000, 0.000, 09:32:25.622
151, 1.63, 0.00, 0.00, 5.74, 0.000, 0.000, 0.000, 09:32:25.622
152, 9.98, 0.00, 0.00, 13.79, 0.000, 0.000, 0.000, 09:32:25.622
153, 17.38, 0.00, 0.00, 18.56, 0.000, 0.000, 0.000, 09:32:25.623
154, 8.43, 0.00, 0.00, 12.14, 0.000, 0.000, 0.000, 09:32:25.623
155, -1.94, 0.00, 0.00, 8.72, 0.000, 0.000, 0.000, 09:32:25.623
156, 12.50, 0.00, 0.00, 12.97, 0.000, 0.000, 0.000, 09:32:25.623
157, 13.86, 0.00, 0.00, 21.89, 0.000, 0.000, 0.000, 09:32:25.623
158, 2.11, 0.00, 0.00, 8.30, 0.000, 0.000, 0.000, 09:32:25.624
159, 3.67, 0.00, 0.00, 4.40, 0.000, 0.000, 0.000, 09:32:25.624
160, 10.22, 0.00, 0.00, 15.04, 0.000, 0.000, 0.000, 09:32:25.624
161, 11.62, 0.00, 0.00, 22.68, 0.000, 0.000, 0.000, 09:32:25.624
162, 3.51, 0.00, 0.00, 7.43, 0.000, 0.000, 0.000, 09:32:25.624
163, 0.26, 0.00, 0.00, 3.14, 0.000, 0.000, 0.000, 09:32:25.626
164, 8.39, 0.00, 0.00, 14.08, 0.000, 0.000, 0.000, 09:32:25.628
165, 18.99, 0.00, 0.00, 21.48, 0.000, 0.000, 0.000, 09:32:25.629
166, 8.52, 0.00, 0.00, 12.77, 0.000, 0.000, 0.000, 09:32:25.629
167, -0.16, 0.00, 0.00, 0.30, 0.000, 0.000, 0.000, 09:32:25.629
168, 14.20, 0.00, 0.00, 15.06, 0.000, 0.000, 0.000, 09:32:25.629
169, 13.89, 0.00, 0.00, 18.53, 0.000, 0.000, 0.000, 09:32:25.629
170, 9.36, 0.00, 0.00, 11.58, 0.000, 0.000, 0.000, 09:32:25.630
171, 1.77, 0.00, 0.00, 8.74, 0.000, 0.000, 0.000, 09:32:25.630
172, 10.16, 0.00, 0.00, 16.21, 0.000, 0.000, 0.000, 09:32:25.630
173, 14.42, 0.00, 0.00, 25.13, 0.000, 0.000, 0.000, 09:32:25.630
174, 6.67, 0.00, 0.00, 10.80, 0.000, 0.000, 0.000, 09:32:25.630
175, 1.47, 0.00, 0.00, 1.65, 0.000, 0.000, 0.000, 09:32:25.630
176, 9.38, 0.00, 0.00, 11.34, 0.000, 0.000, 0.000, 09:32:25.633
177, 15.23, 0.00, 0.00, 21.64, 0.000, 0.000, 0.000, 09:32:25.633
178, 4.41, 0.00, 0.00, 9.17, 0.000, 0.000, 0.000, 09:32:25.636
179, -0.30, 0.00, 0.00, 6.72, 0.000, 0.000, 0.000, 09:32:25.638
180, 6.70, 0.00, 0.00, 14.77, 0.000, 0.000, 0.000, 09:32:25.638
181, 13.57, 0.00, 0.00, 19.86, 0.000, 0.000, 0.000, 09:32:25.638
182, 3.95, 0.00, 0.00, 10.51, 0.000, 0.000, 0.000, 09:32:25.638
183, 0.12, 0.00, 0.00, 5.93, 0.000, 0.000, 0.000, 09:32:25.638
184, 7.70, 0.00, 0.00, 17.87, 0.000, 0.000, 0.000, 09:32:25.639
185, 12.70, 0.00, 0.00, 18.27, 0.000, 0.000, 0.000, 09:32:25.639
186, 5.33, 0.00, 0.00, 11.87, 0.000, 0.000, 0.000, 09:32:25.639
187, -1.70, 0.00, 0.00, 6.74, 0.000, 0.000, 0.000, 09:32:25.639
188, 5.61, 0.00, 0.00, 11.47, 0.000, 0.000, 0.000, 09:32:25.639
189, 9.70, 0.00, 0.00, 25.21, 0.000, 0.000, 0.000, 09:32:25.639
190, 4.60, 0.00, 0.00, 12.19, 0.000, 0.000, 0.000, 09:32:25.640
191, 0.50, 0.00, 0.00, 7.11, 0.000, 0.000, 0.000, 09:32:25.640
192, 8.26, 0.00, 0.00, 11.93, 0.000, 0.000, 0.000, 09:32:25.640
193, 15.45, 0.00, 0.00, 25.79, 0.000, 0.000, 0.000, 09:32:25.640
194, 2.50, 0.00, 0.00, 11.55, 0.000, 0.000, 0.000, 09:32:25.640
195, -1.07, 0.00, 0.00, 5.16, 0.000, 0.000, 0.000, 09:32:25.646
196, 6.55, 0.00, 0.00, 15.11, 0.000, 0.000, 0.000, 09:32:25.647
197, 11.66, 0.00, 0.00, 26.14, 0.000, 0.000, 0.000, 09:32:25.647
198, 6.04, 0.00, 0.00, 9.27, 0.000, 0.000, 0.000, 09:32:25.648
199, -1.53, 0.00, 0.00, 3.75, 0.000, 0.000, 0.000, 09:32:25.662
200, 8.93, 0.00, 0.00, 13.64, 0.000, 0.000, 0.000, 09:32:25.662
0, 13.42, 0.00, 0.00, 15.82, 0.000, 0.000, 0.000, 09:32:25.663
1, 8.48, 0.00, 0.00, 14.39, 0.000, 0.000, 0.000, 09:32:25.677
2, -0.37, 0.00, 0.00, 5.16, 0.000, 0.000, 0.000, 09:32:25.678
3, 7.62, 0.00, 0.00, 11.42, 0.000, 0.000, 0.000, 09:32:25.691
4, 14.58, 0.00, 0.00, 20.10, 0.000, 0.000, 0.000, 09:32:25.691
5, 8.93, 0.00, 0.00, 10.44, 0.000, 0.000, 0.000, 09:32:25.691
6, 0.35, 0.00, 0.00, 5.54, 0.000, 0.000, 0.000, 09:32:25.691
7, 8.86, 0.00, 0.00, 13.33, 0.000, 0.000, 0.000, 09:32:25.706
8, 15.20, 0.00, 0.00, 18.88, 0.000, 0.000, 0.000, 09:32:25.706
9, 4.98, 0.00, 0.00, 14.93, 0.000, 0.000, 0.000, 09:32:25.721
10, 4.93, 0.00, 0.00, 6.67, 0.000, 0.000, 0.000, 09:32:25.721
11, 8.57, 0.00, 0.00, 10.58, 0.000, 0.000, 0.000, 09:32:25.721
12, 14.21, 0.00, 0.00, 19.41, 0.000, 0.000, 0.000, 09:32:25.722
13, 10.02, 0.00, 0.00, 12.34, 0.000, 0.000, 0.000, 09:32:25.736
14, 5.43, 0.00, 0.00, 4.55, 0.000, 0.000, 0.000, 09:32:25.737
15, 14.16, 0.00, 0.00, 15.47, 0.000, 0.000, 0.000, 09:32:25.751
16, 13.94, 0.00, 0.00, 23.10, 0.000, 0.000, 0.000, 09:32:25.751
17, 2.01, 0.00, 0.00, 15.62, 0.000, 0.000, 0.000, 09:32:25.752
18, -2.69, 0.00, 0.00, 4.21, 0.000, 0.000, 0.000, 09:32:25.752
19, 9.16, 0.00, 0.00, 12.27, 0.000, 0.000, 0.000, 09:32:25.767
20, 17.60, 0.00, 0.00, 23.28, 0.000, 0.000, 0.000, 09:32:25.768
21, 6.60, 0.00, 0.00, 14.14, 0.000, 0.000, 0.000, 09:32:25.780
22, 2.93, 0.00, 0.00, 0.73, 0.000, 0.000, 0.000, 09:32:25.781
23, 8.91, 0.00, 0.00, 11.54, 0.000, 0.000, 0.000, 09:32:25.783
24, 13.27, 0.00, 0.00, 24.03, 0.000, 0.000, 0.000, 09:32:25.787
25, 8.56, 0.00, 0.00, 15.07, 0.000, 0.000, 0.000, 09:32:25.802
26, 4.53, 0.00, 0.00, 4.34, 0.000, 0.000, 0.000, 09:32:25.803
27, 10.35, 0.00, 0.00, 11.88, 0.000, 0.000, 0.000, 09:32:25.812
28, 15.83, 0.00, 0.00, 20.42, 0.000, 0.000, 0.000, 09:32:25.812
29, 10.52, 0.00, 0.00, 14.53, 0.000, 0.000, 0.000, 09:32:25.813
30, -1.19, 0.00, 0.00, 4.32, 0.000, 0.000, 0.000, 09:32:25.813
31, 9.86, 0.00, 0.00, 9.43, 0.000, 0.000, 0.000, 09:32:25.826
32, 14.82, 0.00, 0.00, 22.03, 0.000, 0.000, 0.000, 09:32:25.826
33, 9.88, 0.00, 0.00, 12.83, 0.000, 0.000, 0.000, 09:32:25.841
34, 2.10, 0.00, 0.00, 2.95, 0.000, 0.000, 0.000, 09:32:25.841
35, 4.64, 0.00, 0.00, 13.17, 0.000, 0.000, 0.000, 09:32:25.842
36, 17.98, 0.00, 0.00, 18.58, 0.000, 0.000, 0.000, 09:32:25.842
37, 7.04, 0.00, 0.00, 12.78, 0.000, 0.000, 0.000, 09:32:25.856
38, -1.75, 0.00, 0.00, 4.22, 0.000, 0.000, 0.000, 09:32:25.856
39, 10.74, 0.00, 0.00, 9.70, 0.000, 0.000, 0.000, 09:32:25.871
40, 15.06, 0.00, 0.00, 17.11, 0.000, 0.000, 0.000, 09:32:25.872
41, 7.18, 0.00, 0.00, 11.50, 0.000, 0.000, 0.000, 09:32:25.872
42, 2.03, 0.00, 0.00, 4.80, 0.000, 0.000, 0.000, 09:32:25.872
43, 7.29, 0.00, 0.00, 14.51, 0.000, 0.000, 0.000, 09:32:25.886
44, 15.57, 0.00, 0.00, 19.11, 0.000, 0.000, 0.000, 09:32:25.886
45, 6.27, 0.00, 0.00, 12.95, 0.000, 0.000, 0.000, 09:32:25.901
46, 0.63, 0.00, 0.00, 7.23, 0.000, 0.000, 0.000, 09:32:25.901
47, 10.63, 0.00, 0.00, 17.38, 0.000, 0.000, 0.000, 09:32:25.902
48, 11.74, 0.00, 0.00, 19.62, 0.000, 0.000, 0.000, 09:32:25.902
49, 10.63, 0.00, 0.00, 14.68, 0.000, 0.000, 0.000, 09:32:25.916
50, 3.43, 0.00, 0.00, 7.59, 0.000, 0.000, 0.000, 09:32:25.916
51, 8.69, 0.00, 0.00, 8.75, 0.000, 0.000, 0.000, 09:32:25.933
52, 13.88, 0.00, 0.00, 17.80, 0.000, 0.000, 0.000, 09:32:25.933
53, 8.43, 0.00, 0.00, 10.97, 0.000, 0.000, 0.000, 09:32:25.935
54, -0.59, 0.00, 0.00, 7.41, 0.000, 0.000, 0.000, 09:32:25.936
55, 13.60, 0.00, 0.00, 10.34, 0.000, 0.000, 0.000, 09:32:25.950
56, 15.11, 0.00, 0.00, 22.27, 0.000, 0.000, 0.000, 09:32:25.950
57, 7.31, 0.00, 0.00, 13.35, 0.000, 0.000, 0.000, 09:32:25.961
58, 3.37, 0.00, 0.00, 13.22, 0.000, 0.000, 0.000, 09:32:25.961
59, 9.86, 0.00, 0.00, 20.17, 0.000, 0.000, 0.000, 09:32:25.964
60, 14.39, 0.00, 0.00, 24.29, 0.000, 0.000, 0.000, 09:32:25.966
61, 10.94, 0.00, 0.00, 14.62, 0.000, 0.000, 0.000, 09:32:25.978
62, 0.66, 0.00, 0.00, 5.19, 0.000, 0.000, 0.000, 09:32:25.979
63, 4.61, 0.00, 0.00, 14.21, 0.000, 0.000, 0.000, 09:32:25.991
64, 15.19, 0.00, 0.00, 20.87, 0.000, 0.000, 0.000, 09:32:25.992
65, 8.67, 0.00, 0.00, 13.66, 0.000, 0.000, 0.000, 09:32:25.992
66, -0.00, 0.00, 0.00, 7.09, 0.000, 0.000, 0.000, 09:32:25.992
67, 8.08, 0.00, 0.00, 14.07, 0.000, 0.000, 0.000, 09:32:26.006
68, 18.09, 0.00, 0.00, 16.18, 0.000, 0.000, 0.000, 09:32:26.006
69, 14.90, 0.00, 0.00, 11.44, 0.000, 0.000, 0.000, 09:32:26.021
70, 10.81, 0.00, 0.00, 3.34, 0.000, 0.000, 0.000, 09:32:26.022
71, 16.57, 0.00, 0.00, 19.42, 0.000, 0.000, 0.000, 09:32:26.022
72, 21.78, 0.00, 0.00, 24.70, 0.000, 0.000, 0.000, 09:32:26.023
73, 13.74, 0.00, 0.00, 13.95, 0.000, 0.000, 0.000, 09:32:26.036
74, 5.61, 0.00, 0.00, 3.48, 0.000, 0.000, 0.000, 09:32:26.036
75, 5.25, 0.00, 0.00, 11.04, 0.000, 0.000, 0.000, 09:32:26.051
76, 19.94, 0.00, 0.00, 22.94, 0.000, 0.000, 0.000, 09:32:26.051
77, 15.98, 0.00, 0.00, 13.13, 0.000, 0.000, 0.000, 09:32:26.052
78, 5.26, 0.00, 0.00, 4.86, 0.000, 0.000, 0.000, 09:32:26.052
79, 17.21, 0.00, 0.00, 11.03, 0.000, 0.000, 0.000, 09:32:26.067
80, 27.11, 0.00, 0.00, 23.97, 0.000, 0.000, 0.000, 09:32:26.067
81, 14.17, 0.00, 0.00, 15.24, 0.000, 0.000, 0.000, 09:32:26.083
82, 6.31, 0.00, 0.00, 2.98, 0.000, 0.000, 0.000, 09:32:26.083
83, 16.90, 0.00, 0.00, 14.09, 0.000, 0.000, 0.000, 09:32:26.084
84, 21.65, 0.00, 0.00, 27.48, 0.000, 0.000, 0.000, 09:32:26.084
85, 14.73, 0.00, 0.00, 18.36, 0.000, 0.000, 0.000, 09:32:26.097
86, 6.44, 0.00, 0.00, 4.22, 0.000, 0.000, 0.000, 09:32:26.097
87, 10.29, 0.00, 0.00, 8.85, 0.000, 0.000, 0.000, 09:32:26.112
88, 20.16, 0.00, 0.00, 24.40, 0.000, 0.000, 0.000, 09:32:26.113
89, 10.92, 0.00, 0.00, 15.46, 0.000, 0.000, 0.000, 09:32:26.113
90, 5.67, 0.00, 0.00, 7.16, 0.000, 0.000, 0.000, 09:32:26.113
91, 10.45, 0.00, 0.00, 5.39, 0.000, 0.000, 0.000, 09:32:26.126
92, 14.63, 0.00, 0.00, 24.07, 0.000, 0.000, 0.000, 09:32:26.127
93, 7.20, 0.00, 0.00, 14.99, 0.000, 0.000, 0.000, 09:32:26.142
94, -3.61, 0.00, 0.00, 2.69, 0.000, 0.000, 0.000, 09:32:26.142
95, -3.91, 0.00, 0.00, 6.19, 0.000, 0.000, 0.000, 09:32:26.149
96, 8.24, 0.00, 0.00, 22.68, 0.000, 0.000, 0.000, 09:32:26.149
97, 6.35, 0.00, 0.00, 16.69, 0.000, 0.000, 0.000, 09:32:26.156
98, -4.65, 0.00, 0.00, 3.98, 0.000, 0.000, 0.000, 09:32:26.157
99, 1.01, 0.00, 0.00, 7.43, 0.000, 0.000, 0.000, 09:32:26.171
100, 12.12, 0.00, 0.00, 23.05, 0.000, 0.000, 0.000, 09:32:26.171
101, 11.07, 0.00, 0.00, 16.42, 0.000, 0.000, 0.000, 09:32:26.172
102, 0.53, 0.00, 0.00, 1.57, 0.000, 0.000, 0.000, 09:32:26.172
103, 7.49, 0.00, 0.00, 12.93, 0.000, 0.000, 0.000, 09:32:26.187
104, 16.04, 0.00, 0.00, 25.03, 0.000, 0.000, 0.000, 09:32:26.187
105, 12.28, 0.00, 0.00, 18.38, 0.000, 0.000, 0.000, 09:32:26.201
106, 3.74, 0.00, 0.00, 3.72, 0.000, 0.000, 0.000, 09:32:26.201
107, 8.52, 0.00, 0.00, 11.08, 0.000, 0.000, 0.000, 09:32:26.202
108, 18.50, 0.00, 0.00, 21.29, 0.000, 0.000, 0.000, 09:32:26.202
109, 8.94, 0.00, 0.00, 13.91, 0.000, 0.000, 0.000, 09:32:26.216
110, 2.52, 0.00, 0.00, 5.05, 0.000, 0.000, 0.000, 09:32:26.217
111, 4.09, 0.00, 0.00, 5.53, 0.000, 0.000, 0.000, 09:32:26.233
112, 17.68, 0.00, 0.00, 22.74, 0.000, 0.000, 0.000, 09:32:26.233
113, 6.61, 0.00, 0.00, 14.67, 0.000, 0.000, 0.000, 09:32:26.234
114, 4.72, 0.00, 0.00, 2.65, 0.000, 0.000, 0.000, 09:32:26.234
115, 4.36, 0.00, 0.00, 7.15, 0.000, 0.000, 0.000, 09:32:26.248
116, 16.49, 0.00, 0.00, 19.27, 0.000, 0.000, 0.000, 09:32:26.248
117, 7.88, 0.00, 0.00, 17.09, 0.000, 0.000, 0.000, 09:32:26.262
118, 1.91, 0.00, 0.00, 2.98, 0.000, 0.000, 0.000, 09:32:26.262
119, 6.19, 0.00, 0.00, 7.80, 0.000, 0.000, 0.000, 09:32:26.263
120, 15.01, 0.00, 0.00, 22.17, 0.000, 0.000, 0.000, 09:32:26.263
121, 7.30, 0.00, 0.00, 12.59, 0.000, 0.000, 0.000, 09:32:26.276
122, 0.20, 0.00, 0.00, 6.40, 0.000, 0.000, 0.000, 09:32:26.277
123, 11.55, 0.00, 0.00, 11.54, 0.000, 0.000, 0.000, 09:32:26.291
124, 15.16, 0.00, 0.00, 22.62, 0.000, 0.000, 0.000, 09:32:26.292
125, 14.33, 0.00, 0.00, 16.02, 0.000, 0.000, 0.000, 09:32:26.292
126, 2.69, 0.00, 0.00, 7.24, 0.000, 0.000, 0.000, 09:32:26.292
127, 7.26, 0.00, 0.00, 9.98, 0.000, 0.000, 0.000, 09:32:26.306
128, 15.65, 0.00, 0.00, 20.78, 0.000, 0.000, 0.000, 09:32:26.307
129, 7.02, 0.00, 0.00, 17.16, 0.000, 0.000, 0.000, 09:32:26.321
130, 0.32, 0.00, 0.00, -1.59, 0.000, 0.000, 0.000, 09:32:26.321
131, 7.25, 0.00, 0.00, 11.17, 0.000, 0.000, 0.000, 09:32:26.322
132, 17.74, 0.00, 0.00, 21.90, 0.000, 0.000, 0.000, 09:32:26.322
133, 7.83, 0.00, 0.00, 15.83, 0.000, 0.000, 0.000, 09:32:26.336
134, 2.87, 0.00, 0.00, 1.91, 0.000, 0.000, 0.000, 09:32:26.337
135, 3.15, 0.00, 0.00, 4.77, 0.000, 0.000, 0.000, 09:32:26.351
136, 16.57, 0.00, 0.00, 19.11, 0.000, 0.000, 0.000, 09:32:26.351
137, 12.99, 0.00, 0.00, 17.18, 0.000, 0.000, 0.000, 09:32:26.351
138, 0.50, 0.00, 0.00, 2.76, 0.000, 0.000, 0.000, 09:32:26.352
139, 1.96, 0.00, 0.00, 7.81, 0.000, 0.000, 0.000, 09:32:26.366
140, 6.73, 0.00, 0.00, 19.52, 0.000, 0.000, 0.000, 09:32:26.366
141, 2.76, 0.00, 0.00, 14.71, 0.000, 0.000, 0.000, 09:32:26.384
142, -6.92, 0.00, 0.00, 4.42, 0.000, 0.000, 0.000, 09:32:26.385
143, -5.19, 0.00, 0.00, 6.92, 0.000, 0.000, 0.000, 09:32:26.385
144, 6.44, 0.00, 0.00, 19.60, 0.000, 0.000, 0.000, 09:32:26.385
145, 4.85, 0.00, 0.00, 16.42, 0.000, 0.000, 0.000, 09:32:26.399
146, -6.27, 0.00, 0.00, 1.49, 0.000, 0.000, 0.000, 09:32:26.399
147, 1.32, 0.00, 0.00, 6.99, 0.000, 0.000, 0.000, 09:32:26.413
148, 12.31, 0.00, 0.00, 25.47, 0.000, 0.000, 0.000, 09:32:26.413
149, 6.58, 0.00, 0.00, 16.60, 0.000, 0.000, 0.000, 09:32:26.416
150, -1.97, 0.00, 0.00, 3.76, 0.000, 0.000, 0.000, 09:32:26.416
151, 5.86, 0.00, 0.00, 6.91, 0.000, 0.000, 0.000, 09:32:26.428
152, 11.33, 0.00, 0.00, 22.95, 0.000, 0.000, 0.000, 09:32:26.429
153, 12.69, 0.00, 0.00, 18.07, 0.000, 0.000, 0.000, 09:32:26.441
154, -1.66, 0.00, 0.00, 4.10, 0.000, 0.000, 0.000, 09:32:26.442
155, 6.71, 0.00, 0.00, 11.40, 0.000, 0.000, 0.000, 09:32:26.442
156, 18.12, 0.00, 0.00, 23.45, 0.000, 0.000, 0.000, 09:32:26.443
157, 11.41, 0.00, 0.00, 17.00, 0.000, 0.000, 0.000, 09:32:26.456
158, -1.78, 0.00, 0.00, 4.06, 0.000, 0.000, 0.000, 09:32:26.457
159, 6.14, 0.00, 0.00, 8.96, 0.000, 0.000, 0.000, 09:32:26.472
160, 18.68, 0.00, 0.00, 20.38, 0.000, 0.000, 0.000, 09:32:26.472
161, 11.05, 0.00, 0.00, 16.23, 0.000, 0.000, 0.000, 09:32:26.473
162, 0.85, 0.00, 0.00, 10.80, 0.000, 0.000, 0.000, 09:32:26.473
163, 5.33, 0.00, 0.00, 5.20, 0.000, 0.000, 0.000, 09:32:26.487
164, 13.67, 0.00, 0.00, 20.98, 0.000, 0.000, 0.000, 09:32:26.487
165, 10.79, 0.00, 0.00, 18.21, 0.000, 0.000, 0.000, 09:32:26.501
166, 1.41, 0.00, 0.00, 2.98, 0.000, 0.000, 0.000, 09:32:26.502
167, 3.43, 0.00, 0.00, 8.81, 0.000, 0.000, 0.000, 09:32:26.508
168, 17.57, 0.00, 0.00, 23.05, 0.000, 0.000, 0.000, 09:32:26.509
169, 13.62, 0.00, 0.00, 17.88, 0.000, 0.000, 0.000, 09:32:26.516
170, 6.86, 0.00, 0.00, 9.87, 0.000, 0.000, 0.000, 09:32:26.517
171, 12.43, 0.00, 0.00, 9.38, 0.000, 0.000, 0.000, 09:32:26.533
172, 24.66, 0.00, 0.00, 22.33, 0.000, 0.000, 0.000, 09:32:26.533
173, 21.58, 0.00, 0.00, 13.92, 0.000, 0.000, 0.000, 09:32:26.534
174, 9.60, 0.00, 0.00, 3.43, 0.000, 0.000, 0.000, 09:32:26.534
175, 11.92, 0.00, 0.00, 8.51, 0.000, 0.000, 0.000, 09:32:26.546
176, 17.29, 0.00, 0.00, 20.41, 0.000, 0.000, 0.000, 09:32:26.548
177, 17.89, 0.00, 0.00, 15.41, 0.000, 0.000, 0.000, 09:32:26.562
178, 7.31, 0.00, 0.00, 4.03, 0.000, 0.000, 0.000, 09:32:26.563
179, 5.39, 0.00, 0.00, 10.56, 0.000, 0.000, 0.000, 09:32:26.563
180, 20.87, 0.00, 0.00, 21.31, 0.000, 0.000, 0.000, 09:32:26.565
181, 13.49, 0.00, 0.00, 19.74, 0.000, 0.000, 0.000, 09:32:26.576
182, 4.57, 0.00, 0.00, 7.37, 0.000, 0.000, 0.000, 09:32:26.577
183, 8.44, 0.00, 0.00, 10.91, 0.000, 0.000, 0.000, 09:32:26.592
184, 20.56, 0.00, 0.00, 23.38, 0.000, 0.000, 0.000, 09:32:26.592
185, 14.31, 0.00, 0.00, 22.77, 0.000, 0.000, 0.000, 09:32:26.592
186, 4.94, 0.00, 0.00, 4.58, 0.000, 0.000, 0.000, 09:32:26.592
187, 12.90, 0.00, 0.00, 8.77, 0.000, 0.000, 0.000, 09:32:26.606
188, 12.37, 0.00, 0.00, 19.68, 0.000, 0.000, 0.000, 09:32:26.606
189, 10.62, 0.00, 0.00, 21.64, 0.000, 0.000, 0.000, 09:32:26.621
190, -1.13, 0.00, 0.00, 4.66, 0.000, 0.000, 0.000, 09:32:26.622
191, 1.91, 0.00, 0.00, 4.84, 0.000, 0.000, 0.000, 09:32:26.622
192, 14.99, 0.00, 0.00, 22.65, 0.000, 0.000, 0.000, 09:32:26.622
193, 11.32, 0.00, 0.00, 17.51, 0.000, 0.000, 0.000, 09:32:26.636
194, 1.77, 0.00, 0.00, 6.58, 0.000, 0.000, 0.000, 09:32:26.636
195, 2.30, 0.00, 0.00, 5.84, 0.000, 0.000, 0.000, 09:32:26.651
196, 5.38, 0.00, 0.00, 20.88, 0.000, 0.000, 0.000, 09:32:26.651
197, 5.91, 0.00, 0.00, 20.41, 0.000, 0.000, 0.000, 09:32:26.652
198, -0.22, 0.00, 0.00, 7.00, 0.000, 0.000, 0.000, 09:32:26.652
199, 2.06, 0.00, 0.00, 8.25, 0.000, 0.000, 0.000, 09:32:26.666
200, 9.13, 0.00, 0.00, 24.27, 0.000, 0.000, 0.000, 09:32:26.666
0, 9.39, 0.00, 0.00, 20.75, 0.000, 0.000, 0.000, 09:32:26.667
1, 0.55, 0.00, 0.00, 5.42, 0.000, 0.000, 0.000, 09:32:26.683
2, -1.14, 0.00, 0.00, 6.32, 0.000, 0.000, 0.000, 09:32:26.684
3, 9.22, 0.00, 0.00, 21.35, 0.000, 0.000, 0.000, 09:32:26.695
4, 9.87, 0.00, 0.00, 20.91, 0.000, 0.000, 0.000, 09:32:26.696
5, -4.57, 0.00, 0.00, 4.32, 0.000, 0.000, 0.000, 09:32:26.712
6, -0.37, 0.00, 0.00, 6.87, 0.000, 0.000, 0.000, 09:32:26.715
7, 12.99, 0.00, 0.00, 20.37, 0.000, 0.000, 0.000, 09:32:26.728
8, 10.95, 0.00, 0.00, 20.82, 0.000, 0.000, 0.000, 09:32:26.728
9, -2.29, 0.00, 0.00, 2.62, 0.000, 0.000, 0.000, 09:32:26.729
10, -0.59, 0.00, 0.00, 2.64, 0.000, 0.000, 0.000, 09:32:26.729
11, 8.25, 0.00, 0.00, 21.04, 0.000, 0.000, 0.000, 09:32:26.731
12, 5.56, 0.00, 0.00, 20.27, 0.000, 0.000, 0.000, 09:32:26.732
13, -3.01, 0.00, 0.00, 0.49, 0.000, 0.000, 0.000, 09:32:26.741
14, -1.40, 0.00, 0.00, 5.41, 0.000, 0.000, 0.000, 09:32:26.741
15, 9.98, 0.00, 0.00, 20.44, 0.000, 0.000, 0.000, 09:32:26.755
16, 10.68, 0.00, 0.00, 20.46, 0.000, 0.000, 0.000, 09:32:26.756
17, 3.51, 0.00, 0.00, 10.30, 0.000, 0.000, 0.000, 09:32:26.756
18, 3.96, 0.00, 0.00, 8.85, 0.000, 0.000, 0.000, 09:32:26.756
19, 18.97, 0.00, 0.00, 23.41, 0.000, 0.000, 0.000, 09:32:26.771
20, 14.84, 0.00, 0.00, 16.68, 0.000, 0.000, 0.000, 09:32:26.771
21, 6.89, 0.00, 0.00, 7.61, 0.000, 0.000, 0.000, 09:32:26.785
22, 3.02, 0.00, 0.00, 7.61, 0.000, 0.000, 0.000, 09:32:26.786
23, 17.10, 0.00, 0.00, 20.95, 0.000, 0.000, 0.000, 09:32:26.786
24, 13.39, 0.00, 0.00, 17.84, 0.000, 0.000, 0.000, 09:32:26.786
25, -1.56, 0.00, 0.00, 5.91, 0.000, 0.000, 0.000, 09:32:26.800
26, -0.93, 0.00, 0.00, 3.35, 0.000, 0.000, 0.000, 09:32:26.801
27, 11.25, 0.00, 0.00, 20.94, 0.000, 0.000, 0.000, 09:32:26.816
28, 9.26, 0.00, 0.00, 20.91, 0.000, 0.000, 0.000, 09:32:26.816
29, -0.36, 0.00, 0.00, 2.77, 0.000, 0.000, 0.000, 09:32:26.816
30, 3.52, 0.00, 0.00, 7.35, 0.000, 0.000, 0.000, 09:32:26.816
31, 10.69, 0.00, 0.00, 19.44, 0.000, 0.000, 0.000, 09:32:26.833
32, 10.28, 0.00, 0.00, 17.12, 0.000, 0.000, 0.000, 09:32:26.833
33, 2.08, 0.00, 0.00, 4.73, 0.000, 0.000, 0.000, 09:32:26.848
34, 3.76, 0.00, 0.00, 6.39, 0.000, 0.000, 0.000, 09:32:26.848
35, 15.78, 0.00, 0.00, 21.81, 0.000, 0.000, 0.000, 09:32:26.848
36, 10.26, 0.00, 0.00, 15.41, 0.000, 0.000, 0.000, 09:32:26.849
37, 2.05, 0.00, 0.00, 5.81, 0.000, 0.000, 0.000, 09:32:26.862
38, -0.72, 0.00, 0.00, 6.40, 0.000, 0.000, 0.000, 09:32:26.862
39, 16.37, 0.00, 0.00, 20.91, 0.000, 0.000, 0.000, 09:32:26.876
40, 16.54, 0.00, 0.00, 22.17, 0.000, 0.000, 0.000, 09:32:26.877
41, 4.43, 0.00, 0.00, 5.55, 0.000, 0.000, 0.000, 09:32:26.879
42, 2.33, 0.00, 0.00, 5.61, 0.000, 0.000, 0.000, 09:32:26.879
43, 12.71, 0.00, 0.00, 18.90, 0.000, 0.000, 0.000, 09:32:26.891
44, 10.14, 0.00, 0.00, 19.67, 0.000, 0.000, 0.000, 09:32:26.892
45, 6.83, 0.00, 0.00, 7.74, 0.000, 0.000, 0.000, 09:32:26.906
46, 4.86, 0.00, 0.00, 8.73, 0.000, 0.000, 0.000, 09:32:26.906
47, 17.13, 0.00, 0.00, 22.02, 0.000, 0.000, 0.000, 09:32:26.907
48, 10.62, 0.00, 0.00, 21.61, 0.000, 0.000, 0.000, 09:32:26.907
49, 2.43, 0.00, 0.00, 7.17, 0.000, 0.000, 0.000, 09:32:26.922
50, 4.69, 0.00, 0.00, 7.36, 0.000, 0.000, 0.000, 09:32:26.922
51, 18.77, 0.00, 0.00, 23.34, 0.000, 0.000, 0.000, 09:32:26.936
52, 23.89, 0.00, 0.00, 21.58, 0.000, 0.000, 0.000, 09:32:26.937
53, 15.42, 0.00, 0.00, 7.93, 0.000, 0.000, 0.000, 09:32:26.938
54, 15.69, 0.00, 0.00, 8.04, 0.000, 0.000, 0.000, 09:32:26.938
55, 24.12, 0.00, 0.00, 22.83, 0.000, 0.000, 0.000, 09:32:26.954
56, 21.44, 0.00, 0.00, 19.10, 0.000, 0.000, 0.000, 09:32:26.955
57, 9.11, 0.00, 0.00, 10.34, 0.000, 0.000, 0.000, 09:32:26.967
58, 7.43, 0.00, 0.00, 6.71, 0.000, 0.000, 0.000, 09:32:26.967
59, 15.78, 0.00, 0.00, 21.50, 0.000, 0.000, 0.000, 09:32:26.968
60, 20.52, 0.00, 0.00, 18.43, 0.000, 0.000, 0.000, 09:32:26.968
61, 4.61, 0.00, 0.00, 3.64, 0.000, 0.000, 0.000, 09:32:26.982
62, 5.52, 0.00, 0.00, -3.46, 0.000, 0.000, 0.000, 09:32:26.984
63, 18.53, 0.00, 0.00, 15.11, 0.000, 0.000, 0.000, 09:32:27.000
64, 17.25, 0.00, 0.00, 14.72, 0.000, 0.000, 0.000, 09:32:27.000
65, 7.64, 0.00, 0.00, 8.51, 0.000, 0.000, 0.000, 09:32:27.000
66, 6.88, 0.00, 0.00, 2.57, 0.000, 0.000, 0.000, 09:32:27.000
67, 14.57, 0.00, 0.00, 18.50, 0.000, 0.000, 0.000, 09:32:27.020
68, 17.05, 0.00, 0.00, 17.23, 0.000, 0.000, 0.000, 09:32:27.021
69, 2.98, 0.00, 0.00, 5.52, 0.000, 0.000, 0.000, 09:32:27.029
70, -0.43, 0.00, 0.00, 3.51, 0.000, 0.000, 0.000, 09:32:27.029
71, 13.03, 0.00, 0.00, 17.05, 0.000, 0.000, 0.000, 09:32:27.031
72, 14.74, 0.00, 0.00, 15.52, 0.000, 0.000, 0.000, 09:32:27.032
73, 4.51, 0.00, 0.00, 5.81, 0.000, 0.000, 0.000, 09:32:27.041
74, 4.41, 0.00, 0.00, 3.38, 0.000, 0.000, 0.000, 09:32:27.041
75, 12.80, 0.00, 0.00, 18.34, 0.000, 0.000, 0.000, 09:32:27.056
76, 13.92, 0.00, 0.00, 18.49, 0.000, 0.000, 0.000, 09:32:27.056
77, 2.72, 0.00, 0.00, 3.81, 0.000, 0.000, 0.000, 09:32:27.057
78, 3.15, 0.00, 0.00, 6.83, 0.000, 0.000, 0.000, 09:32:27.057
79, 14.05, 0.00, 0.00, 14.71, 0.000, 0.000, 0.000, 09:32:27.071
80, 12.90, 0.00, 0.00, 23.34, 0.000, 0.000, 0.000, 09:32:27.071
81, 7.40, 0.00, 0.00, 5.09, 0.000, 0.000, 0.000, 09:32:27.086
82, 3.05, 0.00, 0.00, 2.88, 0.000, 0.000, 0.000, 09:32:27.086
83, 18.82, 0.00, 0.00, 22.10, 0.000, 0.000, 0.000, 09:32:27.087
84, 15.98, 0.00, 0.00, 20.56, 0.000, 0.000, 0.000, 09:32:27.087
85, 7.37, 0.00, 0.00, 6.75, 0.000, 0.000, 0.000, 09:32:27.101
86, 3.89, 0.00, 0.00, 5.25, 0.000, 0.000, 0.000, 09:32:27.101
87, 12.78, 0.00, 0.00, 22.22, 0.000, 0.000, 0.000, 09:32:27.116
88, 12.71, 0.00, 0.00, 22.80, 0.000, 0.000, 0.000, 09:32:27.117
89, 4.41, 0.00, 0.00, 8.22, 0.000, 0.000, 0.000, 09:32:27.117
90, 4.10, 0.00, 0.00, 6.44, 0.000, 0.000, 0.000, 09:32:27.117
91, 15.59, 0.00, 0.00, 24.41, 0.000, 0.000, 0.000, 09:32:27.134
92, 18.04, 0.00, 0.00, 25.04, 0.000, 0.000, 0.000, 09:32:27.134
93, 2.91, 0.00, 0.00, 5.31, 0.000, 0.000, 0.000, 09:32:27.146
94, 4.36, 0.00, 0.00, 8.52, 0.000, 0.000, 0.000, 09:32:27.146
95, 15.68, 0.00, 0.00, 20.32, 0.000, 0.000, 0.000, 09:32:27.149
96, 10.73, 0.00, 0.00, 21.35, 0.000, 0.000, 0.000, 09:32:27.149
97, 4.04, 0.00, 0.00, 6.92, 0.000, 0.000, 0.000, 09:32:27.164
98, 5.03, 0.00, 0.00, 9.53, 0.000, 0.000, 0.000, 09:32:27.165
99, 14.49, 0.00, 0.00, 22.59, 0.000, 0.000, 0.000, 09:32:27.175
100, 11.24, 0.00, 0.00, 21.64, 0.000, 0.000, 0.000, 09:32:27.176
101, -4.72, 0.00, 0.00, 8.49, 0.000, 0.000, 0.000, 09:32:27.178
102, -6.87, 0.00, 0.00, 3.41, 0.000, 0.000, 0.000, 09:32:27.178
103, 5.88, 0.00, 0.00, 17.71, 0.000, 0.000, 0.000, 09:32:27.191
104, 4.77, 0.00, 0.00, 17.64, 0.000, 0.000, 0.000, 09:32:27.191
105, -6.03, 0.00, 0.00, 8.09, 0.000, 0.000, 0.000, 09:32:27.206
106, -4.12, 0.00, 0.00, 1.97, 0.000, 0.000, 0.000, 09:32:27.206
107, 6.83, 0.00, 0.00, 19.54, 0.000, 0.000, 0.000, 09:32:27.206
108, 12.52, 0.00, 0.00, 20.85, 0.000, 0.000, 0.000, 09:32:27.206
109, 0.31, 0.00, 0.00, 8.73, 0.000, 0.000, 0.000, 09:32:27.222
110, -0.42, 0.00, 0.00, 2.28, 0.000, 0.000, 0.000, 09:32:27.222
111, 9.39, 0.00, 0.00, 19.44, 0.000, 0.000, 0.000, 09:32:27.236
112, 12.09, 0.00, 0.00, 17.25, 0.000, 0.000, 0.000, 09:32:27.237
113, 0.91, 0.00, 0.00, 4.92, 0.000, 0.000, 0.000, 09:32:27.237
114, 2.52, 0.00, 0.00, 7.81, 0.000, 0.000, 0.000, 09:32:27.237
115, 12.80, 0.00, 0.00, 17.84, 0.000, 0.000, 0.000, 09:32:27.251
116, 14.25, 0.00, 0.00, 22.14, 0.000, 0.000, 0.000, 09:32:27.251
117, 4.59, 0.00, 0.00, 9.54, 0.000, 0.000, 0.000, 09:32:27.266
118, 1.70, 0.00, 0.00, 7.00, 0.000, 0.000, 0.000, 09:32:27.266
119, 8.10, 0.00, 0.00, 18.03, 0.000, 0.000, 0.000, 09:32:27.267
120, 11.93, 0.00, 0.00, 20.44, 0.000, 0.000, 0.000, 09:32:27.267
121, 1.81, 0.00, 0.00, 9.33, 0.000, 0.000, 0.000, 09:32:27.283
122, 3.30, 0.00, 0.00, 6.60, 0.000, 0.000, 0.000, 09:32:27.284
123, 15.32, 0.00, 0.00, 19.07, 0.000, 0.000, 0.000, 09:32:27.296
124, 16.75, 0.00, 0.00, 21.35, 0.000, 0.000, 0.000, 09:32:27.296
125, 5.78, 0.00, 0.00, 2.26, 0.000, 0.000, 0.000, 09:32:27.303
126, 9.65, 0.00, 0.00, 3.47, 0.000, 0.000, 0.000, 09:32:27.303
127, 21.74, 0.00, 0.00, 17.41, 0.000, 0.000, 0.000, 09:32:27.313
128, 19.60, 0.00, 0.00, 20.95, 0.000, 0.000, 0.000, 09:32:27.314
129, 9.56, 0.00, 0.00, 7.13, 0.000, 0.000, 0.000, 09:32:27.327
130, 7.02, 0.00, 0.00, 3.94, 0.000, 0.000, 0.000, 09:32:27.328
131, 15.86, 0.00, 0.00, 19.42, 0.000, 0.000, 0.000, 09:32:27.329
132, 15.33, 0.00, 0.00, 22.98, 0.000, 0.000, 0.000, 09:32:27.329
133, 7.75, 0.00, 0.00, 10.65, 0.000, 0.000, 0.000, 09:32:27.341
134, 6.00, 0.00, 0.00, 6.02, 0.000, 0.000, 0.000, 09:32:27.342
135, 16.57, 0.00, 0.00, 17.34, 0.000, 0.000, 0.000, 09:32:27.356
136, 24.04, 0.00, 0.00, 22.36, 0.000, 0.000, 0.000, 09:32:27.356
137, 5.25, 0.00, 0.00, 7.39, 0.000, 0.000, 0.000, 09:32:27.356
138, 3.83, 0.00, 0.00, 3.17, 0.000, 0.000, 0.000, 09:32:27.357
139, 15.96, 0.00, 0.00, 18.04, 0.000, 0.000, 0.000, 09:32:27.371
140, 15.64, 0.00, 0.00, 21.69, 0.000, 0.000, 0.000, 09:32:27.371
141, 5.78, 0.00, 0.00, 5.40, 0.000, 0.000, 0.000, 09:32:27.386
142, 7.15, 0.00, 0.00, 4.22, 0.000, 0.000, 0.000, 09:32:27.386
143, 17.49, 0.00, 0.00, 19.47, 0.000, 0.000, 0.000, 09:32:27.387
144, 17.41, 0.00, 0.00, 21.45, 0.000, 0.000, 0.000, 09:32:27.387
145, 5.51, 0.00, 0.00, 5.70, 0.000, 0.000, 0.000, 09:32:27.401
146, 4.31, 0.00, 0.00, 3.98, 0.000, 0.000, 0.000, 09:32:27.401
147, 15.24, 0.00, 0.00, 19.69, 0.000, 0.000, 0.000, 09:32:27.416
148, 18.09, 0.00, 0.00, 21.51, 0.000, 0.000, 0.000, 09:32:27.416
149, 2.41, 0.00, 0.00, 7.68, 0.000, 0.000, 0.000, 09:32:27.435
150, 2.27, 0.00, 0.00, 1.34, 0.000, 0.000, 0.000, 09:32:27.435
151, 13.91, 0.00, 0.00, 18.26, 0.000, 0.000, 0.000, 09:32:27.437
152, 17.67, 0.00, 0.00, 22.39, 0.000, 0.000, 0.000, 09:32:27.437
153, 7.01, 0.00, 0.00, 6.13, 0.000, 0.000, 0.000, 09:32:27.446
154, 8.70, 0.00, 0.00, 3.05, 0.000, 0.000, 0.000, 09:32:27.446
155, 15.84, 0.00, 0.00, 16.81, 0.000, 0.000, 0.000, 09:32:27.446
156, 16.41, 0.00, 0.00, 21.25, 0.000, 0.000, 0.000, 09:32:27.446
157, 6.28, 0.00, 0.00, 9.50, 0.000, 0.000, 0.000, 09:32:27.461
158, 1.97, 0.00, 0.00, 4.82, 0.000, 0.000, 0.000, 09:32:27.461
159, 12.61, 0.00, 0.00, 18.90, 0.000, 0.000, 0.000, 09:32:27.475
160, 15.06, 0.00, 0.00, 19.46, 0.000, 0.000, 0.000, 09:32:27.476
161, 4.31, 0.00, 0.00, 9.96, 0.000, 0.000, 0.000, 09:32:27.477
162, -0.68, 0.00, 0.00, 5.09, 0.000, 0.000, 0.000, 09:32:27.478
163, 9.94, 0.00, 0.00, 17.77, 0.000, 0.000, 0.000, 09:32:27.491
164, 9.71, 0.00, 0.00, 23.95, 0.000, 0.000, 0.000, 09:32:27.491
165, -2.68, 0.00, 0.00, 12.14, 0.000, 0.000, 0.000, 09:32:27.505
166, -10.05, 0.00, 0.00, 3.90, 0.000, 0.000, 0.000, 09:32:27.506
167, 7.64, 0.00, 0.00, 19.03, 0.000, 0.000, 0.000, 09:32:27.506
168, 7.83, 0.00, 0.00, 20.83, 0.000, 0.000, 0.000, 09:32:27.506
169, -1.74, 0.00, 0.00, 10.10, 0.000, 0.000, 0.000, 09:32:27.521
170, -2.17, 0.00, 0.00, 4.44, 0.000, 0.000, 0.000, 09:32:27.521
171, 18.55, 0.00, 0.00, 18.73, 0.000, 0.000, 0.000, 09:32:27.536
172, 17.35, 0.00, 0.00, 19.18, 0.000, 0.000, 0.000, 09:32:27.537
173, 6.29, 0.00, 0.00, 6.26, 0.000, 0.000, 0.000, 09:32:27.537
174, 6.71, 0.00, 0.00, 3.38, 0.000, 0.000, 0.000, 09:32:27.537
175, 17.76, 0.00, 0.00, 18.61, 0.000, 0.000, 0.000, 09:32:27.551
176, 16.68, 0.00, 0.00, 21.24, 0.000, 0.000, 0.000, 09:32:27.551
177, 2.92, 0.00, 0.00, 5.74, 0.000, 0.000, 0.000, 09:32:27.566
178, -1.33, 0.00, 0.00, 5.31, 0.000, 0.000, 0.000, 09:32:27.566
179, 13.49, 0.00, 0.00, 17.31, 0.000, 0.000, 0.000, 09:32:27.566
180, 12.53, 0.00, 0.00, 21.03, 0.000, 0.000, 0.000, 09:32:27.566
181, 1.02, 0.00, 0.00, 11.31, 0.000, 0.000, 0.000, 09:32:27.584
182, 2.05, 0.00, 0.00, 8.80, 0.000, 0.000, 0.000, 09:32:27.584
183, 10.03, 0.00, 0.00, 20.59, 0.000, 0.000, 0.000, 09:32:27.596
184, 13.01, 0.00, 0.00, 28.16, 0.000, 0.000, 0.000, 09:32:27.596
185, -4.89, 0.00, 0.00, 8.18, 0.000, 0.000, 0.000, 09:32:27.598
186, -9.68, 0.00, 0.00, 4.60, 0.000, 0.000, 0.000, 09:32:27.599
187, 8.47, 0.00, 0.00, 19.86, 0.000, 0.000, 0.000, 09:32:27.611
188, 10.40, 0.00, 0.00, 22.86, 0.000, 0.000, 0.000, 09:32:27.612
189, -2.92, 0.00, 0.00, 10.46, 0.000, 0.000, 0.000, 09:32:27.627
190, -3.38, 0.00, 0.00, 6.25, 0.000, 0.000, 0.000, 09:32:27.627
191, 3.53, 0.00, 0.00, 19.13, 0.000, 0.000, 0.000, 09:32:27.629
192, 10.54, 0.00, 0.00, 24.34, 0.000, 0.000, 0.000, 09:32:27.629
193, -3.36, 0.00, 0.00, 6.41, 0.000, 0.000, 0.000, 09:32:27.649
194, 1.30, 0.00, 0.00, 4.28, 0.000, 0.000, 0.000, 09:32:27.649
195, 23.69, 0.00, 0.00, 18.11, 0.000, 0.000, 0.000, 09:32:27.656
196, 24.26, 0.00, 0.00, 23.97, 0.000, 0.000, 0.000, 09:32:27.656
197, 15.47, 0.00, 0.00, 8.59, 0.000, 0.000, 0.000, 09:32:27.657
198, 7.00, 0.00, 0.00, 5.73, 0.000, 0.000, 0.000, 09:32:27.657
199, 16.09, 0.00, 0.00, 19.60, 0.000, 0.000, 0.000, 09:32:27.671
200, 20.83, 0.00, 0.00, 25.42, 0.000, 0.000, 0.000, 09:32:27.671
0, 7.88, 0.00, 0.00, 8.90, 0.000, 0.000, 0.000, 09:32:27.671
1, 8.91, 0.00, 0.00, 2.85, 0.000, 0.000, 0.000, 09:32:27.686
2, 15.63, 0.00, 0.00, 15.98, 0.000, 0.000, 0.000, 09:32:27.686
3, 21.82, 0.00, 0.00, 26.25, 0.000, 0.000, 0.000, 09:32:27.702
4, 10.42, 0.00, 0.00, 8.02, 0.000, 0.000, 0.000, 09:32:27.702
5, 0.82, 0.00, 0.00, 7.81, 0.000, 0.000, 0.000, 09:32:27.702
6, 16.68, 0.00, 0.00, 19.41, 0.000, 0.000, 0.000, 09:32:27.702
7, 17.74, 0.00, 0.00, 23.07, 0.000, 0.000, 0.000, 09:32:27.716
8, 4.08, 0.00, 0.00, 9.58, 0.000, 0.000, 0.000, 09:32:27.716
9, 0.73, 0.00, 0.00, 2.16, 0.000, 0.000, 0.000, 09:32:27.733
10, 12.61, 0.00, 0.00, 20.90, 0.000, 0.000, 0.000, 09:32:27.734
11, 6.76, 0.00, 0.00, 18.97, 0.000, 0.000, 0.000, 09:32:27.734
12, -1.68, 0.00, 0.00, 6.74, 0.000, 0.000, 0.000, 09:32:27.734
13, 2.29, 0.00, 0.00, 5.67, 0.000, 0.000, 0.000, 09:32:27.746
14, 11.72, 0.00, 0.00, 18.58, 0.000, 0.000, 0.000, 09:32:27.746
15, 11.24, 0.00, 0.00, 21.57, 0.000, 0.000, 0.000, 09:32:27.762
16, 3.32, 0.00, 0.00, 13.35, 0.000, 0.000, 0.000, 09:32:27.762
17, 2.55, 0.00, 0.00, 4.62, 0.000, 0.000, 0.000, 09:32:27.762
18, 9.88, 0.00, 0.00, 18.30, 0.000, 0.000, 0.000, 09:32:27.762
19, 11.00, 0.00, 0.00, 20.67, 0.000, 0.000, 0.000, 09:32:27.777
20, -5.16, 0.00, 0.00, 5.93, 0.000, 0.000, 0.000, 09:32:27.777
21, -5.60, 0.00, 0.00, 7.52, 0.000, 0.000, 0.000, 09:32:27.791
22, 6.86, 0.00, 0.00, 17.79, 0.000, 0.000, 0.000, 09:32:27.792
23, 7.03, 0.00, 0.00, 15.85, 0.000, 0.000, 0.000, 09:32:27.792
24, -2.52, 0.00, 0.00, 6.35, 0.000, 0.000, 0.000, 09:32:27.792
25, 1.60, 0.00, 0.00, 8.08, 0.000, 0.000, 0.000, 09:32:27.805
26, 7.00, 0.00, 0.00, 16.69, 0.000, 0.000, 0.000, 09:32:27.806
27, 10.04, 0.00, 0.00, 21.21, 0.000, 0.000, 0.000, 09:32:27.820
28, -1.09, 0.00, 0.00, 8.55, 0.000, 0.000, 0.000, 09:32:27.821
29, -1.98, 0.00, 0.00, 2.42, 0.000, 0.000, 0.000, 09:32:27.821
30, 6.03, 0.00, 0.00, 16.74, 0.000, 0.000, 0.000, 09:32:27.821
31, 8.79, 0.00, 0.00, 19.44, 0.000, 0.000, 0.000, 09:32:27.836
32, 0.85, 0.00, 0.00, 11.44, 0.000, 0.000, 0.000, 09:32:27.836
33, 0.98, 0.00, 0.00, 6.42, 0.000, 0.000, 0.000, 09:32:27.850
34, 14.98, 0.00, 0.00, 18.50, 0.000, 0.000, 0.000, 09:32:27.851
35, 15.15, 0.00, 0.00, 22.69, 0.000, 0.000, 0.000, 09:32:27.851
36, 14.59, 0.00, 0.00, 6.84, 0.000, 0.000, 0.000, 09:32:27.851
37, 6.62, 0.00, 0.00, 3.52, 0.000, 0.000, 0.000, 09:32:27.868
38, 20.31, 0.00, 0.00, 19.81, 0.000, 0.000, 0.000, 09:32:27.868
39, 22.84, 0.00, 0.00, 19.15, 0.000, 0.000, 0.000, 09:32:27.883
40, 10.83, 0.00, 0.00, 7.86, 0.000, 0.000, 0.000, 09:32:27.884
41, 12.62, 0.00, 0.00, 3.22, 0.000, 0.000, 0.000, 09:32:27.884
42, 21.44, 0.00, 0.00, 17.28, 0.000, 0.000, 0.000, 09:32:27.885
43, 19.14, 0.00, 0.00, 18.52, 0.000, 0.000, 0.000, 09:32:27.896
44, 6.41, 0.00, 0.00, 10.08, 0.000, 0.000, 0.000, 09:32:27.897
45, 7.66, 0.00, 0.00, 3.78, 0.000, 0.000, 0.000, 09:32:27.913
46, 14.98, 0.00, 0.00, 16.40, 0.000, 0.000, 0.000, 09:32:27.913
47, 19.17, 0.00, 0.00, 24.63, 0.000, 0.000, 0.000, 09:32:27.915
48, 7.52, 0.00, 0.00, 8.01, 0.000, 0.000, 0.000, 09:32:27.916
49, 2.12, 0.00, 0.00, 4.28, 0.000, 0.000, 0.000, 09:32:27.926
50, 12.76, 0.00, 0.00, 14.76, 0.000, 0.000, 0.000, 09:32:27.927
51, 13.51, 0.00, 0.00, 18.48, 0.000, 0.000, 0.000, 09:32:27.940
52, 2.82, 0.00, 0.00, 12.44, 0.000, 0.000, 0.000, 09:32:27.941
53, -2.79, 0.00, 0.00, 2.59, 0.000, 0.000, 0.000, 09:32:27.941
54, 5.68, 0.00, 0.00, 19.27, 0.000, 0.000, 0.000, 09:32:27.941
55, 6.70, 0.00, 0.00, 16.61, 0.000, 0.000, 0.000, 09:32:27.965
56, 0.78, 0.00, 0.00, 8.81, 0.000, 0.000, 0.000, 09:32:27.965
57, 2.25, 0.00, 0.00, 5.76, 0.000, 0.000, 0.000, 09:32:27.970
58, 21.50, 0.00, 0.00, 22.36, 0.000, 0.000, 0.000, 09:32:27.971
59, 18.98, 0.00, 0.00, 21.40, 0.000, 0.000, 0.000, 09:32:27.971
60, 11.88, 0.00, 0.00, 10.88, 0.000, 0.000, 0.000, 09:32:27.971
61, 2.07, 0.00, 0.00, 3.25, 0.000, 0.000, 0.000, 09:32:27.986
62, 9.19, 0.00, 0.00, 16.37, 0.000, 0.000, 0.000, 09:32:27.986
63, 16.35, 0.00, 0.00, 16.77, 0.000, 0.000, 0.000, 09:32:28.001
64, 7.68, 0.00, 0.00, 7.35, 0.000, 0.000, 0.000, 09:32:28.001
65, 3.06, 0.00, 0.00, 6.53, 0.000, 0.000, 0.000, 09:32:28.001
66, 11.87, 0.00, 0.00, 17.82, 0.000, 0.000, 0.000, 09:32:28.001
67, 9.02, 0.00, 0.00, 19.94, 0.000, 0.000, 0.000, 09:32:28.016
68, -1.12, 0.00, 0.00, 3.73, 0.000, 0.000, 0.000, 09:32:28.016
69, -6.83, 0.00, 0.00, 4.44, 0.000, 0.000, 0.000, 09:32:28.033
70, -0.05, 0.00, 0.00, 16.52, 0.000, 0.000, 0.000, 09:32:28.033
71, 11.20, 0.00, 0.00, 19.44, 0.000, 0.000, 0.000, 09:32:28.033
72, 2.87, 0.00, 0.00, 9.97, 0.000, 0.000, 0.000, 09:32:28.034
73, 1.44, 0.00, 0.00, 4.01, 0.000, 0.000, 0.000, 09:32:28.050
74, 9.80, 0.00, 0.00, 13.79, 0.000, 0.000, 0.000, 09:32:28.050
75, 13.37, 0.00, 0.00, 14.90, 0.000, 0.000, 0.000, 09:32:28.068
76, 4.75, 0.00, 0.00, 7.33, 0.000, 0.000, 0.000, 09:32:28.068
77, 3.53, 0.00, 0.00, 7.99, 0.000, 0.000, 0.000, 09:32:28.069
78, 15.19, 0.00, 0.00, 16.14, 0.000, 0.000, 0.000, 09:32:28.069
79, 13.52, 0.00, 0.00, 19.71, 0.000, 0.000, 0.000, 09:32:28.076
80, -0.30, 0.00, 0.00, 9.01, 0.000, 0.000, 0.000, 09:32:28.076
81, 2.32, 0.00, 0.00, 5.28, 0.000, 0.000, 0.000, 09:32:28.096
82, 14.41, 0.00, 0.00, 17.33, 0.000, 0.000, 0.000, 09:32:28.096
83, 14.63, 0.00, 0.00, 18.42, 0.000, 0.000, 0.000, 09:32:28.097
84, 11.73, 0.00, 0.00, 8.42, 0.000, 0.000, 0.000, 09:32:28.098
85, 1.20, 0.00, 0.00, 3.75, 0.000, 0.000, 0.000, 09:32:28.105
86, 8.90, 0.00, 0.00, 13.69, 0.000, 0.000, 0.000, 09:32:28.105
87, 12.92, 0.00, 0.00, 23.02, 0.000, 0.000, 0.000, 09:32:28.121
88, -2.01, 0.00, 0.00, 9.06, 0.000, 0.000, 0.000, 09:32:28.121
89, -3.46, 0.00, 0.00, 6.28, 0.000, 0.000, 0.000, 09:32:28.121
90, 4.87, 0.00, 0.00, 14.76, 0.000, 0.000, 0.000, 09:32:28.121
91, 10.41, 0.00, 0.00, 22.52, 0.000, 0.000, 0.000, 09:32:28.137
92, -5.39, 0.00, 0.00, 6.69, 0.000, 0.000, 0.000, 09:32:28.137
93, -8.63, 0.00, 0.00, 4.70, 0.000, 0.000, 0.000, 09:32:28.150
94, 6.00, 0.00, 0.00, 17.83, 0.000, 0.000, 0.000, 09:32:28.150
95, 10.55, 0.00, 0.00, 22.84, 0.000, 0.000, 0.000, 09:32:28.151
96, -1.07, 0.00, 0.00, 6.51, 0.000, 0.000, 0.000, 09:32:28.151
97, -2.62, 0.00, 0.00, 5.98, 0.000, 0.000, 0.000, 09:32:28.166
98, 15.02, 0.00, 0.00, 15.93, 0.000, 0.000, 0.000, 09:32:28.166
99, 22.18, 0.00, 0.00, 21.89, 0.000, 0.000, 0.000, 09:32:28.184
100, 6.52, 0.00, 0.00, 9.48, 0.000, 0.000, 0.000, 09:32:28.184
101, 7.52, 0.00, 0.00, 5.20, 0.000, 0.000, 0.000, 09:32:28.184
102, 14.70, 0.00, 0.00, 16.84, 0.000, 0.000, 0.000, 09:32:28.184
103, 19.28, 0.00, 0.00, 22.36, 0.000, 0.000, 0.000, 09:32:28.198
104, 9.85, 0.00, 0.00, 10.05, 0.000, 0.000, 0.000, 09:32:28.198
105, 7.69, 0.00, 0.00, 1.15, 0.000, 0.000, 0.000, 09:32:28.211
106, 20.45, 0.00, 0.00, 17.30, 0.000, 0.000, 0.000, 09:32:28.211
107, 24.21, 0.00, 0.00, 21.01, 0.000, 0.000, 0.000, 09:32:28.212
108, 13.16, 0.00, 0.00, 9.66, 0.000, 0.000, 0.000, 09:32:28.212
109, 5.28, 0.00, 0.00, 3.72, 0.000, 0.000, 0.000, 09:32:28.226
110, 16.64, 0.00, 0.00, 20.64, 0.000, 0.000, 0.000, 09:32:28.227
111, 19.33, 0.00, 0.00, 24.01, 0.000, 0.000, 0.000, 09:32:28.241
112, 8.73, 0.00, 0.00, 9.45, 0.000, 0.000, 0.000, 09:32:28.241
113, 7.37, 0.00, 0.00, 3.07, 0.000, 0.000, 0.000, 09:32:28.241
114, 15.30, 0.00, 0.00, 18.22, 0.000, 0.000, 0.000, 09:32:28.241
115, 16.80, 0.00, 0.00, 21.87, 0.000, 0.000, 0.000, 09:32:28.256
116, 1.73, 0.00, 0.00, 10.10, 0.000, 0.000, 0.000, 09:32:28.256
117, -3.44, 0.00, 0.00, 5.62, 0.000, 0.000, 0.000, 09:32:28.270
118, 8.17, 0.00, 0.00, 19.54, 0.000, 0.000, 0.000, 09:32:28.271
119, 17.02, 0.00, 0.00, 23.74, 0.000, 0.000, 0.000, 09:32:28.271
120, 4.98, 0.00, 0.00, 7.39, 0.000, 0.000, 0.000, 09:32:28.271
121, 0.13, 0.00, 0.00, 5.59, 0.000, 0.000, 0.000, 09:32:28.286
122, 14.42, 0.00, 0.00, 16.97, 0.000, 0.000, 0.000, 09:32:28.286
123, 12.56, 0.00, 0.00, 20.18, 0.000, 0.000, 0.000, 09:32:28.301
124, 0.87, 0.00, 0.00, 11.40, 0.000, 0.000, 0.000, 09:32:28.301
125, -8.42, 0.00, 0.00, 2.80, 0.000, 0.000, 0.000, 09:32:28.302
126, -1.76, 0.00, 0.00, 16.09, 0.000, 0.000, 0.000, 09:32:28.302
127, 6.84, 0.00, 0.00, 23.62, 0.000, 0.000, 0.000, 09:32:28.316
128, -3.82, 0.00, 0.00, 13.76, 0.000, 0.000, 0.000, 09:32:28.316
129, -7.64, 0.00, 0.00, 5.92, 0.000, 0.000, 0.000, 09:32:28.333
130, 3.78, 0.00, 0.00, 18.60, 0.000, 0.000, 0.000, 09:32:28.333
131, 6.72, 0.00, 0.00, 21.47, 0.000, 0.000, 0.000, 09:32:28.340
132, -1.75, 0.00, 0.00, 11.87, 0.000, 0.000, 0.000, 09:32:28.340
133, -2.79, 0.00, 0.00, 1.97, 0.000, 0.000, 0.000, 09:32:28.346
134, 7.59, 0.00, 0.00, 16.53, 0.000, 0.000, 0.000, 09:32:28.349
135, 12.41, 0.00, 0.00, 22.21, 0.000, 0.000, 0.000, 09:32:28.362
136, 4.63, 0.00, 0.00, 9.51, 0.000, 0.000, 0.000, 09:32:28.362
137, -2.69, 0.00, 0.00, 3.21, 0.000, 0.000, 0.000, 09:32:28.362
138, 7.67, 0.00, 0.00, 17.47, 0.000, 0.000, 0.000, 09:32:28.363
139, 15.24, 0.00, 0.00, 23.88, 0.000, 0.000, 0.000, 09:32:28.377
140, -1.39, 0.00, 0.00, 6.90, 0.000, 0.000, 0.000, 09:32:28.377
141, -0.37, 0.00, 0.00, 7.88, 0.000, 0.000, 0.000, 09:32:28.391
142, 8.39, 0.00, 0.00, 19.81, 0.000, 0.000, 0.000, 09:32:28.391
143, 21.08, 0.00, 0.00, 25.16, 0.000, 0.000, 0.000, 09:32:28.391
144, 14.79, 0.00, 0.00, 12.02, 0.000, 0.000, 0.000, 09:32:28.392
145, 14.70, 0.00, 0.00, 6.80, 0.000, 0.000, 0.000, 09:32:28.406
146, 24.37, 0.00, 0.00, 18.20, 0.000, 0.000, 0.000, 09:32:28.406
147, 25.96, 0.00, 0.00, 21.70, 0.000, 0.000, 0.000, 09:32:28.423
148, 14.02, 0.00, 0.00, 8.56, 0.000, 0.000, 0.000, 09:32:28.423
149, 7.33, 0.00, 0.00, 7.96, 0.000, 0.000, 0.000, 09:32:28.423
150, 23.12, 0.00, 0.00, 20.40, 0.000, 0.000, 0.000, 09:32:28.423
151, 24.65, 0.00, 0.00, 23.15, 0.000, 0.000, 0.000, 09:32:28.437
152, 13.38, 0.00, 0.00, 8.64, 0.000, 0.000, 0.000, 09:32:28.438
153, 8.10, 0.00, 0.00, 1.51, 0.000, 0.000, 0.000, 09:32:28.451
154, 17.25, 0.00, 0.00, 14.82, 0.000, 0.000, 0.000, 09:32:28.451
155, 21.88, 0.00, 0.00, 21.42, 0.000, 0.000, 0.000, 09:32:28.452
156, 11.56, 0.00, 0.00, 8.61, 0.000, 0.000, 0.000, 09:32:28.452
157, 2.83, 0.00, 0.00, 0.41, 0.000, 0.000, 0.000, 09:32:28.466
158, 14.13, 0.00, 0.00, 15.41, 0.000, 0.000, 0.000, 09:32:28.466
159, 18.39, 0.00, 0.00, 21.78, 0.000, 0.000, 0.000, 09:32:28.484
160, 6.30, 0.00, 0.00, 7.41, 0.000, 0.000, 0.000, 09:32:28.484
161, 7.69, 0.00, 0.00, 5.72, 0.000, 0.000, 0.000, 09:32:28.485
162, 12.85, 0.00, 0.00, 17.85, 0.000, 0.000, 0.000, 09:32:28.485
163, 13.99, 0.00, 0.00, 23.60, 0.000, 0.000, 0.000, 09:32:28.498
164, -0.86, 0.00, 0.00, 9.45, 0.000, 0.000, 0.000, 09:32:28.499
165, -14.70, 0.00, 0.00, 0.55, 0.000, 0.000, 0.000, 09:32:28.512
166, -0.41, 0.00, 0.00, 15.11, 0.000, 0.000, 0.000, 09:32:28.512
167, 7.92, 0.00, 0.00, 22.92, 0.000, 0.000, 0.000, 09:32:28.512
168, -1.98, 0.00, 0.00, 11.78, 0.000, 0.000, 0.000, 09:32:28.512
169, -3.88, 0.00, 0.00, 7.80, 0.000, 0.000, 0.000, 09:32:28.527
170, 3.82, 0.00, 0.00, 17.48, 0.000, 0.000, 0.000, 09:32:28.528
171, 7.60, 0.00, 0.00, 24.78, 0.000, 0.000, 0.000, 09:32:28.545
172, -0.21, 0.00, 0.00, 13.99, 0.000, 0.000, 0.000, 09:32:28.545
173, -6.39, 0.00, 0.00, 9.94, 0.000, 0.000, 0.000, 09:32:28.546
174, 4.95, 0.00, 0.00, 18.83, 0.000, 0.000, 0.000, 09:32:28.546
175, 7.78, 0.00, 0.00, 21.26, 0.000, 0.000, 0.000, 09:32:28.557
176, 3.75, 0.00, 0.00, 16.04, 0.000, 0.000, 0.000, 09:32:28.557
177, -0.67, 0.00, 0.00, 6.22, 0.000, 0.000, 0.000, 09:32:28.571
178, 7.86, 0.00, 0.00, 15.06, 0.000, 0.000, 0.000, 09:32:28.571
179, 13.39, 0.00, 0.00, 27.35, 0.000, 0.000, 0.000, 09:32:28.572
180, 4.63, 0.00, 0.00, 9.31, 0.000, 0.000, 0.000, 09:32:28.572
181, -0.18, 0.00, 0.00, 2.98, 0.000, 0.000, 0.000, 09:32:28.601
182, 8.08, 0.00, 0.00, 17.32, 0.000, 0.000, 0.000, 09:32:28.601
183, 11.54, 0.00, 0.00, 22.66, 0.000, 0.000, 0.000, 09:32:28.601
184, 2.21, 0.00, 0.00, 9.54, 0.000, 0.000, 0.000, 09:32:28.601
185, -3.20, 0.00, 0.00, 4.72, 0.000, 0.000, 0.000, 09:32:28.601
186, 10.67, 0.00, 0.00, 17.44, 0.000, 0.000, 0.000, 09:32:28.601
187, 14.60, 0.00, 0.00, 19.17, 0.000, 0.000, 0.000, 09:32:28.618
188, 5.02, 0.00, 0.00, 11.04, 0.000, 0.000, 0.000, 09:32:28.618
189, 3.89, 0.00, 0.00, 5.17, 0.000, 0.000, 0.000, 09:32:28.633
190, 11.39, 0.00, 0.00, 17.22, 0.000, 0.000, 0.000, 09:32:28.634
191, 17.51, 0.00, 0.00, 21.81, 0.000, 0.000, 0.000, 09:32:28.635
192, 9.27, 0.00, 0.00, 9.98, 0.000, 0.000, 0.000, 09:32:28.635
193, 3.40, 0.00, 0.00, 3.88, 0.000, 0.000, 0.000, 09:32:28.646
194, 9.87, 0.00, 0.00, 12.83, 0.000, 0.000, 0.000, 09:32:28.646
195, 18.85, 0.00, 0.00, 21.54, 0.000, 0.000, 0.000, 09:32:28.663
196, 11.47, 0.00, 0.00, 7.03, 0.000, 0.000, 0.000, 09:32:28.663
197, 3.53, 0.00, 0.00, 5.05, 0.000, 0.000, 0.000, 09:32:28.666
198, 11.74, 0.00, 0.00, 19.71, 0.000, 0.000, 0.000, 09:32:28.667
199, 17.79, 0.00, 0.00, 21.64, 0.000, 0.000, 0.000, 09:32:28.676
200, 9.47, 0.00, 0.00, 11.11, 0.000, 0.000, 0.000, 09:32:28.678
0, 3.99, 0.00, 0.00, 0.46, 0.000, 0.000, 0.000, 09:32:28.679
1, 12.24, 0.00, 0.00, 12.71, 0.000, 0.000, 0.000, 09:32:28.699
2, 15.97, 0.00, 0.00, 19.26, 0.000, 0.000, 0.000, 09:32:28.699
3, 10.26, 0.00, 0.00, 8.80, 0.000, 0.000, 0.000, 09:32:28.706
4, 4.68, 0.00, 0.00, 4.71, 0.000, 0.000, 0.000, 09:32:28.706
5, 12.13, 0.00, 0.00, 14.11, 0.000, 0.000, 0.000, 09:32:28.716
6, 21.70, 0.00, 0.00, 22.53, 0.000, 0.000, 0.000, 09:32:28.716
7, 8.46, 0.00, 0.00, 9.59, 0.000, 0.000, 0.000, 09:32:28.723
8, 3.33, 0.00, 0.00, 2.66, 0.000, 0.000, 0.000, 09:32:28.723
9, 12.97, 0.00, 0.00, 17.15, 0.000, 0.000, 0.000, 09:32:28.753
10, 17.68, 0.00, 0.00, 21.10, 0.000, 0.000, 0.000, 09:32:28.753
11, 9.21, 0.00, 0.00, 11.82, 0.000, 0.000, 0.000, 09:32:28.756
12, 3.01, 0.00, 0.00, 3.02, 0.000, 0.000, 0.000, 09:32:28.757
13, 13.98, 0.00, 0.00, 13.88, 0.000, 0.000, 0.000, 09:32:28.757
14, 14.85, 0.00, 0.00, 20.75, 0.000, 0.000, 0.000, 09:32:28.757
15, 3.25, 0.00, 0.00, 11.25, 0.000, 0.000, 0.000, 09:32:28.768
16, 1.89, 0.00, 0.00, 3.25, 0.000, 0.000, 0.000, 09:32:28.768
17, 14.48, 0.00, 0.00, 16.03, 0.000, 0.000, 0.000, 09:32:28.769
18, 16.84, 0.00, 0.00, 24.43, 0.000, 0.000, 0.000, 09:32:28.769
19, 6.58, 0.00, 0.00, 10.77, 0.000, 0.000, 0.000, 09:32:28.786
20, 0.26, 0.00, 0.00, 4.63, 0.000, 0.000, 0.000, 09:32:28.786
21, 9.55, 0.00, 0.00, 14.36, 0.000, 0.000, 0.000, 09:32:28.796
22, 10.85, 0.00, 0.00, 20.42, 0.000, 0.000, 0.000, 09:32:28.798
23, 5.04, 0.00, 0.00, 9.88, 0.000, 0.000, 0.000, 09:32:28.799
24, 2.39, 0.00, 0.00, 7.52, 0.000, 0.000, 0.000, 09:32:28.799
25, 7.35, 0.00, 0.00, 17.29, 0.000, 0.000, 0.000, 09:32:28.812
26, 14.71, 0.00, 0.00, 22.28, 0.000, 0.000, 0.000, 09:32:28.812
27, 2.68, 0.00, 0.00, 7.32, 0.000, 0.000, 0.000, 09:32:28.826
28, 4.10, 0.00, 0.00, 6.01, 0.000, 0.000, 0.000, 09:32:28.827
29, 14.45, 0.00, 0.00, 14.15, 0.000, 0.000, 0.000, 09:32:28.829
30, 23.72, 0.00, 0.00, 21.84, 0.000, 0.000, 0.000, 09:32:28.829
31, 15.51, 0.00, 0.00, 14.17, 0.000, 0.000, 0.000, 09:32:28.841
32, 10.29, 0.00, 0.00, 4.54, 0.000, 0.000, 0.000, 09:32:28.841
33, 19.09, 0.00, 0.00, 12.77, 0.000, 0.000, 0.000, 09:32:28.856
34, 21.68, 0.00, 0.00, 23.29, 0.000, 0.000, 0.000, 09:32:28.857
35, 10.13, 0.00, 0.00, 14.77, 0.000, 0.000, 0.000, 09:32:28.857
36, 11.49, 0.00, 0.00, 1.37, 0.000, 0.000, 0.000, 09:32:28.857
37, 15.45, 0.00, 0.00, 16.63, 0.000, 0.000, 0.000, 09:32:28.871
38, 21.42, 0.00, 0.00, 24.57, 0.000, 0.000, 0.000, 09:32:28.871
39, 9.27, 0.00, 0.00, 7.04, 0.000, 0.000, 0.000, 09:32:28.886
40, 6.65, 0.00, 0.00, 5.33, 0.000, 0.000, 0.000, 09:32:28.886
41, 15.08, 0.00, 0.00, 13.72, 0.000, 0.000, 0.000, 09:32:28.887
42, 20.83, 0.00, 0.00, 24.62, 0.000, 0.000, 0.000, 09:32:28.887
43, 6.38, 0.00, 0.00, 14.19, 0.000, 0.000, 0.000, 09:32:28.901
44, -0.54, 0.00, 0.00, 4.17, 0.000, 0.000, 0.000, 09:32:28.901
45, 10.75, 0.00, 0.00, 14.78, 0.000, 0.000, 0.000, 09:32:28.915
46, 13.18, 0.00, 0.00, 19.51, 0.000, 0.000, 0.000, 09:32:28.916
47, -0.22, 0.00, 0.00, 11.09, 0.000, 0.000, 0.000, 09:32:28.916
48, -3.81, 0.00, 0.00, 3.90, 0.000, 0.000, 0.000, 09:32:28.916
49, 6.66, 0.00, 0.00, 16.66, 0.000, 0.000, 0.000, 09:32:28.933
50, 11.94, 0.00, 0.00, 22.45, 0.000, 0.000, 0.000, 09:32:28.933
51, 4.10, 0.00, 0.00, 13.42, 0.000, 0.000, 0.000, 09:32:28.950
52, 4.23, 0.00, 0.00, 4.61, 0.000, 0.000, 0.000, 09:32:28.950
53, 16.17, 0.00, 0.00, 18.92, 0.000, 0.000, 0.000, 09:32:28.950
54, 22.37, 0.00, 0.00, 22.65, 0.000, 0.000, 0.000, 09:32:28.950
55, 11.69, 0.00, 0.00, 13.70, 0.000, 0.000, 0.000, 09:32:28.964
56, 6.75, 0.00, 0.00, 1.24, 0.000, 0.000, 0.000, 09:32:28.965
57, 9.21, 0.00, 0.00, 12.86, 0.000, 0.000, 0.000, 09:32:28.977
58, 22.25, 0.00, 0.00, 21.83, 0.000, 0.000, 0.000, 09:32:28.977
59, 7.54, 0.00, 0.00, 12.92, 0.000, 0.000, 0.000, 09:32:28.978
60, 1.41, 0.00, 0.00, 3.19, 0.000, 0.000, 0.000, 09:32:28.978
61, 1.55, 0.00, 0.00, 14.49, 0.000, 0.000, 0.000, 09:32:28.991
62, 7.49, 0.00, 0.00, 21.80, 0.000, 0.000, 0.000, 09:32:28.991
63, 1.20, 0.00, 0.00, 16.26, 0.000, 0.000, 0.000, 09:32:29.006
64, -6.78, 0.00, 0.00, 5.25, 0.000, 0.000, 0.000, 09:32:29.006
65, 2.11, 0.00, 0.00, 12.93, 0.000, 0.000, 0.000, 09:32:29.015
66, 16.93, 0.00, 0.00, 23.88, 0.000, 0.000, 0.000, 09:32:29.015
67, 13.32, 0.00, 0.00, 11.69, 0.000, 0.000, 0.000, 09:32:29.021
68, 6.56, 0.00, 0.00, 4.56, 0.000, 0.000, 0.000, 09:32:29.021
69, 11.42, 0.00, 0.00, 17.87, 0.000, 0.000, 0.000, 09:32:29.036
70, 19.68, 0.00, 0.00, 21.48, 0.000, 0.000, 0.000, 09:32:29.036
71, 11.83, 0.00, 0.00, 9.31, 0.000, 0.000, 0.000, 09:32:29.036
72, 3.16, 0.00, 0.00, -1.60, 0.000, 0.000, 0.000, 09:32:29.036
73, 13.36, 0.00, 0.00, 11.29, 0.000, 0.000, 0.000, 09:32:29.051
74, 18.73, 0.00, 0.00, 19.64, 0.000, 0.000, 0.000, 09:32:29.051
75, 8.37, 0.00, 0.00, 11.24, 0.000, 0.000, 0.000, 09:32:29.066
76, 2.88, 0.00, 0.00, 10.28, 0.000, 0.000, 0.000, 09:32:29.066
77, 12.64, 0.00, 0.00, 13.41, 0.000, 0.000, 0.000, 09:32:29.067
78, 18.90, 0.00, 0.00, 20.79, 0.000, 0.000, 0.000, 09:32:29.067
79, 10.76, 0.00, 0.00, 10.00, 0.000, 0.000, 0.000, 09:32:29.084
80, 3.83, 0.00, 0.00, 5.98, 0.000, 0.000, 0.000, 09:32:29.084
81, 11.79, 0.00, 0.00, 15.17, 0.000, 0.000, 0.000, 09:32:29.097
82, 14.64, 0.00, 0.00, 23.01, 0.000, 0.000, 0.000, 09:32:29.097
83, 3.30, 0.00, 0.00, 9.44, 0.000, 0.000, 0.000, 09:32:29.098
84, -0.17, 0.00, 0.00, 5.49, 0.000, 0.000, 0.000, 09:32:29.098
85, 1.67, 0.00, 0.00, 12.99, 0.000, 0.000, 0.000, 09:32:29.111
86, 8.83, 0.00, 0.00, 16.62, 0.000, 0.000, 0.000, 09:32:29.111
87, -1.16, 0.00, 0.00, 14.10, 0.000, 0.000, 0.000, 09:32:29.126
88, -7.03, 0.00, 0.00, 3.67, 0.000, 0.000, 0.000, 09:32:29.126
89, 1.09, 0.00, 0.00, 13.44, 0.000, 0.000, 0.000, 09:32:29.128
90, 8.66, 0.00, 0.00, 21.10, 0.000, 0.000, 0.000, 09:32:29.128
91, 1.83, 0.00, 0.00, 12.27, 0.000, 0.000, 0.000, 09:32:29.141
92, 0.53, 0.00, 0.00, 7.45, 0.000, 0.000, 0.000, 09:32:29.141
93, 10.23, 0.00, 0.00, 15.59, 0.000, 0.000, 0.000, 09:32:29.156
94, 17.03, 0.00, 0.00, 20.68, 0.000, 0.000, 0.000, 09:32:29.156
95, 11.63, 0.00, 0.00, 13.13, 0.000, 0.000, 0.000, 09:32:29.157
96, 0.10, 0.00, 0.00, 4.59, 0.000, 0.000, 0.000, 09:32:29.157
97, 6.90, 0.00, 0.00, 18.32, 0.000, 0.000, 0.000, 09:32:29.171
98, 8.31, 0.00, 0.00, 19.15, 0.000, 0.000, 0.000, 09:32:29.171
99, -0.42, 0.00, 0.00, 11.74, 0.000, 0.000, 0.000, 09:32:29.186
100, -4.38, 0.00, 0.00, 0.32, 0.000, 0.000, 0.000, 09:32:29.186
101, 4.01, 0.00, 0.00, 13.53, 0.000, 0.000, 0.000, 09:32:29.187
102, 11.29, 0.00, 0.00, 24.86, 0.000, 0.000, 0.000, 09:32:29.187
103, 2.52, 0.00, 0.00, 15.86, 0.000, 0.000, 0.000, 09:32:29.201
104, -7.92, 0.00, 0.00, 4.69, 0.000, 0.000, 0.000, 09:32:29.201
105, 9.25, 0.00, 0.00, 14.52, 0.000, 0.000, 0.000, 09:32:29.216
106, 12.68, 0.00, 0.00, 21.50, 0.000, 0.000, 0.000, 09:32:29.216
107, 8.55, 0.00, 0.00, 11.25, 0.000, 0.000, 0.000, 09:32:29.217
108, 3.35, 0.00, 0.00, 3.42, 0.000, 0.000, 0.000, 09:32:29.217
109, 8.62, 0.00, 0.00, 15.49, 0.000, 0.000, 0.000, 09:32:29.233
110, 10.25, 0.00, 0.00, 25.96, 0.000, 0.000, 0.000, 09:32:29.233
111, 6.34, 0.00, 0.00, 10.49, 0.000, 0.000, 0.000, 09:32:29.248
112, -0.49, 0.00, 0.00, 5.43, 0.000, 0.000, 0.000, 09:32:29.248
113, 7.34, 0.00, 0.00, 10.10, 0.000, 0.000, 0.000, 09:32:29.248
114, 12.49, 0.00, 0.00, 23.61, 0.000, 0.000, 0.000, 09:32:29.248
115, 2.69, 0.00, 0.00, 13.00, 0.000, 0.000, 0.000, 09:32:29.262
116, -1.65, 0.00, 0.00, -0.21, 0.000, 0.000, 0.000, 09:32:29.262
117, 8.86, 0.00, 0.00, 10.09, 0.000, 0.000, 0.000, 09:32:29.276
118, 16.91, 0.00, 0.00, 20.97, 0.000, 0.000, 0.000, 09:32:29.277
119, 6.04, 0.00, 0.00, 14.59, 0.000, 0.000, 0.000, 09:32:29.278
120, 2.80, 0.00, 0.00, 3.64, 0.000, 0.000, 0.000, 09:32:29.279
121, 13.07, 0.00, 0.00, 16.82, 0.000, 0.000, 0.000, 09:32:29.291
122, 16.78, 0.00, 0.00, 23.24, 0.000, 0.000, 0.000, 09:32:29.291
123, 11.47, 0.00, 0.00, 16.48, 0.000, 0.000, 0.000, 09:32:29.306
124, -3.71, 0.00, 0.00, -0.16, 0.000, 0.000, 0.000, 09:32:29.307
125, 6.99, 0.00, 0.00, 10.79, 0.000, 0.000, 0.000, 09:32:29.307
126, 15.73, 0.00, 0.00, 23.70, 0.000, 0.000, 0.000, 09:32:29.308
127, 11.04, 0.00, 0.00, 13.37, 0.000, 0.000, 0.000, 09:32:29.321
128, 2.71, 0.00, 0.00, 5.72, 0.000, 0.000, 0.000, 09:32:29.321
129, 10.05, 0.00, 0.00, 12.16, 0.000, 0.000, 0.000, 09:32:29.336
130, 22.46, 0.00, 0.00, 21.29, 0.000, 0.000, 0.000, 09:32:29.336
131, 10.18, 0.00, 0.00, 7.85, 0.000, 0.000, 0.000, 09:32:29.336
132, 6.81, 0.00, 0.00, 5.47, 0.000, 0.000, 0.000, 09:32:29.337
133, 9.34, 0.00, 0.00, 13.72, 0.000, 0.000, 0.000, 09:32:29.352
134, 20.14, 0.00, 0.00, 25.40, 0.000, 0.000, 0.000, 09:32:29.352
135, 15.09, 0.00, 0.00, 16.81, 0.000, 0.000, 0.000, 09:32:29.366
136, 10.88, 0.00, 0.00, 3.89, 0.000, 0.000, 0.000, 09:32:29.366
137, 21.96, 0.00, 0.00, 15.40, 0.000, 0.000, 0.000, 09:32:29.366
138, 27.84, 0.00, 0.00, 19.05, 0.000, 0.000, 0.000, 09:32:29.366
139, 23.80, 0.00, 0.00, 14.39, 0.000, 0.000, 0.000, 09:32:29.384
140, 6.68, 0.00, 0.00, 5.92, 0.000, 0.000, 0.000, 09:32:29.384
141, 16.64, 0.00, 0.00, 12.75, 0.000, 0.000, 0.000, 09:32:29.398
142, 18.83, 0.00, 0.00, 25.24, 0.000, 0.000, 0.000, 09:32:29.398
143, 13.85, 0.00, 0.00, 15.94, 0.000, 0.000, 0.000, 09:32:29.398
144, 4.61, 0.00, 0.00, 6.31, 0.000, 0.000, 0.000, 09:32:29.398
145, 11.20, 0.00, 0.00, 12.07, 0.000, 0.000, 0.000, 09:32:29.412
146, 17.70, 0.00, 0.00, 25.05, 0.000, 0.000, 0.000, 09:32:29.412
147, 9.66, 0.00, 0.00, 16.18, 0.000, 0.000, 0.000, 09:32:29.427
148, 1.10, 0.00, 0.00, 4.52, 0.000, 0.000, 0.000, 09:32:29.427
149, 7.82, 0.00, 0.00, 12.10, 0.000, 0.000, 0.000, 09:32:29.428
150, 14.11, 0.00, 0.00, 25.69, 0.000, 0.000, 0.000, 09:32:29.428
151, -1.55, 0.00, 0.00, 15.80, 0.000, 0.000, 0.000, 09:32:29.441
152, -9.19, 0.00, 0.00, 3.56, 0.000, 0.000, 0.000, 09:32:29.441
153, -2.03, 0.00, 0.00, 14.34, 0.000, 0.000, 0.000, 09:32:29.456
154, 14.96, 0.00, 0.00, 22.36, 0.000, 0.000, 0.000, 09:32:29.456
155, 5.32, 0.00, 0.00, 13.53, 0.000, 0.000, 0.000, 09:32:29.457
156, -0.98, 0.00, 0.00, 5.62, 0.000, 0.000, 0.000, 09:32:29.457
157, 6.66, 0.00, 0.00, 10.64, 0.000, 0.000, 0.000, 09:32:29.471
158, 11.53, 0.00, 0.00, 19.90, 0.000, 0.000, 0.000, 09:32:29.471
159, 5.38, 0.00, 0.00, 9.87, 0.000, 0.000, 0.000, 09:32:29.486
160, 6.06, 0.00, 0.00, -1.07, 0.000, 0.000, 0.000, 09:32:29.486
161, 14.90, 0.00, 0.00, 12.53, 0.000, 0.000, 0.000, 09:32:29.486
162, 25.47, 0.00, 0.00, 20.56, 0.000, 0.000, 0.000, 09:32:29.486
163, 17.58, 0.00, 0.00, 14.17, 0.000, 0.000, 0.000, 09:32:29.501
164, 12.08, 0.00, 0.00, 5.21, 0.000, 0.000, 0.000, 09:32:29.501
165, 13.03, 0.00, 0.00, 14.08, 0.000, 0.000, 0.000, 09:32:29.516
166, 23.47, 0.00, 0.00, 20.09, 0.000, 0.000, 0.000, 09:32:29.516
167, 14.16, 0.00, 0.00, 16.93, 0.000, 0.000, 0.000, 09:32:29.516
168, 4.04, 0.00, 0.00, 4.00, 0.000, 0.000, 0.000, 09:32:29.517
169, 11.47, 0.00, 0.00, 13.70, 0.000, 0.000, 0.000, 09:32:29.533
170, 18.64, 0.00, 0.00, 23.42, 0.000, 0.000, 0.000, 09:32:29.533
171, 10.32, 0.00, 0.00, 11.80, 0.000, 0.000, 0.000, 09:32:29.547
172, 1.25, 0.00, 0.00, 3.22, 0.000, 0.000, 0.000, 09:32:29.548
173, 8.92, 0.00, 0.00, 13.47, 0.000, 0.000, 0.000, 09:32:29.548
174, 16.54, 0.00, 0.00, 21.62, 0.000, 0.000, 0.000, 09:32:29.548
175, 8.51, 0.00, 0.00, 11.89, 0.000, 0.000, 0.000, 09:32:29.562
176, 3.90, 0.00, 0.00, 5.39, 0.000, 0.000, 0.000, 09:32:29.562
177, 8.85, 0.00, 0.00, 11.88, 0.000, 0.000, 0.000, 09:32:29.578
178, 18.07, 0.00, 0.00, 24.41, 0.000, 0.000, 0.000, 09:32:29.578
179, 11.30, 0.00, 0.00, 15.18, 0.000, 0.000, 0.000, 09:32:29.579
180, -1.18, 0.00, 0.00, 4.92, 0.000, 0.000, 0.000, 09:32:29.579
181, 3.34, 0.00, 0.00, 14.16, 0.000, 0.000, 0.000, 09:32:29.591
182, 18.26, 0.00, 0.00, 22.03, 0.000, 0.000, 0.000, 09:32:29.591
183, 6.07, 0.00, 0.00, 11.53, 0.000, 0.000, 0.000, 09:32:29.606
184, -9.89, 0.00, 0.00, 4.86, 0.000, 0.000, 0.000, 09:32:29.606
185, -4.17, 0.00, 0.00, 10.13, 0.000, 0.000, 0.000, 09:32:29.606
186, 9.12, 0.00, 0.00, 22.81, 0.000, 0.000, 0.000, 09:32:29.606
187, 2.24, 0.00, 0.00, 15.68, 0.000, 0.000, 0.000, 09:32:29.621
188, -8.96, 0.00, 0.00, 5.57, 0.000, 0.000, 0.000, 09:32:29.621
189, 3.23, 0.00, 0.00, 13.13, 0.000, 0.000, 0.000, 09:32:29.636
190, 11.80, 0.00, 0.00, 18.91, 0.000, 0.000, 0.000, 09:32:29.636
191, 4.44, 0.00, 0.00, 18.03, 0.000, 0.000, 0.000, 09:32:29.636
192, -1.73, 0.00, 0.00, 1.22, 0.000, 0.000, 0.000, 09:32:29.636
193, -2.82, 0.00, 0.00, 6.99, 0.000, 0.000, 0.000, 09:32:29.651
194, 11.69, 0.00, 0.00, 22.17, 0.000, 0.000, 0.000, 09:32:29.651
195, 3.73, 0.00, 0.00, 15.77, 0.000, 0.000, 0.000, 09:32:29.666
196, -3.03, 0.00, 0.00, 2.27, 0.000, 0.000, 0.000, 09:32:29.666
197, 1.76, 0.00, 0.00, 13.77, 0.000, 0.000, 0.000, 09:32:29.666
198, 14.32, 0.00, 0.00, 19.78, 0.000, 0.000, 0.000, 09:32:29.666
199, 5.78, 0.00, 0.00, 17.34, 0.000, 0.000, 0.000, 09:32:29.684
200, 1.17, 0.00, 0.00, 5.77, 0.000, 0.000, 0.000, 09:32:29.684
0, 4.15, 0.00, 0.00, 13.27, 0.000, 0.000, 0.000, 09:32:29.685
1, 12.93, 0.00, 0.00, 23.88, 0.000, 0.000, 0.000, 09:32:29.698
2, 5.59, 0.00, 0.00, 16.79, 0.000, 0.000, 0.000, 09:32:29.698
3, 0.10, 0.00, 0.00, 3.93, 0.000, 0.000, 0.000, 09:32:29.712
4, 7.15, 0.00, 0.00, 6.36, 0.000, 0.000, 0.000, 09:32:29.712
5, 12.65, 0.00, 0.00, 18.75, 0.000, 0.000, 0.000, 09:32:29.726
6, 9.10, 0.00, 0.00, 14.13, 0.000, 0.000, 0.000, 09:32:29.727
7, 0.74, 0.00, 0.00, 2.42, 0.000, 0.000, 0.000, 09:32:29.741
8, 8.29, 0.00, 0.00, 7.39, 0.000, 0.000, 0.000, 09:32:29.741
9, 13.02, 0.00, 0.00, 19.53, 0.000, 0.000, 0.000, 09:32:29.742
10, 10.53, 0.00, 0.00, 18.68, 0.000, 0.000, 0.000, 09:32:29.742
11, 5.70, 0.00, 0.00, 8.32, 0.000, 0.000, 0.000, 09:32:29.742
12, 11.57, 0.00, 0.00, 15.65, 0.000, 0.000, 0.000, 09:32:29.743
13, 13.17, 0.00, 0.00, 26.24, 0.000, 0.000, 0.000, 09:32:29.756
14, 8.04, 0.00, 0.00, 18.00, 0.000, 0.000, 0.000, 09:32:29.756
15, 0.14, 0.00, 0.00, 6.84, 0.000, 0.000, 0.000, 09:32:29.771
16, 4.37, 0.00, 0.00, 13.88, 0.000, 0.000, 0.000, 09:32:29.771
17, 17.75, 0.00, 0.00, 22.45, 0.000, 0.000, 0.000, 09:32:29.772
18, 9.39, 0.00, 0.00, 17.11, 0.000, 0.000, 0.000, 09:32:29.772
19, 3.84, 0.00, 0.00, 3.33, 0.000, 0.000, 0.000, 09:32:29.786
20, 3.18, 0.00, 0.00, 12.07, 0.000, 0.000, 0.000, 09:32:29.786
21, 14.65, 0.00, 0.00, 25.36, 0.000, 0.000, 0.000, 09:32:29.801
22, 7.34, 0.00, 0.00, 19.75, 0.000, 0.000, 0.000, 09:32:29.801
23, 0.33, 0.00, 0.00, 5.30, 0.000, 0.000, 0.000, 09:32:29.801
24, 8.54, 0.00, 0.00, 13.07, 0.000, 0.000, 0.000, 09:32:29.801
25, 16.18, 0.00, 0.00, 23.20, 0.000, 0.000, 0.000, 09:32:29.816
26, 12.18, 0.00, 0.00, 12.32, 0.000, 0.000, 0.000, 09:32:29.816
27, 1.49, 0.00, 0.00, 0.27, 0.000, 0.000, 0.000, 09:32:29.834
28, 7.01, 0.00, 0.00, 7.40, 0.000, 0.000, 0.000, 09:32:29.834
29, 11.27, 0.00, 0.00, 17.89, 0.000, 0.000, 0.000, 09:32:29.835
30, 13.34, 0.00, 0.00, 11.56, 0.000, 0.000, 0.000, 09:32:29.835
31, 1.75, 0.00, 0.00, 2.07, 0.000, 0.000, 0.000, 09:32:29.846
32, 6.52, 0.00, 0.00, 8.31, 0.000, 0.000, 0.000, 09:32:29.847
33, 19.19, 0.00, 0.00, 25.03, 0.000, 0.000, 0.000, 09:32:29.862
34, 10.63, 0.00, 0.00, 13.04, 0.000, 0.000, 0.000, 09:32:29.862
35, 2.30, 0.00, 0.00, 3.93, 0.000, 0.000, 0.000, 09:32:29.863
36, 7.72, 0.00, 0.00, 11.47, 0.000, 0.000, 0.000, 09:32:29.863
37, 12.38, 0.00, 0.00, 22.50, 0.000, 0.000, 0.000, 09:32:29.878
38, 9.44, 0.00, 0.00, 15.72, 0.000, 0.000, 0.000, 09:32:29.878
39, 2.96, 0.00, 0.00, 5.19, 0.000, 0.000, 0.000, 09:32:29.891
40, 9.00, 0.00, 0.00, 7.18, 0.000, 0.000, 0.000, 09:32:29.891
41, 14.20, 0.00, 0.00, 20.00, 0.000, 0.000, 0.000, 09:32:29.898
42, 13.80, 0.00, 0.00, 15.06, 0.000, 0.000, 0.000, 09:32:29.898
43, 3.86, 0.00, 0.00, 3.62, 0.000, 0.000, 0.000, 09:32:29.906
44, 7.27, 0.00, 0.00, 8.14, 0.000, 0.000, 0.000, 09:32:29.906
45, 19.25, 0.00, 0.00, 21.78, 0.000, 0.000, 0.000, 09:32:29.921
46, 15.08, 0.00, 0.00, 17.79, 0.000, 0.000, 0.000, 09:32:29.921
47, 1.83, 0.00, 0.00, 5.97, 0.000, 0.000, 0.000, 09:32:29.921
48, 7.21, 0.00, 0.00, 11.59, 0.000, 0.000, 0.000, 09:32:29.921
49, 18.50, 0.00, 0.00, 20.02, 0.000, 0.000, 0.000, 09:32:29.936
50, 17.14, 0.00, 0.00, 16.86, 0.000, 0.000, 0.000, 09:32:29.936
