%No., CH1, CH2, CH3, CH4, Accel X, Accel Y, Accel Z, 2017-05-31_09-45-28
0, 27.54, 0.00, 32.28, 32.02, 0.000, 0.000, 0.000, 09:45:31.254
1, 2.50, 0.00, 5.77, 6.15, 0.000, 0.000, 0.000, 09:45:31.270
2, -1.80, 0.00, -0.80, -1.15, 0.000, 0.000, 0.000, 09:45:31.273
3, 26.69, 0.00, 28.06, 33.30, 0.000, 0.000, 0.000, 09:45:31.279
4, 23.41, 0.00, 34.48, 35.83, 0.000, 0.000, 0.000, 09:45:31.281
5, -2.28, 0.00, 0.76, 4.30, 0.000, 0.000, 0.000, 09:45:31.281
6, -3.15, 0.00, -4.52, 0.05, 0.000, 0.000, 0.000, 09:45:31.283
7, 25.57, 0.00, 29.63, 29.64, 0.000, 0.000, 0.000, 09:45:31.295
8, 25.44, 0.00, 32.76, 34.49, 0.000, 0.000, 0.000, 09:45:31.296
9, 0.20, 0.00, 1.30, 5.30, 0.000, 0.000, 0.000, 09:45:31.309
10, -7.67, 0.00, -5.70, -0.45, 0.000, 0.000, 0.000, 09:45:31.310
11, 27.19, 0.00, 31.70, 32.34, 0.000, 0.000, 0.000, 09:45:31.311
12, 31.07, 0.00, 31.93, 35.02, 0.000, 0.000, 0.000, 09:45:31.311
13, 0.28, 0.00, 4.61, 3.78, 0.000, 0.000, 0.000, 09:45:31.324
14, -4.51, 0.00, -3.26, -2.03, 0.000, 0.000, 0.000, 09:45:31.324
15, 23.62, 0.00, 29.35, 27.49, 0.000, 0.000, 0.000, 09:45:31.339
16, 26.99, 0.00, 31.33, 34.83, 0.000, 0.000, 0.000, 09:45:31.340
17, -1.73, 0.00, 2.50, 6.90, 0.000, 0.000, 0.000, 09:45:31.340
18, -4.04, 0.00, -2.39, -1.70, 0.000, 0.000, 0.000, 09:45:31.341
19, 22.91, 0.00, 29.89, 31.27, 0.000, 0.000, 0.000, 09:45:31.354
20, 24.14, 0.00, 29.20, 36.88, 0.000, 0.000, 0.000, 09:45:31.354
21, -2.68, 0.00, -4.32, 3.60, 0.000, 0.000, 0.000, 09:45:31.377
22, -5.15, 0.00, -5.50, -3.15, 0.000, 0.000, 0.000, 09:45:31.377
23, 26.14, 0.00, 23.20, 29.93, 0.000, 0.000, 0.000, 09:45:31.378
24, 30.96, 0.00, 28.67, 37.13, 0.000, 0.000, 0.000, 09:45:31.378
25, 1.78, 0.00, 0.95, 5.94, 0.000, 0.000, 0.000, 09:45:31.384
26, -1.60, 0.00, -0.72, 3.73, 0.000, 0.000, 0.000, 09:45:31.384
27, 24.57, 0.00, 34.98, 32.08, 0.000, 0.000, 0.000, 09:45:31.400
28, 30.06, 0.00, 38.73, 35.13, 0.000, 0.000, 0.000, 09:45:31.400
29, 1.14, 0.00, 1.57, 5.57, 0.000, 0.000, 0.000, 09:45:31.401
30, -7.00, 0.00, -6.13, 0.33, 0.000, 0.000, 0.000, 09:45:31.401
31, 25.95, 0.00, 31.61, 31.87, 0.000, 0.000, 0.000, 09:45:31.413
32, 28.50, 0.00, 35.56, 38.33, 0.000, 0.000, 0.000, 09:45:31.414
33, -0.79, 0.00, -0.36, 3.62, 0.000, 0.000, 0.000, 09:45:31.429
34, -1.50, 0.00, -4.61, -1.55, 0.000, 0.000, 0.000, 09:45:31.429
35, 23.47, 0.00, 28.22, 32.81, 0.000, 0.000, 0.000, 09:45:31.430
36, 32.38, 0.00, 32.05, 39.01, 0.000, 0.000, 0.000, 09:45:31.430
37, 1.52, 0.00, -4.76, 6.42, 0.000, 0.000, 0.000, 09:45:31.444
38, -7.17, 0.00, -8.77, -4.95, 0.000, 0.000, 0.000, 09:45:31.444
39, 24.77, 0.00, 26.23, 34.87, 0.000, 0.000, 0.000, 09:45:31.459
40, 32.97, 0.00, 35.53, 36.88, 0.000, 0.000, 0.000, 09:45:31.459
41, 0.24, 0.00, 2.59, 3.69, 0.000, 0.000, 0.000, 09:45:31.460
42, -9.16, 0.00, -10.78, -4.86, 0.000, 0.000, 0.000, 09:45:31.460
43, 22.30, 0.00, 30.15, 31.23, 0.000, 0.000, 0.000, 09:45:31.474
44, 27.71, 0.00, 37.50, 36.84, 0.000, 0.000, 0.000, 09:45:31.475
45, -2.35, 0.00, 3.45, 4.29, 0.000, 0.000, 0.000, 09:45:31.492
46, -9.54, 0.00, -5.18, -2.70, 0.000, 0.000, 0.000, 09:45:31.493
47, 22.65, 0.00, 26.98, 29.40, 0.000, 0.000, 0.000, 09:45:31.497
48, 28.10, 0.00, 34.22, 37.83, 0.000, 0.000, 0.000, 09:45:31.497
49, 2.79, 0.00, -6.18, 6.08, 0.000, 0.000, 0.000, 09:45:31.505
50, -2.88, 0.00, -5.14, 0.88, 0.000, 0.000, 0.000, 09:45:31.507
51, 23.49, 0.00, 32.17, 29.28, 0.000, 0.000, 0.000, 09:45:31.520
52, 27.05, 0.00, 42.10, 33.10, 0.000, 0.000, 0.000, 09:45:31.521
53, 0.61, 0.00, -3.79, 5.91, 0.000, 0.000, 0.000, 09:45:31.521
54, -3.58, 0.00, -3.82, -3.10, 0.000, 0.000, 0.000, 09:45:31.522
55, 23.47, 0.00, 29.65, 26.63, 0.000, 0.000, 0.000, 09:45:31.533
56, 29.91, 0.00, 26.79, 37.16, 0.000, 0.000, 0.000, 09:45:31.534
57, 1.10, 0.00, 7.84, 4.85, 0.000, 0.000, 0.000, 09:45:31.549
58, -2.83, 0.00, -6.84, -1.36, 0.000, 0.000, 0.000, 09:45:31.549
59, 22.95, 0.00, 33.13, 29.88, 0.000, 0.000, 0.000, 09:45:31.550
60, 30.66, 0.00, 31.78, 31.65, 0.000, 0.000, 0.000, 09:45:31.550
61, 0.00, 0.00, 0.19, 9.00, 0.000, 0.000, 0.000, 09:45:31.564
62, -8.87, 0.00, 3.57, -3.01, 0.000, 0.000, 0.000, 09:45:31.564
63, 22.48, 0.00, 29.74, 27.29, 0.000, 0.000, 0.000, 09:45:31.578
64, 28.67, 0.00, 35.42, 40.42, 0.000, 0.000, 0.000, 09:45:31.579
65, -2.40, 0.00, -3.95, 2.82, 0.000, 0.000, 0.000, 09:45:31.579
66, -7.85, 0.00, -3.24, -1.09, 0.000, 0.000, 0.000, 09:45:31.580
67, 25.44, 0.00, 20.92, 28.22, 0.000, 0.000, 0.000, 09:45:31.593
68, 31.12, 0.00, 36.68, 40.98, 0.000, 0.000, 0.000, 09:45:31.594
69, 4.93, 0.00, -0.38, 1.72, 0.000, 0.000, 0.000, 09:45:31.609
70, -4.94, 0.00, -7.32, -2.16, 0.000, 0.000, 0.000, 09:45:31.609
71, 24.77, 0.00, 31.55, 30.11, 0.000, 0.000, 0.000, 09:45:31.610
72, 30.84, 0.00, 32.48, 37.60, 0.000, 0.000, 0.000, 09:45:31.610
73, -2.41, 0.00, -4.07, 3.70, 0.000, 0.000, 0.000, 09:45:31.626
74, -7.00, 0.00, -10.70, -9.01, 0.000, 0.000, 0.000, 09:45:31.626
75, 23.09, 0.00, 28.04, 30.45, 0.000, 0.000, 0.000, 09:45:31.641
76, 26.30, 0.00, 37.34, 36.92, 0.000, 0.000, 0.000, 09:45:31.642
77, 0.36, 0.00, -3.06, 5.51, 0.000, 0.000, 0.000, 09:45:31.642
78, -3.67, 0.00, -3.78, -4.45, 0.000, 0.000, 0.000, 09:45:31.642
79, 22.85, 0.00, 31.55, 27.15, 0.000, 0.000, 0.000, 09:45:31.654
80, 27.58, 0.00, 30.72, 36.63, 0.000, 0.000, 0.000, 09:45:31.655
81, -0.53, 0.00, 3.02, 7.10, 0.000, 0.000, 0.000, 09:45:31.670
82, -3.54, 0.00, -4.20, -6.06, 0.000, 0.000, 0.000, 09:45:31.670
83, 24.56, 0.00, 26.56, 29.41, 0.000, 0.000, 0.000, 09:45:31.671
84, 28.68, 0.00, 34.25, 39.63, 0.000, 0.000, 0.000, 09:45:31.671
85, 2.94, 0.00, 4.59, 3.55, 0.000, 0.000, 0.000, 09:45:31.683
86, -6.01, 0.00, -0.18, 0.57, 0.000, 0.000, 0.000, 09:45:31.685
87, 22.06, 0.00, 28.65, 30.49, 0.000, 0.000, 0.000, 09:45:31.698
88, 29.78, 0.00, 39.44, 41.25, 0.000, 0.000, 0.000, 09:45:31.699
89, -3.61, 0.00, -2.53, 4.36, 0.000, 0.000, 0.000, 09:45:31.699
90, -6.24, 0.00, -9.73, -2.17, 0.000, 0.000, 0.000, 09:45:31.699
91, 19.12, 0.00, 24.10, 26.46, 0.000, 0.000, 0.000, 09:45:31.713
92, 25.75, 0.00, 36.30, 32.00, 0.000, 0.000, 0.000, 09:45:31.714
93, -1.66, 0.00, 0.83, 4.64, 0.000, 0.000, 0.000, 09:45:31.728
94, -4.30, 0.00, -3.65, 0.28, 0.000, 0.000, 0.000, 09:45:31.729
95, 22.46, 0.00, 26.80, 29.12, 0.000, 0.000, 0.000, 09:45:31.729
96, 29.22, 0.00, 33.46, 43.62, 0.000, 0.000, 0.000, 09:45:31.729
97, 2.31, 0.00, -1.32, 2.95, 0.000, 0.000, 0.000, 09:45:31.743
98, -6.38, 0.00, 0.45, -1.48, 0.000, 0.000, 0.000, 09:45:31.744
99, 23.60, 0.00, 23.97, 28.40, 0.000, 0.000, 0.000, 09:45:31.760
100, 32.24, 0.00, 37.01, 43.04, 0.000, 0.000, 0.000, 09:45:31.760
101, 7.00, 0.00, 1.80, 7.38, 0.000, 0.000, 0.000, 09:45:31.760
102, -4.42, 0.00, -0.99, -2.15, 0.000, 0.000, 0.000, 09:45:31.760
103, 23.83, 0.00, 23.49, 26.57, 0.000, 0.000, 0.000, 09:45:31.776
104, 28.16, 0.00, 37.12, 39.39, 0.000, 0.000, 0.000, 09:45:31.776
105, 1.41, 0.00, 3.61, 7.95, 0.000, 0.000, 0.000, 09:45:31.789
106, -3.72, 0.00, -1.53, -0.70, 0.000, 0.000, 0.000, 09:45:31.791
107, 22.10, 0.00, 18.29, 27.94, 0.000, 0.000, 0.000, 09:45:31.792
108, 25.94, 0.00, 38.41, 38.29, 0.000, 0.000, 0.000, 09:45:31.793
109, 1.09, 0.00, 4.73, 6.85, 0.000, 0.000, 0.000, 09:45:31.803
110, -6.10, 0.00, -15.05, -3.30, 0.000, 0.000, 0.000, 09:45:31.804
111, 19.21, 0.00, 32.57, 28.23, 0.000, 0.000, 0.000, 09:45:31.819
112, 27.77, 0.00, 39.28, 33.49, 0.000, 0.000, 0.000, 09:45:31.820
113, 0.47, 0.00, 13.23, 11.87, 0.000, 0.000, 0.000, 09:45:31.820
114, -6.38, 0.00, -6.60, -1.83, 0.000, 0.000, 0.000, 09:45:31.821
115, 23.32, 0.00, 28.66, 32.27, 0.000, 0.000, 0.000, 09:45:31.834
116, 31.52, 0.00, 32.01, 36.81, 0.000, 0.000, 0.000, 09:45:31.834
117, 0.56, 0.00, -0.20, 4.22, 0.000, 0.000, 0.000, 09:45:31.853
118, -5.31, 0.00, -17.58, -2.78, 0.000, 0.000, 0.000, 09:45:31.854
119, 24.06, 0.00, 26.99, 26.12, 0.000, 0.000, 0.000, 09:45:31.854
120, 28.29, 0.00, 33.79, 36.33, 0.000, 0.000, 0.000, 09:45:31.855
121, 1.13, 0.00, 2.86, 3.93, 0.000, 0.000, 0.000, 09:45:32.156
122, -9.04, 0.00, -4.86, -1.10, 0.000, 0.000, 0.000, 09:45:32.157
123, 24.50, 0.00, 26.56, 27.43, 0.000, 0.000, 0.000, 09:45:32.158
124, 31.39, 0.00, 22.58, 37.79, 0.000, 0.000, 0.000, 09:45:32.159
125, 4.59, 0.00, -5.00, 9.06, 0.000, 0.000, 0.000, 09:45:32.160
126, -2.82, 0.00, -0.69, -3.98, 0.000, 0.000, 0.000, 09:45:32.161
127, 22.47, 0.00, 35.10, 25.53, 0.000, 0.000, 0.000, 09:45:32.161
128, 28.94, 0.00, 35.64, 41.20, 0.000, 0.000, 0.000, 09:45:32.162
129, -0.47, 0.00, 15.47, 7.25, 0.000, 0.000, 0.000, 09:45:32.162
130, -6.14, 0.00, 1.31, -4.81, 0.000, 0.000, 0.000, 09:45:32.162
131, 25.78, 0.00, 26.46, 29.14, 0.000, 0.000, 0.000, 09:45:32.162
132, 27.11, 0.00, 39.13, 36.24, 0.000, 0.000, 0.000, 09:45:32.162
133, 1.35, 0.00, 0.54, 7.52, 0.000, 0.000, 0.000, 09:45:32.163
134, -6.88, 0.00, -6.28, -1.56, 0.000, 0.000, 0.000, 09:45:32.163
135, 24.97, 0.00, 35.31, 26.92, 0.000, 0.000, 0.000, 09:45:32.163
136, 32.16, 0.00, 38.56, 36.54, 0.000, 0.000, 0.000, 09:45:32.163
137, 3.51, 0.00, 0.93, 6.52, 0.000, 0.000, 0.000, 09:45:32.163
138, -6.64, 0.00, -5.51, -4.38, 0.000, 0.000, 0.000, 09:45:32.163
139, 22.27, 0.00, 18.73, 28.58, 0.000, 0.000, 0.000, 09:45:32.163
140, 26.13, 0.00, 38.65, 37.86, 0.000, 0.000, 0.000, 09:45:32.164
141, -1.19, 0.00, -4.47, 7.27, 0.000, 0.000, 0.000, 09:45:32.164
142, -6.63, 0.00, -7.84, -4.92, 0.000, 0.000, 0.000, 09:45:32.164
143, 22.86, 0.00, 19.77, 24.29, 0.000, 0.000, 0.000, 09:45:32.165
144, 28.73, 0.00, 26.26, 35.00, 0.000, 0.000, 0.000, 09:45:32.165
145, 2.15, 0.00, 3.02, 9.64, 0.000, 0.000, 0.000, 09:45:32.165
146, -4.51, 0.00, -3.78, -4.40, 0.000, 0.000, 0.000, 09:45:32.165
147, 22.61, 0.00, 20.00, 23.59, 0.000, 0.000, 0.000, 09:45:32.166
148, 31.27, 0.00, 29.26, 38.34, 0.000, 0.000, 0.000, 09:45:32.166
149, 5.82, 0.00, 0.57, 9.55, 0.000, 0.000, 0.000, 09:45:32.166
150, -6.36, 0.00, -6.15, -1.39, 0.000, 0.000, 0.000, 09:45:32.168
151, 18.82, 0.00, 41.00, 27.09, 0.000, 0.000, 0.000, 09:45:32.170
152, 29.59, 0.00, 40.53, 39.36, 0.000, 0.000, 0.000, 09:45:32.170
153, 1.79, 0.00, 3.20, 6.35, 0.000, 0.000, 0.000, 09:45:32.171
154, -3.35, 0.00, -2.21, 1.21, 0.000, 0.000, 0.000, 09:45:32.171
155, 24.08, 0.00, 27.61, 31.53, 0.000, 0.000, 0.000, 09:45:32.172
156, 27.03, 0.00, 31.48, 38.27, 0.000, 0.000, 0.000, 09:45:32.174
157, 0.44, 0.00, 4.20, 9.64, 0.000, 0.000, 0.000, 09:45:32.176
158, -9.81, 0.00, -13.79, -3.95, 0.000, 0.000, 0.000, 09:45:32.176
159, 23.15, 0.00, 28.28, 27.75, 0.000, 0.000, 0.000, 09:45:32.177
160, 32.91, 0.00, 33.21, 39.76, 0.000, 0.000, 0.000, 09:45:32.177
161, 0.56, 0.00, 8.34, 6.39, 0.000, 0.000, 0.000, 09:45:32.177
162, -4.84, 0.00, -6.81, -5.04, 0.000, 0.000, 0.000, 09:45:32.178
163, 21.41, 0.00, 24.54, 29.28, 0.000, 0.000, 0.000, 09:45:32.178
164, 30.94, 0.00, 32.53, 39.01, 0.000, 0.000, 0.000, 09:45:32.178
165, 3.10, 0.00, 4.94, 5.38, 0.000, 0.000, 0.000, 09:45:32.178
166, -8.58, 0.00, -7.57, -0.24, 0.000, 0.000, 0.000, 09:45:32.179
167, 25.95, 0.00, 32.15, 28.35, 0.000, 0.000, 0.000, 09:45:32.179
168, 32.69, 0.00, 32.88, 39.92, 0.000, 0.000, 0.000, 09:45:32.179
169, 0.90, 0.00, 3.72, 7.20, 0.000, 0.000, 0.000, 09:45:32.179
170, 0.11, 0.00, -5.22, -1.03, 0.000, 0.000, 0.000, 09:45:32.179
171, 20.74, 0.00, 28.34, 28.21, 0.000, 0.000, 0.000, 09:45:32.181
172, 30.55, 0.00, 37.17, 42.17, 0.000, 0.000, 0.000, 09:45:32.181
173, 0.80, 0.00, -1.60, 5.95, 0.000, 0.000, 0.000, 09:45:32.181
174, -5.13, 0.00, -6.04, -5.78, 0.000, 0.000, 0.000, 09:45:32.181
175, 22.80, 0.00, 29.06, 23.69, 0.000, 0.000, 0.000, 09:45:32.182
176, 30.68, 0.00, 36.97, 40.95, 0.000, 0.000, 0.000, 09:45:32.182
177, 4.97, 0.00, -5.63, 8.47, 0.000, 0.000, 0.000, 09:45:32.182
178, -9.08, 0.00, -6.32, -6.50, 0.000, 0.000, 0.000, 09:45:32.182
179, 22.35, 0.00, 28.80, 21.33, 0.000, 0.000, 0.000, 09:45:32.184
180, 27.77, 0.00, 34.00, 36.59, 0.000, 0.000, 0.000, 09:45:32.185
181, 1.10, 0.00, 4.94, 7.62, 0.000, 0.000, 0.000, 09:45:32.189
182, -8.00, 0.00, 0.76, -4.86, 0.000, 0.000, 0.000, 09:45:32.190
183, 19.53, 0.00, 21.35, 27.74, 0.000, 0.000, 0.000, 09:45:32.194
184, 32.56, 0.00, 49.98, 44.59, 0.000, 0.000, 0.000, 09:45:32.194
185, 3.34, 0.00, 4.58, 8.54, 0.000, 0.000, 0.000, 09:45:32.194
186, -4.32, 0.00, -8.68, -2.57, 0.000, 0.000, 0.000, 09:45:32.195
187, 22.55, 0.00, 28.04, 29.35, 0.000, 0.000, 0.000, 09:45:32.195
188, 29.40, 0.00, 36.06, 42.27, 0.000, 0.000, 0.000, 09:45:32.195
189, 2.61, 0.00, 4.80, 6.95, 0.000, 0.000, 0.000, 09:45:32.210
190, -6.58, 0.00, -3.08, -6.56, 0.000, 0.000, 0.000, 09:45:32.210
191, 26.09, 0.00, 20.34, 26.82, 0.000, 0.000, 0.000, 09:45:32.211
192, 33.11, 0.00, 32.69, 39.75, 0.000, 0.000, 0.000, 09:45:32.211
193, 2.05, 0.00, 5.47, 8.37, 0.000, 0.000, 0.000, 09:45:32.226
194, -4.35, 0.00, -5.00, -0.16, 0.000, 0.000, 0.000, 09:45:32.226
195, 21.41, 0.00, 25.90, 27.49, 0.000, 0.000, 0.000, 09:45:32.254
196, 27.76, 0.00, 36.05, 42.00, 0.000, 0.000, 0.000, 09:45:32.254
197, 2.46, 0.00, 2.88, 2.47, 0.000, 0.000, 0.000, 09:45:32.255
198, -8.95, 0.00, -2.56, -8.10, 0.000, 0.000, 0.000, 09:45:32.255
199, 20.37, 0.00, 27.18, 27.94, 0.000, 0.000, 0.000, 09:45:32.256
200, 31.98, 0.00, 37.53, 41.11, 0.000, 0.000, 0.000, 09:45:32.256
0, 4.28, 0.00, -2.31, 10.51, 0.000, 0.000, 0.000, 09:45:32.259
1, -5.30, 0.00, -8.69, -5.06, 0.000, 0.000, 0.000, 09:45:32.269
2, 19.12, 0.00, 18.70, 29.36, 0.000, 0.000, 0.000, 09:45:32.270
3, 29.32, 0.00, 36.54, 40.82, 0.000, 0.000, 0.000, 09:45:32.283
4, 2.02, 0.00, 3.56, 4.56, 0.000, 0.000, 0.000, 09:45:32.283
5, -7.34, 0.00, -8.41, -6.98, 0.000, 0.000, 0.000, 09:45:32.284
6, 16.87, 0.00, 28.31, 26.56, 0.000, 0.000, 0.000, 09:45:32.284
7, 28.58, 0.00, 32.55, 41.19, 0.000, 0.000, 0.000, 09:45:32.298
8, 3.81, 0.00, 4.88, 6.37, 0.000, 0.000, 0.000, 09:45:32.299
9, -5.58, 0.00, -11.35, -1.54, 0.000, 0.000, 0.000, 09:45:32.313
10, 21.40, 0.00, 29.80, 25.62, 0.000, 0.000, 0.000, 09:45:32.313
11, 29.50, 0.00, 40.56, 40.08, 0.000, 0.000, 0.000, 09:45:32.314
12, 0.56, 0.00, 4.34, 4.51, 0.000, 0.000, 0.000, 09:45:32.314
13, -6.50, 0.00, -9.14, -1.75, 0.000, 0.000, 0.000, 09:45:32.328
14, 20.64, 0.00, 20.84, 22.84, 0.000, 0.000, 0.000, 09:45:32.329
15, 33.49, 0.00, 38.72, 41.13, 0.000, 0.000, 0.000, 09:45:32.344
16, 1.75, 0.00, 10.76, 7.35, 0.000, 0.000, 0.000, 09:45:32.345
17, -5.72, 0.00, -7.23, -1.21, 0.000, 0.000, 0.000, 09:45:32.345
18, 18.90, 0.00, 21.59, 25.19, 0.000, 0.000, 0.000, 09:45:32.345
19, 30.60, 0.00, 30.51, 42.32, 0.000, 0.000, 0.000, 09:45:32.358
20, 0.70, 0.00, 5.87, 4.39, 0.000, 0.000, 0.000, 09:45:32.358
21, -7.04, 0.00, -17.12, -3.21, 0.000, 0.000, 0.000, 09:45:32.373
22, 18.71, 0.00, 28.96, 27.16, 0.000, 0.000, 0.000, 09:45:32.373
23, 31.49, 0.00, 29.39, 37.87, 0.000, 0.000, 0.000, 09:45:32.374
24, 4.31, 0.00, 5.87, 12.17, 0.000, 0.000, 0.000, 09:45:32.375
25, -6.50, 0.00, -6.77, -6.10, 0.000, 0.000, 0.000, 09:45:32.388
26, 20.71, 0.00, 27.29, 27.87, 0.000, 0.000, 0.000, 09:45:32.389
27, 32.09, 0.00, 40.62, 43.09, 0.000, 0.000, 0.000, 09:45:32.403
28, 3.89, 0.00, 2.74, 12.76, 0.000, 0.000, 0.000, 09:45:32.403
29, -6.06, 0.00, -2.49, -6.93, 0.000, 0.000, 0.000, 09:45:32.403
30, 19.35, 0.00, 30.79, 23.99, 0.000, 0.000, 0.000, 09:45:32.403
31, 31.49, 0.00, 43.85, 39.74, 0.000, 0.000, 0.000, 09:45:32.418
32, -0.88, 0.00, 2.56, 5.30, 0.000, 0.000, 0.000, 09:45:32.419
33, -8.12, 0.00, -15.74, -2.38, 0.000, 0.000, 0.000, 09:45:32.433
34, 17.14, 0.00, 22.94, 25.83, 0.000, 0.000, 0.000, 09:45:32.435
35, 28.29, 0.00, 37.12, 38.51, 0.000, 0.000, 0.000, 09:45:32.436
36, 5.24, 0.00, 6.62, 9.15, 0.000, 0.000, 0.000, 09:45:32.436
37, -4.02, 0.00, -2.23, -5.94, 0.000, 0.000, 0.000, 09:45:32.448
38, 18.10, 0.00, 27.08, 23.10, 0.000, 0.000, 0.000, 09:45:32.448
39, 33.32, 0.00, 36.94, 41.30, 0.000, 0.000, 0.000, 09:45:32.463
40, -0.23, 0.00, 6.75, 12.06, 0.000, 0.000, 0.000, 09:45:32.463
41, -7.07, 0.00, -12.31, -1.25, 0.000, 0.000, 0.000, 09:45:32.463
42, 20.46, 0.00, 25.66, 24.48, 0.000, 0.000, 0.000, 09:45:32.464
43, 30.00, 0.00, 42.06, 37.34, 0.000, 0.000, 0.000, 09:45:32.478
44, 4.39, 0.00, 3.93, 9.16, 0.000, 0.000, 0.000, 09:45:32.478
45, -2.94, 0.00, -11.91, 0.47, 0.000, 0.000, 0.000, 09:45:32.494
46, 21.08, 0.00, 23.83, 25.31, 0.000, 0.000, 0.000, 09:45:32.494
47, 31.73, 0.00, 39.22, 45.02, 0.000, 0.000, 0.000, 09:45:32.494
48, 3.40, 0.00, 13.23, 9.92, 0.000, 0.000, 0.000, 09:45:32.494
49, -7.42, 0.00, -12.40, -2.43, 0.000, 0.000, 0.000, 09:45:32.510
50, 17.98, 0.00, 23.00, 22.79, 0.000, 0.000, 0.000, 09:45:32.510
51, 32.23, 0.00, 37.33, 40.15, 0.000, 0.000, 0.000, 09:45:32.526
52, 0.46, 0.00, -1.76, 5.39, 0.000, 0.000, 0.000, 09:45:32.526
53, -11.83, 0.00, -10.25, -6.90, 0.000, 0.000, 0.000, 09:45:32.526
54, 17.58, 0.00, 25.09, 24.11, 0.000, 0.000, 0.000, 09:45:32.526
55, 32.67, 0.00, 45.25, 39.83, 0.000, 0.000, 0.000, 09:45:32.539
56, 8.03, 0.00, 13.89, 8.51, 0.000, 0.000, 0.000, 09:45:32.540
57, -4.83, 0.00, -10.79, -6.93, 0.000, 0.000, 0.000, 09:45:32.553
58, 21.40, 0.00, 29.84, 23.54, 0.000, 0.000, 0.000, 09:45:32.553
59, 33.79, 0.00, 32.05, 42.80, 0.000, 0.000, 0.000, 09:45:32.554
60, 1.10, 0.00, -0.61, 13.70, 0.000, 0.000, 0.000, 09:45:32.555
61, -12.45, 0.00, -9.94, -8.87, 0.000, 0.000, 0.000, 09:45:32.568
62, 17.71, 0.00, 24.48, 22.52, 0.000, 0.000, 0.000, 09:45:32.569
63, 30.24, 0.00, 40.55, 40.26, 0.000, 0.000, 0.000, 09:45:32.583
64, 2.08, 0.00, 10.95, 6.25, 0.000, 0.000, 0.000, 09:45:32.583
65, -6.58, 0.00, -6.60, -2.96, 0.000, 0.000, 0.000, 09:45:32.586
66, 21.90, 0.00, 20.36, 25.90, 0.000, 0.000, 0.000, 09:45:32.587
67, 33.47, 0.00, 39.35, 40.66, 0.000, 0.000, 0.000, 09:45:32.598
68, 5.15, 0.00, -1.44, 10.18, 0.000, 0.000, 0.000, 09:45:32.599
69, -7.08, 0.00, -3.06, -5.97, 0.000, 0.000, 0.000, 09:45:32.613
70, 19.00, 0.00, 16.89, 21.39, 0.000, 0.000, 0.000, 09:45:32.613
71, 33.83, 0.00, 44.73, 43.62, 0.000, 0.000, 0.000, 09:45:32.615
72, 5.33, 0.00, 4.93, 13.14, 0.000, 0.000, 0.000, 09:45:32.615
73, -9.18, 0.00, -18.53, -7.39, 0.000, 0.000, 0.000, 09:45:32.628
74, 13.53, 0.00, 23.50, 22.27, 0.000, 0.000, 0.000, 09:45:32.628
75, 36.16, 0.00, 37.58, 42.98, 0.000, 0.000, 0.000, 09:45:32.644
76, 5.53, 0.00, 8.90, 9.37, 0.000, 0.000, 0.000, 09:45:32.644
77, -8.70, 0.00, -10.30, -5.71, 0.000, 0.000, 0.000, 09:45:32.645
78, 19.68, 0.00, 16.93, 19.23, 0.000, 0.000, 0.000, 09:45:32.645
79, 35.74, 0.00, 38.47, 40.25, 0.000, 0.000, 0.000, 09:45:32.658
80, 4.67, 0.00, 7.32, 9.59, 0.000, 0.000, 0.000, 09:45:32.658
81, -7.13, 0.00, -7.19, -5.01, 0.000, 0.000, 0.000, 09:45:32.673
82, 25.00, 0.00, 14.21, 28.34, 0.000, 0.000, 0.000, 09:45:32.673
83, 34.24, 0.00, 37.55, 39.30, 0.000, 0.000, 0.000, 09:45:32.674
84, 6.74, 0.00, -7.52, 8.54, 0.000, 0.000, 0.000, 09:45:32.674
85, -6.53, 0.00, -3.95, -3.19, 0.000, 0.000, 0.000, 09:45:32.688
86, 19.18, 0.00, 23.40, 23.00, 0.000, 0.000, 0.000, 09:45:32.689
87, 30.87, 0.00, 37.87, 41.77, 0.000, 0.000, 0.000, 09:45:32.703
88, 1.63, 0.00, 8.92, 7.17, 0.000, 0.000, 0.000, 09:45:32.703
89, -8.74, 0.00, -4.67, -7.14, 0.000, 0.000, 0.000, 09:45:32.703
90, 16.02, 0.00, 21.19, 22.97, 0.000, 0.000, 0.000, 09:45:32.704
91, 33.70, 0.00, 37.40, 41.29, 0.000, 0.000, 0.000, 09:45:32.720
92, 3.02, 0.00, 2.98, 6.33, 0.000, 0.000, 0.000, 09:45:32.720
93, -10.80, 0.00, -14.53, -3.06, 0.000, 0.000, 0.000, 09:45:32.733
94, 17.12, 0.00, 23.14, 21.76, 0.000, 0.000, 0.000, 09:45:32.733
95, 30.97, 0.00, 38.88, 38.23, 0.000, 0.000, 0.000, 09:45:32.733
96, 5.12, 0.00, 6.13, 7.91, 0.000, 0.000, 0.000, 09:45:32.734
97, -4.76, 0.00, -4.11, -5.06, 0.000, 0.000, 0.000, 09:45:32.748
98, 16.17, 0.00, 21.86, 17.65, 0.000, 0.000, 0.000, 09:45:32.748
99, 33.45, 0.00, 36.69, 40.54, 0.000, 0.000, 0.000, 09:45:32.780
100, 0.19, 0.00, 2.60, 8.66, 0.000, 0.000, 0.000, 09:45:32.780
101, -7.67, 0.00, -8.79, -2.74, 0.000, 0.000, 0.000, 09:45:32.780
102, 20.24, 0.00, 25.58, 21.53, 0.000, 0.000, 0.000, 09:45:32.780
103, 34.74, 0.00, 34.70, 44.61, 0.000, 0.000, 0.000, 09:45:32.780
104, 7.60, 0.00, 8.88, 10.02, 0.000, 0.000, 0.000, 09:45:32.780
105, -5.53, 0.00, -12.91, -6.73, 0.000, 0.000, 0.000, 09:45:32.780
106, 18.14, 0.00, 23.88, 23.50, 0.000, 0.000, 0.000, 09:45:32.780
107, 31.56, 0.00, 39.82, 46.21, 0.000, 0.000, 0.000, 09:45:32.793
108, 4.48, 0.00, 10.14, 11.89, 0.000, 0.000, 0.000, 09:45:32.793
109, -8.22, 0.00, -10.38, -3.49, 0.000, 0.000, 0.000, 09:45:32.808
110, 19.27, 0.00, 31.39, 22.45, 0.000, 0.000, 0.000, 09:45:32.808
111, 35.21, 0.00, 32.35, 40.34, 0.000, 0.000, 0.000, 09:45:32.823
112, 4.37, 0.00, 12.03, 11.66, 0.000, 0.000, 0.000, 09:45:32.823
113, -7.84, 0.00, -3.75, -3.56, 0.000, 0.000, 0.000, 09:45:32.823
114, 19.40, 0.00, 23.88, 20.40, 0.000, 0.000, 0.000, 09:45:32.823
115, 27.97, 0.00, 36.95, 38.12, 0.000, 0.000, 0.000, 09:45:32.838
116, 4.87, 0.00, 11.10, 13.60, 0.000, 0.000, 0.000, 09:45:32.838
117, -7.56, 0.00, -0.84, -5.06, 0.000, 0.000, 0.000, 09:45:32.853
118, 20.66, 0.00, 13.44, 23.16, 0.000, 0.000, 0.000, 09:45:32.853
119, 32.55, 0.00, 21.53, 40.45, 0.000, 0.000, 0.000, 09:45:32.853
120, 7.39, 0.00, 6.70, 7.60, 0.000, 0.000, 0.000, 09:45:32.854
121, -10.29, 0.00, -8.46, -5.17, 0.000, 0.000, 0.000, 09:45:32.869
122, 15.45, 0.00, 24.39, 21.89, 0.000, 0.000, 0.000, 09:45:32.870
123, 28.20, 0.00, 32.86, 37.03, 0.000, 0.000, 0.000, 09:45:32.883
124, 6.07, 0.00, 16.58, 12.68, 0.000, 0.000, 0.000, 09:45:32.883
125, -9.84, 0.00, -6.74, -4.21, 0.000, 0.000, 0.000, 09:45:32.883
126, 14.65, 0.00, 20.53, 24.55, 0.000, 0.000, 0.000, 09:45:32.884
127, 29.02, 0.00, 43.33, 40.18, 0.000, 0.000, 0.000, 09:45:32.899
128, 5.14, 0.00, 7.67, 12.60, 0.000, 0.000, 0.000, 09:45:32.899
129, -4.06, 0.00, -10.33, 0.36, 0.000, 0.000, 0.000, 09:45:32.914
130, 16.76, 0.00, 13.53, 19.08, 0.000, 0.000, 0.000, 09:45:32.914
131, 31.00, 0.00, 42.68, 39.24, 0.000, 0.000, 0.000, 09:45:32.914
132, 6.71, 0.00, 14.74, 13.48, 0.000, 0.000, 0.000, 09:45:32.914
133, -4.55, 0.00, -8.61, 0.44, 0.000, 0.000, 0.000, 09:45:32.929
134, 20.81, 0.00, 22.78, 25.64, 0.000, 0.000, 0.000, 09:45:32.929
135, 34.50, 0.00, 42.80, 41.14, 0.000, 0.000, 0.000, 09:45:32.947
136, 8.25, 0.00, 10.56, 10.69, 0.000, 0.000, 0.000, 09:45:32.947
137, -5.01, 0.00, -5.21, -6.55, 0.000, 0.000, 0.000, 09:45:32.947
138, 16.87, 0.00, 20.18, 23.03, 0.000, 0.000, 0.000, 09:45:32.947
139, 31.18, 0.00, 39.57, 41.37, 0.000, 0.000, 0.000, 09:45:32.963
140, 5.92, 0.00, -4.51, 11.28, 0.000, 0.000, 0.000, 09:45:32.963
141, -9.22, 0.00, -6.29, -7.38, 0.000, 0.000, 0.000, 09:45:32.974
142, 17.41, 0.00, 18.51, 20.97, 0.000, 0.000, 0.000, 09:45:32.974
143, 28.15, 0.00, 41.29, 39.93, 0.000, 0.000, 0.000, 09:45:32.975
144, 7.81, 0.00, 12.60, 12.17, 0.000, 0.000, 0.000, 09:45:32.977
145, -9.99, 0.00, -18.93, -5.90, 0.000, 0.000, 0.000, 09:45:32.990
146, 17.54, 0.00, 25.88, 21.55, 0.000, 0.000, 0.000, 09:45:32.990
147, 32.34, 0.00, 37.68, 38.78, 0.000, 0.000, 0.000, 09:45:33.005
148, 8.35, 0.00, 0.11, 11.73, 0.000, 0.000, 0.000, 09:45:33.005
149, -8.45, 0.00, -5.62, -1.72, 0.000, 0.000, 0.000, 09:45:33.014
150, 14.51, 0.00, 11.97, 19.40, 0.000, 0.000, 0.000, 09:45:33.014
151, 31.88, 0.00, 31.20, 41.00, 0.000, 0.000, 0.000, 09:45:33.021
152, 6.05, 0.00, 7.26, 12.15, 0.000, 0.000, 0.000, 09:45:33.021
153, -7.38, 0.00, -15.95, -6.68, 0.000, 0.000, 0.000, 09:45:33.034
154, 14.16, 0.00, 19.67, 22.05, 0.000, 0.000, 0.000, 09:45:33.034
155, 36.17, 0.00, 36.92, 40.83, 0.000, 0.000, 0.000, 09:45:33.037
156, 3.69, 0.00, 12.33, 13.52, 0.000, 0.000, 0.000, 09:45:33.037
157, -8.94, 0.00, -9.41, -4.22, 0.000, 0.000, 0.000, 09:45:33.049
158, 14.18, 0.00, 15.30, 15.73, 0.000, 0.000, 0.000, 09:45:33.049
159, 30.95, 0.00, 41.97, 38.84, 0.000, 0.000, 0.000, 09:45:33.064
160, 8.13, 0.00, 5.96, 11.31, 0.000, 0.000, 0.000, 09:45:33.064
161, -5.80, 0.00, -10.79, -4.00, 0.000, 0.000, 0.000, 09:45:33.064
162, 18.36, 0.00, 18.96, 21.21, 0.000, 0.000, 0.000, 09:45:33.064
163, 31.68, 0.00, 42.95, 38.73, 0.000, 0.000, 0.000, 09:45:33.079
164, 7.28, 0.00, 7.89, 11.59, 0.000, 0.000, 0.000, 09:45:33.079
165, -8.32, 0.00, -10.83, -3.22, 0.000, 0.000, 0.000, 09:45:33.096
166, 14.11, 0.00, 30.47, 21.29, 0.000, 0.000, 0.000, 09:45:33.096
167, 32.32, 0.00, 40.93, 43.97, 0.000, 0.000, 0.000, 09:45:33.097
168, 5.97, 0.00, 9.13, 12.33, 0.000, 0.000, 0.000, 09:45:33.097
169, -4.07, 0.00, -13.69, -1.47, 0.000, 0.000, 0.000, 09:45:33.108
170, 11.22, 0.00, 17.29, 18.06, 0.000, 0.000, 0.000, 09:45:33.109
171, 34.86, 0.00, 41.67, 42.82, 0.000, 0.000, 0.000, 09:45:33.123
172, 8.98, 0.00, 18.77, 12.26, 0.000, 0.000, 0.000, 09:45:33.124
173, -6.59, 0.00, -7.87, -3.15, 0.000, 0.000, 0.000, 09:45:33.124
174, 16.32, 0.00, 15.94, 15.46, 0.000, 0.000, 0.000, 09:45:33.124
175, 27.50, 0.00, 41.58, 39.38, 0.000, 0.000, 0.000, 09:45:33.138
176, 9.38, 0.00, 3.25, 13.18, 0.000, 0.000, 0.000, 09:45:33.139
177, -5.32, 0.00, -15.82, -3.12, 0.000, 0.000, 0.000, 09:45:33.154
178, 15.34, 0.00, 27.41, 22.67, 0.000, 0.000, 0.000, 09:45:33.154
179, 32.39, 0.00, 27.87, 43.41, 0.000, 0.000, 0.000, 09:45:33.154
180, 2.94, 0.00, 7.60, 14.35, 0.000, 0.000, 0.000, 09:45:33.155
181, -6.99, 0.00, -7.70, -5.03, 0.000, 0.000, 0.000, 09:45:33.170
182, 15.62, 0.00, 14.12, 17.18, 0.000, 0.000, 0.000, 09:45:33.171
183, 35.27, 0.00, 42.97, 43.18, 0.000, 0.000, 0.000, 09:45:33.186
184, 6.24, 0.00, 15.90, 10.71, 0.000, 0.000, 0.000, 09:45:33.187
185, -12.32, 0.00, -5.64, -4.04, 0.000, 0.000, 0.000, 09:45:33.188
186, 12.28, 0.00, 13.45, 17.10, 0.000, 0.000, 0.000, 09:45:33.188
187, 31.42, 0.00, 45.41, 44.53, 0.000, 0.000, 0.000, 09:45:33.199
188, 8.75, 0.00, 7.29, 12.55, 0.000, 0.000, 0.000, 09:45:33.199
189, -5.63, 0.00, -15.86, -4.35, 0.000, 0.000, 0.000, 09:45:33.214
190, 20.24, 0.00, 25.28, 21.92, 0.000, 0.000, 0.000, 09:45:33.214
191, 28.91, 0.00, 38.89, 37.91, 0.000, 0.000, 0.000, 09:45:33.214
192, 8.96, 0.00, 6.42, 10.91, 0.000, 0.000, 0.000, 09:45:33.214
193, -8.61, 0.00, -7.38, -4.32, 0.000, 0.000, 0.000, 09:45:33.229
194, 13.33, 0.00, 23.42, 20.62, 0.000, 0.000, 0.000, 09:45:33.229
195, 34.15, 0.00, 34.85, 38.72, 0.000, 0.000, 0.000, 09:45:33.246
196, 10.70, 0.00, 7.69, 16.77, 0.000, 0.000, 0.000, 09:45:33.246
197, -7.19, 0.00, -8.71, -2.48, 0.000, 0.000, 0.000, 09:45:33.249
198, 14.81, 0.00, 27.53, 23.04, 0.000, 0.000, 0.000, 09:45:33.249
199, 36.11, 0.00, 40.13, 42.23, 0.000, 0.000, 0.000, 09:45:33.258
200, 7.41, 0.00, 13.41, 10.49, 0.000, 0.000, 0.000, 09:45:33.258
0, -11.82, 0.00, -3.56, -5.62, 0.000, 0.000, 0.000, 09:45:33.263
1, 14.91, 0.00, 21.27, 21.56, 0.000, 0.000, 0.000, 09:45:33.273
2, 32.16, 0.00, 30.74, 45.24, 0.000, 0.000, 0.000, 09:45:33.274
3, 11.57, 0.00, 5.27, 16.66, 0.000, 0.000, 0.000, 09:45:33.288
4, -8.11, 0.00, -5.16, -4.83, 0.000, 0.000, 0.000, 09:45:33.288
5, 15.70, 0.00, 20.52, 18.71, 0.000, 0.000, 0.000, 09:45:33.289
6, 31.57, 0.00, 34.39, 40.96, 0.000, 0.000, 0.000, 09:45:33.289
7, 6.78, 0.00, 6.27, 13.21, 0.000, 0.000, 0.000, 09:45:33.304
8, -9.29, 0.00, -7.21, -3.42, 0.000, 0.000, 0.000, 09:45:33.305
9, 13.09, 0.00, 11.68, 21.16, 0.000, 0.000, 0.000, 09:45:33.320
10, 31.89, 0.00, 45.81, 42.69, 0.000, 0.000, 0.000, 09:45:33.320
11, 7.55, 0.00, 17.88, 19.00, 0.000, 0.000, 0.000, 09:45:33.321
12, -5.32, 0.00, -7.34, -5.50, 0.000, 0.000, 0.000, 09:45:33.321
13, 14.59, 0.00, 17.04, 14.68, 0.000, 0.000, 0.000, 09:45:33.333
14, 31.86, 0.00, 39.49, 43.62, 0.000, 0.000, 0.000, 09:45:33.333
15, 5.66, 0.00, 9.94, 14.67, 0.000, 0.000, 0.000, 09:45:33.348
16, -10.57, 0.00, -13.60, -5.92, 0.000, 0.000, 0.000, 09:45:33.349
17, 15.85, 0.00, 16.34, 15.85, 0.000, 0.000, 0.000, 09:45:33.349
18, 32.88, 0.00, 38.52, 42.82, 0.000, 0.000, 0.000, 09:45:33.349
19, 8.07, 0.00, 8.60, 13.41, 0.000, 0.000, 0.000, 09:45:33.364
20, -6.34, 0.00, -10.56, -4.30, 0.000, 0.000, 0.000, 09:45:33.364
21, 14.14, 0.00, 10.82, 15.74, 0.000, 0.000, 0.000, 09:45:33.381
22, 30.01, 0.00, 38.32, 38.70, 0.000, 0.000, 0.000, 09:45:33.381
23, 13.19, 0.00, 13.23, 19.19, 0.000, 0.000, 0.000, 09:45:33.382
24, -5.47, 0.00, -10.96, -4.61, 0.000, 0.000, 0.000, 09:45:33.382
25, 15.03, 0.00, 21.16, 19.41, 0.000, 0.000, 0.000, 09:45:33.394
26, 33.63, 0.00, 40.56, 40.53, 0.000, 0.000, 0.000, 09:45:33.396
27, 6.83, 0.00, 10.38, 14.36, 0.000, 0.000, 0.000, 09:45:33.408
28, -7.65, 0.00, -6.70, -2.73, 0.000, 0.000, 0.000, 09:45:33.409
29, 13.46, 0.00, 23.83, 17.15, 0.000, 0.000, 0.000, 09:45:33.409
30, 32.20, 0.00, 44.80, 37.76, 0.000, 0.000, 0.000, 09:45:33.409
31, 7.87, 0.00, 18.99, 19.02, 0.000, 0.000, 0.000, 09:45:33.423
32, -8.56, 0.00, -11.00, -0.98, 0.000, 0.000, 0.000, 09:45:33.424
33, 17.70, 0.00, 11.27, 18.90, 0.000, 0.000, 0.000, 09:45:33.438
34, 30.73, 0.00, 36.85, 37.04, 0.000, 0.000, 0.000, 09:45:33.438
35, 11.66, 0.00, 13.04, 15.62, 0.000, 0.000, 0.000, 09:45:33.439
36, -8.81, 0.00, -15.17, -6.87, 0.000, 0.000, 0.000, 09:45:33.439
37, 14.18, 0.00, 5.66, 17.72, 0.000, 0.000, 0.000, 09:45:33.453
38, 34.38, 0.00, 40.43, 41.86, 0.000, 0.000, 0.000, 09:45:33.454
39, 10.77, 0.00, 14.58, 15.65, 0.000, 0.000, 0.000, 09:45:33.468
40, -6.70, 0.00, -7.81, -5.82, 0.000, 0.000, 0.000, 09:45:33.469
41, 16.03, 0.00, 15.00, 16.27, 0.000, 0.000, 0.000, 09:45:33.471
42, 31.38, 0.00, 44.38, 43.65, 0.000, 0.000, 0.000, 09:45:33.471
43, 8.85, 0.00, 11.46, 18.42, 0.000, 0.000, 0.000, 09:45:33.493
44, -13.57, 0.00, -7.24, -4.89, 0.000, 0.000, 0.000, 09:45:33.494
45, 10.73, 0.00, 16.51, 15.48, 0.000, 0.000, 0.000, 09:45:33.498
46, 29.22, 0.00, 43.88, 37.71, 0.000, 0.000, 0.000, 09:45:33.498
47, 9.66, 0.00, 12.99, 16.59, 0.000, 0.000, 0.000, 09:45:33.503
48, -8.54, 0.00, -14.50, -4.66, 0.000, 0.000, 0.000, 09:45:33.503
49, 17.41, 0.00, 14.54, 18.51, 0.000, 0.000, 0.000, 09:45:33.513
50, 35.10, 0.00, 42.92, 41.23, 0.000, 0.000, 0.000, 09:45:33.513
51, 9.24, 0.00, 17.26, 16.02, 0.000, 0.000, 0.000, 09:45:33.528
52, -8.64, 0.00, -10.54, -4.83, 0.000, 0.000, 0.000, 09:45:33.528
53, 10.92, 0.00, 12.87, 16.46, 0.000, 0.000, 0.000, 09:45:33.529
54, 32.53, 0.00, 35.47, 44.24, 0.000, 0.000, 0.000, 09:45:33.529
55, 7.75, 0.00, 15.66, 17.43, 0.000, 0.000, 0.000, 09:45:33.543
56, -6.55, 0.00, -13.47, -4.95, 0.000, 0.000, 0.000, 09:45:33.543
57, 14.63, 0.00, 15.00, 17.14, 0.000, 0.000, 0.000, 09:45:33.559
58, 28.32, 0.00, 37.37, 37.22, 0.000, 0.000, 0.000, 09:45:33.559
59, 9.65, 0.00, 14.70, 13.30, 0.000, 0.000, 0.000, 09:45:33.559
60, -7.42, 0.00, -19.74, -0.88, 0.000, 0.000, 0.000, 09:45:33.559
61, 13.52, 0.00, 15.14, 15.08, 0.000, 0.000, 0.000, 09:45:33.576
62, 30.69, 0.00, 44.56, 38.77, 0.000, 0.000, 0.000, 09:45:33.576
63, 14.09, 0.00, 16.58, 16.43, 0.000, 0.000, 0.000, 09:45:33.588
64, -8.26, 0.00, -11.95, -4.11, 0.000, 0.000, 0.000, 09:45:33.591
65, 14.42, 0.00, 16.61, 17.01, 0.000, 0.000, 0.000, 09:45:33.592
66, 29.91, 0.00, 39.05, 39.47, 0.000, 0.000, 0.000, 09:45:33.593
67, 11.53, 0.00, 13.47, 20.22, 0.000, 0.000, 0.000, 09:45:33.604
68, -6.50, 0.00, -10.37, -6.98, 0.000, 0.000, 0.000, 09:45:33.604
69, 12.70, 0.00, 4.96, 11.83, 0.000, 0.000, 0.000, 09:45:33.620
70, 32.10, 0.00, 40.48, 42.95, 0.000, 0.000, 0.000, 09:45:33.621
71, 9.53, 0.00, 17.61, 15.87, 0.000, 0.000, 0.000, 09:45:33.625
72, -7.61, 0.00, -12.06, -5.45, 0.000, 0.000, 0.000, 09:45:33.626
73, 13.98, 0.00, 16.37, 15.75, 0.000, 0.000, 0.000, 09:45:33.635
74, 30.24, 0.00, 36.68, 37.59, 0.000, 0.000, 0.000, 09:45:33.635
75, 14.30, 0.00, 17.49, 20.73, 0.000, 0.000, 0.000, 09:45:33.648
76, -7.94, 0.00, -3.55, -3.11, 0.000, 0.000, 0.000, 09:45:33.648
77, 13.18, 0.00, 19.03, 17.21, 0.000, 0.000, 0.000, 09:45:33.651
78, 35.20, 0.00, 39.10, 40.67, 0.000, 0.000, 0.000, 09:45:33.651
79, 11.48, 0.00, 10.14, 16.80, 0.000, 0.000, 0.000, 09:45:33.665
80, -8.01, 0.00, -8.22, -4.46, 0.000, 0.000, 0.000, 09:45:33.665
81, 11.14, 0.00, 11.61, 16.43, 0.000, 0.000, 0.000, 09:45:33.679
82, 27.12, 0.00, 39.28, 37.02, 0.000, 0.000, 0.000, 09:45:33.679
83, 14.03, 0.00, 13.66, 17.67, 0.000, 0.000, 0.000, 09:45:33.679
84, -6.37, 0.00, -7.87, -3.21, 0.000, 0.000, 0.000, 09:45:33.679
85, 14.30, 0.00, 14.38, 19.87, 0.000, 0.000, 0.000, 09:45:33.694
86, 32.45, 0.00, 43.85, 39.95, 0.000, 0.000, 0.000, 09:45:33.694
87, 9.19, 0.00, 16.50, 19.19, 0.000, 0.000, 0.000, 09:45:33.710
88, -6.99, 0.00, -8.31, -4.81, 0.000, 0.000, 0.000, 09:45:33.710
89, 10.00, 0.00, 15.51, 12.62, 0.000, 0.000, 0.000, 09:45:33.711
90, 29.06, 0.00, 38.69, 39.74, 0.000, 0.000, 0.000, 09:45:33.711
91, 7.47, 0.00, 8.09, 19.10, 0.000, 0.000, 0.000, 09:45:33.726
92, -6.80, 0.00, -14.17, -3.66, 0.000, 0.000, 0.000, 09:45:33.727
93, 12.72, 0.00, 11.22, 15.04, 0.000, 0.000, 0.000, 09:45:33.742
94, 33.55, 0.00, 33.63, 39.20, 0.000, 0.000, 0.000, 09:45:33.742
95, 12.50, 0.00, 19.97, 20.38, 0.000, 0.000, 0.000, 09:45:33.743
96, -9.09, 0.00, -5.16, -5.03, 0.000, 0.000, 0.000, 09:45:33.743
97, 10.85, 0.00, 19.60, 14.64, 0.000, 0.000, 0.000, 09:45:33.754
98, 33.93, 0.00, 40.62, 40.36, 0.000, 0.000, 0.000, 09:45:33.754
99, 11.09, 0.00, 15.20, 15.10, 0.000, 0.000, 0.000, 09:45:33.770
100, -7.53, 0.00, -7.15, -3.32, 0.000, 0.000, 0.000, 09:45:33.770
101, 9.08, 0.00, 16.07, 17.08, 0.000, 0.000, 0.000, 09:45:33.770
102, 32.58, 0.00, 39.15, 37.25, 0.000, 0.000, 0.000, 09:45:33.771
103, 13.93, 0.00, 15.03, 20.02, 0.000, 0.000, 0.000, 09:45:33.784
104, -12.53, 0.00, -8.98, 0.64, 0.000, 0.000, 0.000, 09:45:33.784
105, 10.65, 0.00, 10.97, 14.93, 0.000, 0.000, 0.000, 09:45:33.798
106, 30.91, 0.00, 35.11, 40.63, 0.000, 0.000, 0.000, 09:45:33.798
107, 10.39, 0.00, 22.55, 19.40, 0.000, 0.000, 0.000, 09:45:33.806
108, -4.24, 0.00, -0.53, -3.55, 0.000, 0.000, 0.000, 09:45:33.807
109, 10.94, 0.00, 11.34, 13.01, 0.000, 0.000, 0.000, 09:45:33.813
110, 33.39, 0.00, 38.49, 39.04, 0.000, 0.000, 0.000, 09:45:33.814
111, 10.59, 0.00, 18.08, 18.42, 0.000, 0.000, 0.000, 09:45:33.828
112, -5.57, 0.00, -5.84, -4.72, 0.000, 0.000, 0.000, 09:45:33.828
113, 12.60, 0.00, 14.10, 17.87, 0.000, 0.000, 0.000, 09:45:33.829
114, 29.98, 0.00, 29.82, 38.53, 0.000, 0.000, 0.000, 09:45:33.829
115, 10.54, 0.00, 12.19, 20.55, 0.000, 0.000, 0.000, 09:45:33.843
116, -5.47, 0.00, -8.64, -2.89, 0.000, 0.000, 0.000, 09:45:33.843
117, 8.89, 0.00, 8.29, 14.36, 0.000, 0.000, 0.000, 09:45:33.858
118, 31.97, 0.00, 37.16, 40.54, 0.000, 0.000, 0.000, 09:45:33.858
119, 15.97, 0.00, 4.16, 24.15, 0.000, 0.000, 0.000, 09:45:33.859
120, -9.60, 0.00, -7.26, -6.33, 0.000, 0.000, 0.000, 09:45:33.859
121, 8.52, 0.00, 12.28, 13.59, 0.000, 0.000, 0.000, 09:45:33.874
122, 32.52, 0.00, 42.18, 39.79, 0.000, 0.000, 0.000, 09:45:33.874
123, 13.91, 0.00, 2.99, 19.74, 0.000, 0.000, 0.000, 09:45:33.890
124, -7.15, 0.00, -6.12, -1.71, 0.000, 0.000, 0.000, 09:45:33.891
125, 10.85, 0.00, 19.64, 14.44, 0.000, 0.000, 0.000, 09:45:33.892
126, 32.45, 0.00, 38.48, 39.59, 0.000, 0.000, 0.000, 09:45:33.892
127, 12.76, 0.00, 22.07, 20.66, 0.000, 0.000, 0.000, 09:45:33.904
128, -9.19, 0.00, -7.42, -1.79, 0.000, 0.000, 0.000, 09:45:33.905
129, 12.25, 0.00, 20.00, 12.85, 0.000, 0.000, 0.000, 09:45:33.920
130, 29.78, 0.00, 35.44, 37.81, 0.000, 0.000, 0.000, 09:45:33.920
131, 13.79, 0.00, 19.55, 23.04, 0.000, 0.000, 0.000, 09:45:33.921
132, -7.13, 0.00, -7.46, -3.68, 0.000, 0.000, 0.000, 09:45:33.921
133, 10.58, 0.00, 6.91, 11.39, 0.000, 0.000, 0.000, 09:45:33.934
134, 32.84, 0.00, 36.79, 40.36, 0.000, 0.000, 0.000, 09:45:33.934
135, 12.99, 0.00, 21.25, 18.33, 0.000, 0.000, 0.000, 09:45:33.948
136, -3.66, 0.00, -2.86, -2.53, 0.000, 0.000, 0.000, 09:45:33.949
137, 8.33, 0.00, 8.03, 12.88, 0.000, 0.000, 0.000, 09:45:33.949
138, 31.19, 0.00, 39.20, 38.12, 0.000, 0.000, 0.000, 09:45:33.949
139, 14.06, 0.00, 15.57, 22.12, 0.000, 0.000, 0.000, 09:45:33.963
140, -8.06, 0.00, -10.78, -4.35, 0.000, 0.000, 0.000, 09:45:33.964
141, 9.82, 0.00, 11.63, 10.79, 0.000, 0.000, 0.000, 09:45:33.981
142, 34.68, 0.00, 43.15, 35.16, 0.000, 0.000, 0.000, 09:45:33.982
143, 12.47, 0.00, 5.58, 20.37, 0.000, 0.000, 0.000, 09:45:33.982
144, -11.01, 0.00, -8.67, -2.81, 0.000, 0.000, 0.000, 09:45:33.982
145, 8.47, 0.00, 18.15, 16.55, 0.000, 0.000, 0.000, 09:45:33.994
146, 31.47, 0.00, 38.46, 38.27, 0.000, 0.000, 0.000, 09:45:33.994
147, 15.68, 0.00, 17.06, 18.38, 0.000, 0.000, 0.000, 09:45:34.008
148, -3.79, 0.00, -5.42, -2.32, 0.000, 0.000, 0.000, 09:45:34.008
149, 9.76, 0.00, -0.21, 14.10, 0.000, 0.000, 0.000, 09:45:34.008
150, 30.26, 0.00, 28.03, 41.09, 0.000, 0.000, 0.000, 09:45:34.009
151, 17.07, 0.00, 11.87, 18.56, 0.000, 0.000, 0.000, 09:45:34.024
152, -3.93, 0.00, -7.92, 2.65, 0.000, 0.000, 0.000, 09:45:34.025
153, 9.23, 0.00, 11.66, 12.42, 0.000, 0.000, 0.000, 09:45:34.041
154, 34.65, 0.00, 43.84, 37.88, 0.000, 0.000, 0.000, 09:45:34.041
155, 10.65, 0.00, 16.83, 16.72, 0.000, 0.000, 0.000, 09:45:34.041
156, -3.49, 0.00, -13.36, -2.98, 0.000, 0.000, 0.000, 09:45:34.042
157, 8.58, 0.00, 13.44, 11.41, 0.000, 0.000, 0.000, 09:45:34.057
158, 31.19, 0.00, 42.78, 37.10, 0.000, 0.000, 0.000, 09:45:34.058
159, 12.87, 0.00, 14.97, 23.77, 0.000, 0.000, 0.000, 09:45:34.070
160, -4.98, 0.00, -5.45, -5.53, 0.000, 0.000, 0.000, 09:45:34.070
161, 3.60, 0.00, 14.91, 11.88, 0.000, 0.000, 0.000, 09:45:34.071
162, 31.50, 0.00, 39.99, 41.59, 0.000, 0.000, 0.000, 09:45:34.071
163, 17.70, 0.00, 20.43, 19.83, 0.000, 0.000, 0.000, 09:45:34.084
164, -7.63, 0.00, -12.95, 0.29, 0.000, 0.000, 0.000, 09:45:34.084
165, 8.15, 0.00, 9.57, 13.66, 0.000, 0.000, 0.000, 09:45:34.099
166, 32.55, 0.00, 43.92, 42.15, 0.000, 0.000, 0.000, 09:45:34.099
167, 14.90, 0.00, 15.62, 20.87, 0.000, 0.000, 0.000, 09:45:34.099
168, -8.14, 0.00, -8.32, -2.03, 0.000, 0.000, 0.000, 09:45:34.099
169, 7.47, 0.00, 11.55, 9.56, 0.000, 0.000, 0.000, 09:45:34.114
170, 32.42, 0.00, 41.60, 38.61, 0.000, 0.000, 0.000, 09:45:34.114
171, 15.70, 0.00, 22.06, 24.85, 0.000, 0.000, 0.000, 09:45:34.128
172, -5.17, 0.00, -9.17, -2.52, 0.000, 0.000, 0.000, 09:45:34.129
173, 6.17, 0.00, 11.53, 12.97, 0.000, 0.000, 0.000, 09:45:34.137
174, 32.30, 0.00, 25.65, 38.56, 0.000, 0.000, 0.000, 09:45:34.137
175, 13.52, 0.00, 21.00, 21.97, 0.000, 0.000, 0.000, 09:45:34.143
176, -4.44, 0.00, -8.94, -0.01, 0.000, 0.000, 0.000, 09:45:34.144
177, 7.87, 0.00, 13.02, 10.78, 0.000, 0.000, 0.000, 09:45:34.158
178, 29.57, 0.00, 32.83, 36.95, 0.000, 0.000, 0.000, 09:45:34.159
179, 11.00, 0.00, 16.73, 18.83, 0.000, 0.000, 0.000, 09:45:34.159
180, -7.78, 0.00, -2.32, -4.32, 0.000, 0.000, 0.000, 09:45:34.159
181, 7.79, 0.00, 8.01, 10.84, 0.000, 0.000, 0.000, 09:45:34.176
182, 29.95, 0.00, 36.45, 38.41, 0.000, 0.000, 0.000, 09:45:34.176
183, 17.74, 0.00, 27.75, 22.58, 0.000, 0.000, 0.000, 09:45:34.189
184, -7.92, 0.00, -12.39, -4.99, 0.000, 0.000, 0.000, 09:45:34.191
185, 9.86, 0.00, 10.50, 8.94, 0.000, 0.000, 0.000, 09:45:34.192
186, 32.95, 0.00, 36.95, 36.48, 0.000, 0.000, 0.000, 09:45:34.192
187, 17.22, 0.00, 22.65, 22.13, 0.000, 0.000, 0.000, 09:45:34.204
188, -4.27, 0.00, -8.02, 0.49, 0.000, 0.000, 0.000, 09:45:34.204
189, 8.11, 0.00, 15.01, 13.56, 0.000, 0.000, 0.000, 09:45:34.220
190, 31.24, 0.00, 39.17, 39.42, 0.000, 0.000, 0.000, 09:45:34.220
191, 15.71, 0.00, 18.28, 24.19, 0.000, 0.000, 0.000, 09:45:34.220
192, -7.42, 0.00, -12.68, -7.73, 0.000, 0.000, 0.000, 09:45:34.220
193, 6.76, 0.00, 16.28, 8.04, 0.000, 0.000, 0.000, 09:45:34.233
194, 31.82, 0.00, 39.26, 43.58, 0.000, 0.000, 0.000, 09:45:34.233
195, 21.17, 0.00, 16.75, 27.73, 0.000, 0.000, 0.000, 09:45:34.248
196, -8.94, 0.00, -6.27, 1.08, 0.000, 0.000, 0.000, 09:45:34.248
197, 7.39, 0.00, 10.17, 10.81, 0.000, 0.000, 0.000, 09:45:34.249
198, 28.58, 0.00, 43.99, 43.29, 0.000, 0.000, 0.000, 09:45:34.249
199, 15.74, 0.00, 21.43, 20.98, 0.000, 0.000, 0.000, 09:45:34.263
200, -7.29, 0.00, -12.01, -1.96, 0.000, 0.000, 0.000, 09:45:34.263
0, 9.34, 0.00, 6.39, 12.50, 0.000, 0.000, 0.000, 09:45:34.264
1, 31.94, 0.00, 36.49, 38.59, 0.000, 0.000, 0.000, 09:45:34.278
2, 12.57, 0.00, 21.24, 23.30, 0.000, 0.000, 0.000, 09:45:34.278
3, -8.13, 0.00, -3.77, -2.24, 0.000, 0.000, 0.000, 09:45:34.294
4, 6.00, 0.00, 5.96, 6.35, 0.000, 0.000, 0.000, 09:45:34.294
5, 33.05, 0.00, 42.23, 37.50, 0.000, 0.000, 0.000, 09:45:34.294
6, 18.60, 0.00, 21.43, 24.24, 0.000, 0.000, 0.000, 09:45:34.294
7, -4.20, 0.00, -8.13, -4.30, 0.000, 0.000, 0.000, 09:45:34.314
8, 3.21, 0.00, 6.35, 7.16, 0.000, 0.000, 0.000, 09:45:34.314
9, 34.28, 0.00, 40.20, 40.80, 0.000, 0.000, 0.000, 09:45:34.325
10, 20.37, 0.00, 21.80, 27.68, 0.000, 0.000, 0.000, 09:45:34.326
11, -3.11, 0.00, -9.68, 0.56, 0.000, 0.000, 0.000, 09:45:34.326
12, 3.46, 0.00, 9.10, 7.19, 0.000, 0.000, 0.000, 09:45:34.326
13, 31.82, 0.00, 36.05, 37.58, 0.000, 0.000, 0.000, 09:45:34.341
14, 13.42, 0.00, 19.47, 20.58, 0.000, 0.000, 0.000, 09:45:34.341
15, -5.64, 0.00, -6.44, -0.44, 0.000, 0.000, 0.000, 09:45:34.353
16, 5.23, 0.00, -0.11, 8.37, 0.000, 0.000, 0.000, 09:45:34.354
17, 29.48, 0.00, 37.95, 38.99, 0.000, 0.000, 0.000, 09:45:34.354
18, 14.99, 0.00, 23.12, 25.51, 0.000, 0.000, 0.000, 09:45:34.356
19, -4.45, 0.00, -5.51, -1.20, 0.000, 0.000, 0.000, 09:45:34.370
20, 2.14, 0.00, 8.24, 7.15, 0.000, 0.000, 0.000, 09:45:34.370
21, 35.10, 0.00, 41.94, 39.54, 0.000, 0.000, 0.000, 09:45:34.383
22, 16.12, 0.00, 15.98, 25.39, 0.000, 0.000, 0.000, 09:45:34.383
23, -6.38, 0.00, -10.82, -0.62, 0.000, 0.000, 0.000, 09:45:34.384
24, 6.82, 0.00, 8.68, 9.33, 0.000, 0.000, 0.000, 09:45:34.384
25, 31.07, 0.00, 39.94, 30.47, 0.000, 0.000, 0.000, 09:45:34.398
26, 16.06, 0.00, 15.73, 25.12, 0.000, 0.000, 0.000, 09:45:34.398
27, -5.20, 0.00, -8.48, -5.14, 0.000, 0.000, 0.000, 09:45:34.415
28, 5.90, 0.00, -2.92, 4.93, 0.000, 0.000, 0.000, 09:45:34.415
29, 28.89, 0.00, 44.69, 37.49, 0.000, 0.000, 0.000, 09:45:34.416
30, 16.32, 0.00, 22.14, 25.53, 0.000, 0.000, 0.000, 09:45:34.416
31, -5.72, 0.00, -3.23, -1.93, 0.000, 0.000, 0.000, 09:45:34.428
32, 4.74, 0.00, 3.51, 7.91, 0.000, 0.000, 0.000, 09:45:34.428
33, 28.26, 0.00, 36.95, 43.93, 0.000, 0.000, 0.000, 09:45:34.443
34, 18.61, 0.00, 22.61, 27.82, 0.000, 0.000, 0.000, 09:45:34.444
35, -7.49, 0.00, -13.19, -2.79, 0.000, 0.000, 0.000, 09:45:34.444
36, 5.01, 0.00, 13.39, 8.37, 0.000, 0.000, 0.000, 09:45:34.444
37, 30.43, 0.00, 33.56, 39.65, 0.000, 0.000, 0.000, 09:45:34.459
38, 16.28, 0.00, 19.35, 26.05, 0.000, 0.000, 0.000, 09:45:34.460
39, -0.91, 0.00, -6.19, 0.36, 0.000, 0.000, 0.000, 09:45:34.477
40, 2.18, 0.00, 4.61, 6.63, 0.000, 0.000, 0.000, 09:45:34.477
41, 30.82, 0.00, 36.20, 39.21, 0.000, 0.000, 0.000, 09:45:34.477
42, 14.48, 0.00, 15.96, 28.66, 0.000, 0.000, 0.000, 09:45:34.477
43, -6.97, 0.00, 0.73, -1.17, 0.000, 0.000, 0.000, 09:45:34.489
44, 6.36, 0.00, 5.74, 7.26, 0.000, 0.000, 0.000, 09:45:34.490
45, 29.74, 0.00, 35.30, 39.00, 0.000, 0.000, 0.000, 09:45:34.504
46, 15.64, 0.00, 18.86, 27.53, 0.000, 0.000, 0.000, 09:45:34.504
47, -4.57, 0.00, -4.48, 2.88, 0.000, 0.000, 0.000, 09:45:34.504
48, 3.22, 0.00, 10.81, 10.32, 0.000, 0.000, 0.000, 09:45:34.504
49, 29.04, 0.00, 31.80, 35.51, 0.000, 0.000, 0.000, 09:45:34.519
50, 19.78, 0.00, 22.65, 25.16, 0.000, 0.000, 0.000, 09:45:34.520
51, -6.43, 0.00, -3.17, 1.05, 0.000, 0.000, 0.000, 09:45:34.533
52, 8.92, 0.00, 9.13, 6.32, 0.000, 0.000, 0.000, 09:45:34.534
53, 31.19, 0.00, 33.70, 38.28, 0.000, 0.000, 0.000, 09:45:34.534
54, 20.16, 0.00, 23.45, 29.44, 0.000, 0.000, 0.000, 09:45:34.534
55, -3.84, 0.00, -10.42, -0.07, 0.000, 0.000, 0.000, 09:45:34.548
56, 3.64, 0.00, 0.85, 7.98, 0.000, 0.000, 0.000, 09:45:34.548
57, 35.10, 0.00, 36.91, 38.77, 0.000, 0.000, 0.000, 09:45:34.564
58, 17.27, 0.00, 23.24, 29.52, 0.000, 0.000, 0.000, 09:45:34.564
59, -2.20, 0.00, -1.08, 1.21, 0.000, 0.000, 0.000, 09:45:34.571
60, 3.43, 0.00, 7.44, 7.44, 0.000, 0.000, 0.000, 09:45:34.572
61, 29.71, 0.00, 41.31, 39.89, 0.000, 0.000, 0.000, 09:45:34.578
62, 20.53, 0.00, 19.93, 23.71, 0.000, 0.000, 0.000, 09:45:34.578
63, -8.38, 0.00, -0.97, -4.63, 0.000, 0.000, 0.000, 09:45:34.593
64, 3.05, 0.00, 4.93, 6.34, 0.000, 0.000, 0.000, 09:45:34.593
65, 27.69, 0.00, 38.15, 35.65, 0.000, 0.000, 0.000, 09:45:34.594
66, 17.73, 0.00, 27.13, 25.81, 0.000, 0.000, 0.000, 09:45:34.594
67, -3.21, 0.00, -9.97, -3.66, 0.000, 0.000, 0.000, 09:45:34.609
68, 4.74, 0.00, 4.07, 6.59, 0.000, 0.000, 0.000, 09:45:34.610
69, 30.02, 0.00, 40.67, 41.14, 0.000, 0.000, 0.000, 09:45:34.624
70, 18.10, 0.00, 18.81, 23.39, 0.000, 0.000, 0.000, 09:45:34.624
71, -2.52, 0.00, -4.11, 0.05, 0.000, 0.000, 0.000, 09:45:34.625
72, 6.19, 0.00, 4.31, 10.25, 0.000, 0.000, 0.000, 09:45:34.625
73, 28.49, 0.00, 30.42, 36.93, 0.000, 0.000, 0.000, 09:45:34.644
74, 15.03, 0.00, 17.25, 25.04, 0.000, 0.000, 0.000, 09:45:34.645
75, -4.47, 0.00, -4.07, -3.84, 0.000, 0.000, 0.000, 09:45:34.653
76, 4.68, 0.00, 7.00, 7.65, 0.000, 0.000, 0.000, 09:45:34.654
77, 28.02, 0.00, 39.62, 36.01, 0.000, 0.000, 0.000, 09:45:34.655
78, 15.81, 0.00, 24.25, 19.69, 0.000, 0.000, 0.000, 09:45:34.656
79, -6.22, 0.00, -4.65, 1.43, 0.000, 0.000, 0.000, 09:45:34.685
80, 3.69, 0.00, 3.42, 5.02, 0.000, 0.000, 0.000, 09:45:34.685
81, 29.67, 0.00, 35.45, 37.25, 0.000, 0.000, 0.000, 09:45:34.686
82, 19.02, 0.00, 10.24, 28.46, 0.000, 0.000, 0.000, 09:45:34.687
83, -1.34, 0.00, -1.13, 1.76, 0.000, 0.000, 0.000, 09:45:34.688
84, 4.10, 0.00, 0.01, 7.25, 0.000, 0.000, 0.000, 09:45:34.688
85, 30.46, 0.00, 41.67, 35.18, 0.000, 0.000, 0.000, 09:45:34.698
86, 21.39, 0.00, 22.54, 24.23, 0.000, 0.000, 0.000, 09:45:34.699
87, -6.12, 0.00, -8.43, -1.99, 0.000, 0.000, 0.000, 09:45:34.714
88, 3.57, 0.00, 8.56, 9.62, 0.000, 0.000, 0.000, 09:45:34.714
89, 30.39, 0.00, 38.10, 36.09, 0.000, 0.000, 0.000, 09:45:34.714
90, 16.45, 0.00, 22.97, 26.23, 0.000, 0.000, 0.000, 09:45:34.714
91, -5.01, 0.00, -2.42, -0.02, 0.000, 0.000, 0.000, 09:45:34.729
92, 2.70, 0.00, 0.95, 8.68, 0.000, 0.000, 0.000, 09:45:34.729
93, 25.32, 0.00, 29.06, 34.51, 0.000, 0.000, 0.000, 09:45:34.744
94, 18.53, 0.00, 20.90, 27.79, 0.000, 0.000, 0.000, 09:45:34.744
95, -1.02, 0.00, -14.16, -0.57, 0.000, 0.000, 0.000, 09:45:34.744
96, 1.92, 0.00, 2.01, 4.75, 0.000, 0.000, 0.000, 09:45:34.744
97, 32.42, 0.00, 37.70, 34.60, 0.000, 0.000, 0.000, 09:45:34.759
98, 18.14, 0.00, 23.11, 28.73, 0.000, 0.000, 0.000, 09:45:34.759
99, -6.92, 0.00, -6.18, 0.75, 0.000, 0.000, 0.000, 09:45:34.774
100, 3.52, 0.00, 7.97, 8.64, 0.000, 0.000, 0.000, 09:45:34.775
101, 26.73, 0.00, 27.16, 34.73, 0.000, 0.000, 0.000, 09:45:34.775
102, 19.28, 0.00, 30.51, 25.78, 0.000, 0.000, 0.000, 09:45:34.775
103, -1.26, 0.00, -7.48, 3.80, 0.000, 0.000, 0.000, 09:45:34.791
104, 2.89, 0.00, 0.45, 6.57, 0.000, 0.000, 0.000, 09:45:34.791
105, 29.96, 0.00, 36.23, 35.75, 0.000, 0.000, 0.000, 09:45:34.803
106, 21.45, 0.00, 28.25, 27.73, 0.000, 0.000, 0.000, 09:45:34.803
107, -6.26, 0.00, 0.26, 2.00, 0.000, 0.000, 0.000, 09:45:34.804
108, 2.56, 0.00, 2.93, 6.72, 0.000, 0.000, 0.000, 09:45:34.805
109, 27.26, 0.00, 41.59, 35.05, 0.000, 0.000, 0.000, 09:45:34.820
110, 20.27, 0.00, 24.49, 27.67, 0.000, 0.000, 0.000, 09:45:34.820
111, -6.20, 0.00, -3.58, -0.84, 0.000, 0.000, 0.000, 09:45:34.833
112, 1.96, 0.00, 3.25, 4.79, 0.000, 0.000, 0.000, 09:45:34.833
113, 27.41, 0.00, 33.46, 34.82, 0.000, 0.000, 0.000, 09:45:34.834
114, 21.71, 0.00, 29.87, 27.83, 0.000, 0.000, 0.000, 09:45:34.834
