%No., CH1, CH2, CH3, CH4, Accel X, Accel Y, Accel Z, 2017-05-31_13-39-20
0, 0.00, -4187.19, -3759.54, -3441.30, 0.000, 0.000, 0.000, 13:39:33.847
1, 0.00, -4190.85, -3787.71, -3512.75, 0.000, 0.000, 0.000, 13:39:33.862
2, 0.00, -4132.57, -3708.74, -3389.93, 0.000, 0.000, 0.000, 13:39:33.862
3, 0.00, -4078.36, -3624.57, -3230.86, 0.000, 0.000, 0.000, 13:39:33.875
4, 0.00, -4166.71, -3751.38, -3432.24, 0.000, 0.000, 0.000, 13:39:33.875
5, 0.00, -4173.88, -3777.05, -3507.07, 0.000, 0.000, 0.000, 13:39:33.875
6, 0.00, -4121.86, -3696.97, -3373.67, 0.000, 0.000, 0.000, 13:39:33.875
7, 0.00, -4070.49, -3615.65, -3221.60, 0.000, 0.000, 0.000, 13:39:33.890
8, 0.00, -4165.05, -3741.24, -3419.15, 0.000, 0.000, 0.000, 13:39:33.890
9, 0.00, -4163.12, -3776.18, -3502.91, 0.000, 0.000, 0.000, 13:39:33.905
10, 0.00, -4114.77, -3700.91, -3377.85, 0.000, 0.000, 0.000, 13:39:33.905
11, 0.00, -4073.53, -3618.77, -3230.21, 0.000, 0.000, 0.000, 13:39:33.905
12, 0.00, -4173.88, -3752.15, -3432.60, 0.000, 0.000, 0.000, 13:39:33.905
13, 0.00, -4173.20, -3776.43, -3504.48, 0.000, 0.000, 0.000, 13:39:33.919
14, 0.00, -4109.01, -3687.56, -3360.45, 0.000, 0.000, 0.000, 13:39:33.919
15, 0.00, -4055.13, -3603.70, -3214.43, 0.000, 0.000, 0.000, 13:39:33.935
16, 0.00, -4149.00, -3727.85, -3418.90, 0.000, 0.000, 0.000, 13:39:33.935
17, 0.00, -4154.97, -3762.07, -3491.27, 0.000, 0.000, 0.000, 13:39:33.935
18, 0.00, -4099.66, -3679.89, -3357.08, 0.000, 0.000, 0.000, 13:39:33.935
19, 0.00, -4056.83, -3601.34, -3207.89, 0.000, 0.000, 0.000, 13:39:33.949
20, 0.00, -4157.95, -3734.28, -3413.16, 0.000, 0.000, 0.000, 13:39:33.949
21, 0.00, -4164.01, -3774.26, -3491.31, 0.000, 0.000, 0.000, 13:39:33.965
22, 0.00, -4095.33, -3679.68, -3354.17, 0.000, 0.000, 0.000, 13:39:33.966
23, 0.00, -4058.88, -3595.58, -3205.61, 0.000, 0.000, 0.000, 13:39:33.966
24, 0.00, -4163.26, -3728.85, -3415.13, 0.000, 0.000, 0.000, 13:39:33.966
25, 0.00, -4164.90, -3769.01, -3491.49, 0.000, 0.000, 0.000, 13:39:33.980
26, 0.00, -4107.52, -3677.03, -3351.38, 0.000, 0.000, 0.000, 13:39:33.981
27, 0.00, -4045.62, -3589.86, -3195.82, 0.000, 0.000, 0.000, 13:39:33.995
28, 0.00, -4144.20, -3726.32, -3406.45, 0.000, 0.000, 0.000, 13:39:33.995
29, 0.00, -4144.47, -3754.60, -3481.87, 0.000, 0.000, 0.000, 13:39:33.996
30, 0.00, -4097.87, -3679.16, -3352.23, 0.000, 0.000, 0.000, 13:39:33.996
31, 0.00, -4056.09, -3598.37, -3202.56, 0.000, 0.000, 0.000, 13:39:34.009
32, 0.00, -4154.56, -3731.94, -3412.63, 0.000, 0.000, 0.000, 13:39:34.010
33, 0.00, -4149.94, -3760.56, -3486.65, 0.000, 0.000, 0.000, 13:39:34.024
34, 0.00, -4106.18, -3684.91, -3358.34, 0.000, 0.000, 0.000, 13:39:34.025
35, 0.00, -4051.27, -3601.95, -3205.14, 0.000, 0.000, 0.000, 13:39:34.025
36, 0.00, -4152.63, -3732.01, -3417.23, 0.000, 0.000, 0.000, 13:39:34.025
37, 0.00, -4146.65, -3757.42, -3482.08, 0.000, 0.000, 0.000, 13:39:34.039
38, 0.00, -4094.39, -3666.65, -3342.00, 0.000, 0.000, 0.000, 13:39:34.039
39, 0.00, -4040.63, -3580.30, -3187.35, 0.000, 0.000, 0.000, 13:39:34.054
40, 0.00, -4139.90, -3720.89, -3403.89, 0.000, 0.000, 0.000, 13:39:34.054
41, 0.00, -4142.36, -3748.35, -3475.45, 0.000, 0.000, 0.000, 13:39:34.055
42, 0.00, -4093.39, -3674.84, -3349.81, 0.000, 0.000, 0.000, 13:39:34.055
43, 0.00, -4048.56, -3587.97, -3200.07, 0.000, 0.000, 0.000, 13:39:34.099
44, 0.00, -4155.39, -3730.97, -3409.89, 0.000, 0.000, 0.000, 13:39:34.099
45, 0.00, -4156.26, -3755.37, -3477.54, 0.000, 0.000, 0.000, 13:39:34.100
46, 0.00, -4108.52, -3670.22, -3343.67, 0.000, 0.000, 0.000, 13:39:34.100
47, 0.00, -4084.03, -3581.54, -3192.46, 0.000, 0.000, 0.000, 13:39:34.100
48, 0.00, -4175.45, -3731.20, -3422.99, 0.000, 0.000, 0.000, 13:39:34.100
49, 0.00, -4151.31, -3763.54, -3496.08, 0.000, 0.000, 0.000, 13:39:34.101
50, 0.00, -4119.11, -3682.10, -3363.03, 0.000, 0.000, 0.000, 13:39:34.101
51, 0.00, -4086.72, -3598.56, -3209.13, 0.000, 0.000, 0.000, 13:39:34.102
52, 0.00, -4197.40, -3733.03, -3420.79, 0.000, 0.000, 0.000, 13:39:34.102
53, 0.00, -4198.14, -3767.44, -3497.68, 0.000, 0.000, 0.000, 13:39:34.115
54, 0.00, -4153.50, -3702.33, -3385.46, 0.000, 0.000, 0.000, 13:39:34.115
55, 0.00, -4112.50, -3617.43, -3238.04, 0.000, 0.000, 0.000, 13:39:34.130
56, 0.00, -4212.46, -3754.88, -3448.85, 0.000, 0.000, 0.000, 13:39:34.130
57, 0.00, -4216.03, -3775.67, -3502.15, 0.000, 0.000, 0.000, 13:39:34.146
58, 0.00, -4152.35, -3692.71, -3365.77, 0.000, 0.000, 0.000, 13:39:34.146
59, 0.00, -4092.49, -3608.28, -3208.71, 0.000, 0.000, 0.000, 13:39:34.147
60, 0.00, -4191.71, -3746.07, -3434.02, 0.000, 0.000, 0.000, 13:39:34.147
61, 0.00, -4184.79, -3765.71, -3492.56, 0.000, 0.000, 0.000, 13:39:34.159
62, 0.00, -4131.56, -3695.11, -3368.64, 0.000, 0.000, 0.000, 13:39:34.160
63, 0.00, -4082.41, -3604.75, -3205.87, 0.000, 0.000, 0.000, 13:39:34.174
64, 0.00, -4181.10, -3736.10, -3425.55, 0.000, 0.000, 0.000, 13:39:34.174
65, 0.00, -4174.43, -3746.27, -3470.11, 0.000, 0.000, 0.000, 13:39:34.175
66, 0.00, -4116.65, -3675.60, -3345.91, 0.000, 0.000, 0.000, 13:39:34.175
67, 0.00, -4053.46, -3588.27, -3194.16, 0.000, 0.000, 0.000, 13:39:34.189
68, 0.00, -4167.70, -3729.88, -3422.01, 0.000, 0.000, 0.000, 13:39:34.189
69, 0.00, -4162.96, -3746.87, -3475.82, 0.000, 0.000, 0.000, 13:39:34.204
70, 0.00, -4118.36, -3678.88, -3353.06, 0.000, 0.000, 0.000, 13:39:34.204
71, 0.00, -4055.49, -3578.64, -3189.18, 0.000, 0.000, 0.000, 13:39:34.205
72, 0.00, -4164.86, -3720.00, -3404.85, 0.000, 0.000, 0.000, 13:39:34.205
73, 0.00, -4154.15, -3740.90, -3460.31, 0.000, 0.000, 0.000, 13:39:34.219
74, 0.00, -4109.96, -3670.02, -3352.69, 0.000, 0.000, 0.000, 13:39:34.219
75, 0.00, -4068.98, -3591.33, -3204.88, 0.000, 0.000, 0.000, 13:39:34.234
76, 0.00, -4171.04, -3730.91, -3420.04, 0.000, 0.000, 0.000, 13:39:34.234
77, 0.00, -4156.47, -3745.09, -3466.62, 0.000, 0.000, 0.000, 13:39:34.241
78, 0.00, -4104.58, -3673.19, -3346.42, 0.000, 0.000, 0.000, 13:39:34.241
79, 0.00, -4059.15, -3589.04, -3189.83, 0.000, 0.000, 0.000, 13:39:34.249
80, 0.00, -4165.74, -3725.93, -3413.72, 0.000, 0.000, 0.000, 13:39:34.250
81, 0.00, -4157.94, -3747.61, -3473.58, 0.000, 0.000, 0.000, 13:39:34.265
82, 0.00, -4111.42, -3670.03, -3352.12, 0.000, 0.000, 0.000, 13:39:34.265
83, 0.00, -4059.75, -3588.53, -3199.89, 0.000, 0.000, 0.000, 13:39:34.265
84, 0.00, -4165.75, -3730.93, -3423.08, 0.000, 0.000, 0.000, 13:39:34.266
85, 0.00, -4143.35, -3742.06, -3463.53, 0.000, 0.000, 0.000, 13:39:34.279
86, 0.00, -4103.52, -3673.23, -3349.64, 0.000, 0.000, 0.000, 13:39:34.280
87, 0.00, -4059.19, -3593.64, -3199.92, 0.000, 0.000, 0.000, 13:39:34.296
88, 0.00, -4166.17, -3734.80, -3424.18, 0.000, 0.000, 0.000, 13:39:34.296
89, 0.00, -4148.94, -3746.70, -3472.23, 0.000, 0.000, 0.000, 13:39:34.296
90, 0.00, -4096.75, -3674.31, -3342.60, 0.000, 0.000, 0.000, 13:39:34.298
91, 0.00, -4053.01, -3591.65, -3189.97, 0.000, 0.000, 0.000, 13:39:34.324
92, 0.00, -4157.18, -3734.43, -3420.45, 0.000, 0.000, 0.000, 13:39:34.324
93, 0.00, -4144.05, -3752.10, -3476.01, 0.000, 0.000, 0.000, 13:39:34.324
94, 0.00, -4106.82, -3689.26, -3360.16, 0.000, 0.000, 0.000, 13:39:34.325
95, 0.00, -4061.94, -3607.04, -3211.96, 0.000, 0.000, 0.000, 13:39:34.325
96, 0.00, -4168.48, -3747.05, -3438.44, 0.000, 0.000, 0.000, 13:39:34.325
97, 0.00, -4167.45, -3750.50, -3474.80, 0.000, 0.000, 0.000, 13:39:34.339
98, 0.00, -4114.90, -3667.70, -3345.24, 0.000, 0.000, 0.000, 13:39:34.339
99, 0.00, -4044.93, -3600.28, -3195.65, 0.000, 0.000, 0.000, 13:39:34.354
100, 0.00, -4162.38, -3737.99, -3422.03, 0.000, 0.000, 0.000, 13:39:34.354
101, 0.00, -4168.66, -3750.99, -3475.69, 0.000, 0.000, 0.000, 13:39:34.355
102, 0.00, -4110.77, -3679.85, -3351.72, 0.000, 0.000, 0.000, 13:39:34.355
103, 0.00, -4059.49, -3592.31, -3195.60, 0.000, 0.000, 0.000, 13:39:34.369
104, 0.00, -4162.35, -3737.87, -3431.55, 0.000, 0.000, 0.000, 13:39:34.369
105, 0.00, -4159.16, -3751.37, -3474.03, 0.000, 0.000, 0.000, 13:39:34.384
106, 0.00, -4118.48, -3681.74, -3359.68, 0.000, 0.000, 0.000, 13:39:34.384
107, 0.00, -4076.11, -3601.88, -3209.69, 0.000, 0.000, 0.000, 13:39:34.384
108, 0.00, -4183.36, -3752.56, -3441.84, 0.000, 0.000, 0.000, 13:39:34.385
109, 0.00, -4164.77, -3759.14, -3485.96, 0.000, 0.000, 0.000, 13:39:34.399
110, 0.00, -4110.87, -3684.13, -3362.16, 0.000, 0.000, 0.000, 13:39:34.400
111, 0.00, -4063.85, -3596.23, -3201.89, 0.000, 0.000, 0.000, 13:39:34.415
112, 0.00, -4179.27, -3739.76, -3432.87, 0.000, 0.000, 0.000, 13:39:34.416
113, 0.00, -4170.08, -3749.12, -3469.88, 0.000, 0.000, 0.000, 13:39:34.417
114, 0.00, -4110.70, -3673.75, -3350.41, 0.000, 0.000, 0.000, 13:39:34.418
115, 0.00, -4062.08, -3590.54, -3197.05, 0.000, 0.000, 0.000, 13:39:34.430
116, 0.00, -4161.53, -3739.06, -3433.41, 0.000, 0.000, 0.000, 13:39:34.431
117, 0.00, -4142.41, -3749.23, -3466.62, 0.000, 0.000, 0.000, 13:39:34.445
118, 0.00, -4106.58, -3683.22, -3351.91, 0.000, 0.000, 0.000, 13:39:34.446
119, 0.00, -4056.77, -3594.26, -3200.36, 0.000, 0.000, 0.000, 13:39:34.449
120, 0.00, -4156.47, -3735.90, -3429.63, 0.000, 0.000, 0.000, 13:39:34.449
121, 0.00, -4153.30, -3751.04, -3477.66, 0.000, 0.000, 0.000, 13:39:34.459
122, 0.00, -4108.68, -3685.25, -3365.92, 0.000, 0.000, 0.000, 13:39:34.460
123, 0.00, -4064.04, -3600.26, -3205.34, 0.000, 0.000, 0.000, 13:39:34.474
124, 0.00, -4157.30, -3738.54, -3433.59, 0.000, 0.000, 0.000, 13:39:34.474
125, 0.00, -4154.80, -3748.71, -3473.13, 0.000, 0.000, 0.000, 13:39:34.475
126, 0.00, -4111.98, -3677.18, -3348.96, 0.000, 0.000, 0.000, 13:39:34.475
127, 0.00, -4065.70, -3603.58, -3201.50, 0.000, 0.000, 0.000, 13:39:34.497
128, 0.00, -4173.81, -3744.42, -3443.94, 0.000, 0.000, 0.000, 13:39:34.498
129, 0.00, -4157.40, -3754.85, -3474.59, 0.000, 0.000, 0.000, 13:39:34.504
130, 0.00, -4098.16, -3674.39, -3347.08, 0.000, 0.000, 0.000, 13:39:34.504
131, 0.00, -4061.29, -3595.45, -3196.17, 0.000, 0.000, 0.000, 13:39:34.504
132, 0.00, -4172.71, -3735.60, -3428.98, 0.000, 0.000, 0.000, 13:39:34.504
133, 0.00, -4160.09, -3740.38, -3466.02, 0.000, 0.000, 0.000, 13:39:34.519
134, 0.00, -4102.82, -3676.53, -3347.61, 0.000, 0.000, 0.000, 13:39:34.519
135, 0.00, -4060.04, -3592.79, -3198.11, 0.000, 0.000, 0.000, 13:39:34.534
136, 0.00, -4161.87, -3742.77, -3429.88, 0.000, 0.000, 0.000, 13:39:34.534
137, 0.00, -4131.11, -3740.08, -3456.74, 0.000, 0.000, 0.000, 13:39:34.534
138, 0.00, -4086.64, -3660.36, -3332.65, 0.000, 0.000, 0.000, 13:39:34.534
139, 0.00, -4051.93, -3582.54, -3178.60, 0.000, 0.000, 0.000, 13:39:34.549
140, 0.00, -4164.97, -3730.63, -3428.85, 0.000, 0.000, 0.000, 13:39:34.549
141, 0.00, -4141.64, -3745.24, -3463.77, 0.000, 0.000, 0.000, 13:39:34.565
142, 0.00, -4095.23, -3680.80, -3351.56, 0.000, 0.000, 0.000, 13:39:34.565
143, 0.00, -4050.89, -3600.79, -3198.40, 0.000, 0.000, 0.000, 13:39:34.565
144, 0.00, -4153.54, -3737.55, -3425.35, 0.000, 0.000, 0.000, 13:39:34.566
145, 0.00, -4135.63, -3739.34, -3455.88, 0.000, 0.000, 0.000, 13:39:34.580
146, 0.00, -4098.20, -3675.91, -3347.99, 0.000, 0.000, 0.000, 13:39:34.581
147, 0.00, -4061.36, -3602.36, -3199.32, 0.000, 0.000, 0.000, 13:39:34.599
148, 0.00, -4173.15, -3747.53, -3437.75, 0.000, 0.000, 0.000, 13:39:34.600
149, 0.00, -4159.59, -3752.30, -3467.57, 0.000, 0.000, 0.000, 13:39:34.601
150, 0.00, -4109.85, -3675.87, -3349.84, 0.000, 0.000, 0.000, 13:39:34.601
151, 0.00, -4055.62, -3597.54, -3199.11, 0.000, 0.000, 0.000, 13:39:34.609
152, 0.00, -4159.39, -3738.42, -3439.56, 0.000, 0.000, 0.000, 13:39:34.609
153, 0.00, -4155.54, -3745.66, -3467.60, 0.000, 0.000, 0.000, 13:39:34.624
154, 0.00, -4110.56, -3669.06, -3349.77, 0.000, 0.000, 0.000, 13:39:34.624
155, 0.00, -4056.99, -3598.46, -3203.63, 0.000, 0.000, 0.000, 13:39:34.624
156, 0.00, -4154.18, -3738.17, -3434.25, 0.000, 0.000, 0.000, 13:39:34.624
157, 0.00, -4138.39, -3745.55, -3464.15, 0.000, 0.000, 0.000, 13:39:34.639
158, 0.00, -4085.95, -3669.11, -3342.60, 0.000, 0.000, 0.000, 13:39:34.639
159, 0.00, -4048.40, -3589.38, -3195.66, 0.000, 0.000, 0.000, 13:39:34.654
160, 0.00, -4166.55, -3755.40, -3451.35, 0.000, 0.000, 0.000, 13:39:34.654
161, 0.00, -4146.69, -3756.11, -3475.14, 0.000, 0.000, 0.000, 13:39:34.654
162, 0.00, -4095.80, -3682.48, -3357.16, 0.000, 0.000, 0.000, 13:39:34.654
163, 0.00, -4059.24, -3601.14, -3197.42, 0.000, 0.000, 0.000, 13:39:34.669
164, 0.00, -4166.72, -3745.59, -3440.72, 0.000, 0.000, 0.000, 13:39:34.669
165, 0.00, -4158.53, -3751.58, -3471.93, 0.000, 0.000, 0.000, 13:39:34.684
166, 0.00, -4118.26, -3681.38, -3361.70, 0.000, 0.000, 0.000, 13:39:34.684
167, 0.00, -4073.77, -3603.17, -3208.26, 0.000, 0.000, 0.000, 13:39:34.684
168, 0.00, -4166.60, -3752.30, -3443.60, 0.000, 0.000, 0.000, 13:39:34.684
169, 0.00, -4146.44, -3747.04, -3459.50, 0.000, 0.000, 0.000, 13:39:34.699
170, 0.00, -4088.92, -3667.32, -3336.66, 0.000, 0.000, 0.000, 13:39:34.699
171, 0.00, -4053.39, -3591.42, -3182.97, 0.000, 0.000, 0.000, 13:39:34.715
172, 0.00, -4150.37, -3726.67, -3428.35, 0.000, 0.000, 0.000, 13:39:34.717
173, 0.00, -4139.79, -3731.37, -3450.73, 0.000, 0.000, 0.000, 13:39:34.717
174, 0.00, -4095.71, -3677.25, -3341.99, 0.000, 0.000, 0.000, 13:39:34.718
175, 0.00, -4048.65, -3591.66, -3182.08, 0.000, 0.000, 0.000, 13:39:34.729
176, 0.00, -4165.76, -3737.89, -3429.92, 0.000, 0.000, 0.000, 13:39:34.729
177, 0.00, -4138.10, -3733.27, -3447.54, 0.000, 0.000, 0.000, 13:39:34.745
178, 0.00, -4104.65, -3668.55, -3343.51, 0.000, 0.000, 0.000, 13:39:34.745
179, 0.00, -4057.77, -3592.03, -3186.52, 0.000, 0.000, 0.000, 13:39:34.746
180, 0.00, -4161.34, -3743.96, -3434.98, 0.000, 0.000, 0.000, 13:39:34.749
181, 0.00, -4142.81, -3745.63, -3459.71, 0.000, 0.000, 0.000, 13:39:34.759
182, 0.00, -4095.15, -3674.43, -3341.05, 0.000, 0.000, 0.000, 13:39:34.759
183, 0.00, -4062.53, -3595.43, -3191.74, 0.000, 0.000, 0.000, 13:39:34.774
184, 0.00, -4162.01, -3737.45, -3430.08, 0.000, 0.000, 0.000, 13:39:34.774
185, 0.00, -4144.18, -3735.09, -3449.05, 0.000, 0.000, 0.000, 13:39:34.774
186, 0.00, -4104.27, -3670.16, -3346.60, 0.000, 0.000, 0.000, 13:39:34.774
187, 0.00, -4068.65, -3611.40, -3207.72, 0.000, 0.000, 0.000, 13:39:34.789
188, 0.00, -4172.31, -3766.98, -3460.32, 0.000, 0.000, 0.000, 13:39:34.789
189, 0.00, -4150.73, -3760.50, -3475.00, 0.000, 0.000, 0.000, 13:39:34.804
190, 0.00, -4098.82, -3684.08, -3353.88, 0.000, 0.000, 0.000, 13:39:34.804
191, 0.00, -4066.11, -3614.58, -3216.43, 0.000, 0.000, 0.000, 13:39:34.804
192, 0.00, -4164.61, -3758.45, -3458.23, 0.000, 0.000, 0.000, 13:39:34.804
193, 0.00, -4150.84, -3750.11, -3472.49, 0.000, 0.000, 0.000, 13:39:34.826
194, 0.00, -4116.05, -3683.84, -3358.67, 0.000, 0.000, 0.000, 13:39:34.826
195, 0.00, -4075.13, -3596.86, -3205.67, 0.000, 0.000, 0.000, 13:39:34.834
196, 0.00, -4174.01, -3736.34, -3441.52, 0.000, 0.000, 0.000, 13:39:34.834
197, 0.00, -4152.57, -3735.70, -3452.69, 0.000, 0.000, 0.000, 13:39:34.834
198, 0.00, -4107.96, -3670.44, -3341.91, 0.000, 0.000, 0.000, 13:39:34.834
199, 0.00, -4061.67, -3593.55, -3196.50, 0.000, 0.000, 0.000, 13:39:34.849
200, 0.00, -4166.50, -3745.50, -3450.80, 0.000, 0.000, 0.000, 13:39:34.849
0, 0.00, -4141.27, -3746.68, -3460.67, 0.000, 0.000, 0.000, 13:39:34.849
1, 0.00, -4099.15, -3670.87, -3340.98, 0.000, 0.000, 0.000, 13:39:34.866
2, 0.00, -4059.87, -3592.71, -3184.78, 0.000, 0.000, 0.000, 13:39:34.866
3, 0.00, -4165.84, -3742.57, -3436.27, 0.000, 0.000, 0.000, 13:39:34.880
4, 0.00, -4141.53, -3735.20, -3453.21, 0.000, 0.000, 0.000, 13:39:34.881
5, 0.00, -4093.73, -3667.10, -3342.27, 0.000, 0.000, 0.000, 13:39:34.882
6, 0.00, -4048.90, -3596.96, -3195.31, 0.000, 0.000, 0.000, 13:39:34.882
7, 0.00, -4164.03, -3744.11, -3444.04, 0.000, 0.000, 0.000, 13:39:34.895
8, 0.00, -4144.60, -3733.16, -3452.13, 0.000, 0.000, 0.000, 13:39:34.895
9, 0.00, -4113.89, -3668.92, -3347.79, 0.000, 0.000, 0.000, 13:39:34.909
10, 0.00, -4066.22, -3594.22, -3194.69, 0.000, 0.000, 0.000, 13:39:34.909
11, 0.00, -4181.28, -3744.55, -3454.80, 0.000, 0.000, 0.000, 13:39:34.909
12, 0.00, -4152.93, -3734.40, -3458.11, 0.000, 0.000, 0.000, 13:39:34.910
13, 0.00, -4116.78, -3676.86, -3358.31, 0.000, 0.000, 0.000, 13:39:34.924
14, 0.00, -4072.47, -3596.60, -3200.68, 0.000, 0.000, 0.000, 13:39:34.924
15, 0.00, -4170.24, -3753.22, -3454.14, 0.000, 0.000, 0.000, 13:39:34.939
16, 0.00, -4149.04, -3742.39, -3459.03, 0.000, 0.000, 0.000, 13:39:34.939
17, 0.00, -4090.81, -3667.78, -3343.61, 0.000, 0.000, 0.000, 13:39:34.939
18, 0.00, -4051.90, -3594.27, -3191.08, 0.000, 0.000, 0.000, 13:39:34.940
19, 0.00, -4160.75, -3751.58, -3450.89, 0.000, 0.000, 0.000, 13:39:34.954
20, 0.00, -4132.95, -3747.72, -3461.42, 0.000, 0.000, 0.000, 13:39:34.954
21, 0.00, -4088.15, -3682.89, -3349.69, 0.000, 0.000, 0.000, 13:39:34.969
22, 0.00, -4047.16, -3593.48, -3193.88, 0.000, 0.000, 0.000, 13:39:34.969
23, 0.00, -4163.09, -3760.13, -3454.54, 0.000, 0.000, 0.000, 13:39:34.969
24, 0.00, -4135.85, -3751.43, -3459.21, 0.000, 0.000, 0.000, 13:39:34.970
25, 0.00, -4094.76, -3676.62, -3347.62, 0.000, 0.000, 0.000, 13:39:34.984
26, 0.00, -4050.99, -3592.51, -3195.94, 0.000, 0.000, 0.000, 13:39:34.984
27, 0.00, -4153.11, -3744.50, -3450.29, 0.000, 0.000, 0.000, 13:39:34.999
28, 0.00, -4125.07, -3723.02, -3442.95, 0.000, 0.000, 0.000, 13:39:34.999
29, 0.00, -4098.27, -3662.68, -3342.24, 0.000, 0.000, 0.000, 13:39:34.999
30, 0.00, -4057.29, -3588.61, -3189.75, 0.000, 0.000, 0.000, 13:39:35.000
31, 0.00, -4167.47, -3739.37, -3447.87, 0.000, 0.000, 0.000, 13:39:35.015
32, 0.00, -4142.14, -3725.54, -3451.07, 0.000, 0.000, 0.000, 13:39:35.015
33, 0.00, -4108.19, -3661.47, -3342.86, 0.000, 0.000, 0.000, 13:39:35.033
34, 0.00, -4068.44, -3589.71, -3194.32, 0.000, 0.000, 0.000, 13:39:35.033
35, 0.00, -4170.68, -3749.95, -3446.73, 0.000, 0.000, 0.000, 13:39:35.033
36, 0.00, -4139.26, -3740.04, -3445.19, 0.000, 0.000, 0.000, 13:39:35.033
37, 0.00, -4092.59, -3667.89, -3334.05, 0.000, 0.000, 0.000, 13:39:35.045
38, 0.00, -4052.91, -3586.51, -3184.58, 0.000, 0.000, 0.000, 13:39:35.045
39, 0.00, -4171.62, -3747.93, -3453.26, 0.000, 0.000, 0.000, 13:39:35.059
40, 0.00, -4145.36, -3732.33, -3456.77, 0.000, 0.000, 0.000, 13:39:35.059
41, 0.00, -4103.28, -3672.74, -3344.87, 0.000, 0.000, 0.000, 13:39:35.059
42, 0.00, -4066.54, -3598.52, -3200.20, 0.000, 0.000, 0.000, 13:39:35.060
43, 0.00, -4178.48, -3759.35, -3464.37, 0.000, 0.000, 0.000, 13:39:35.074
44, 0.00, -4141.97, -3743.31, -3456.49, 0.000, 0.000, 0.000, 13:39:35.074
45, 0.00, -4101.06, -3663.89, -3335.15, 0.000, 0.000, 0.000, 13:39:35.089
46, 0.00, -4061.45, -3592.27, -3186.28, 0.000, 0.000, 0.000, 13:39:35.089
47, 0.00, -4168.83, -3741.50, -3446.46, 0.000, 0.000, 0.000, 13:39:35.089
48, 0.00, -4128.85, -3726.93, -3437.04, 0.000, 0.000, 0.000, 13:39:35.089
49, 0.00, -4096.17, -3667.29, -3342.08, 0.000, 0.000, 0.000, 13:39:35.104
50, 0.00, -4055.24, -3600.70, -3192.83, 0.000, 0.000, 0.000, 13:39:35.104
51, 0.00, -4158.28, -3762.24, -3457.67, 0.000, 0.000, 0.000, 13:39:35.119
52, 0.00, -4138.14, -3744.24, -3461.06, 0.000, 0.000, 0.000, 13:39:35.119
53, 0.00, -4095.51, -3675.05, -3347.30, 0.000, 0.000, 0.000, 13:39:35.119
54, 0.00, -4060.85, -3602.50, -3203.57, 0.000, 0.000, 0.000, 13:39:35.119
55, 0.00, -4175.58, -3753.45, -3462.81, 0.000, 0.000, 0.000, 13:39:35.134
56, 0.00, -4140.48, -3739.31, -3454.04, 0.000, 0.000, 0.000, 13:39:35.134
57, 0.00, -4112.88, -3691.99, -3358.94, 0.000, 0.000, 0.000, 13:39:35.149
58, 0.00, -4070.25, -3618.08, -3211.49, 0.000, 0.000, 0.000, 13:39:35.149
59, 0.00, -4174.98, -3777.66, -3473.31, 0.000, 0.000, 0.000, 13:39:35.150
60, 0.00, -4139.67, -3749.36, -3463.47, 0.000, 0.000, 0.000, 13:39:35.150
61, 0.00, -4095.11, -3677.49, -3350.33, 0.000, 0.000, 0.000, 13:39:35.165
62, 0.00, -4062.41, -3598.49, -3199.10, 0.000, 0.000, 0.000, 13:39:35.166
63, 0.00, -4171.80, -3758.29, -3461.28, 0.000, 0.000, 0.000, 13:39:35.179
64, 0.00, -4146.18, -3743.84, -3454.62, 0.000, 0.000, 0.000, 13:39:35.180
65, 0.00, -4108.89, -3677.00, -3346.38, 0.000, 0.000, 0.000, 13:39:35.180
66, 0.00, -4060.10, -3597.65, -3190.88, 0.000, 0.000, 0.000, 13:39:35.180
67, 0.00, -4173.21, -3756.19, -3460.78, 0.000, 0.000, 0.000, 13:39:35.195
68, 0.00, -4134.91, -3738.91, -3449.66, 0.000, 0.000, 0.000, 13:39:35.195
69, 0.00, -4099.85, -3675.09, -3345.87, 0.000, 0.000, 0.000, 13:39:35.209
70, 0.00, -4054.28, -3593.33, -3191.43, 0.000, 0.000, 0.000, 13:39:35.209
71, 0.00, -4166.41, -3752.70, -3463.87, 0.000, 0.000, 0.000, 13:39:35.209
72, 0.00, -4131.56, -3731.87, -3449.29, 0.000, 0.000, 0.000, 13:39:35.209
73, 0.00, -4093.75, -3660.29, -3337.65, 0.000, 0.000, 0.000, 13:39:35.224
74, 0.00, -4058.45, -3593.51, -3192.23, 0.000, 0.000, 0.000, 13:39:35.224
75, 0.00, -4164.16, -3746.90, -3457.91, 0.000, 0.000, 0.000, 13:39:35.239
76, 0.00, -4139.54, -3733.24, -3442.87, 0.000, 0.000, 0.000, 13:39:35.239
77, 0.00, -4104.40, -3667.19, -3337.86, 0.000, 0.000, 0.000, 13:39:35.247
78, 0.00, -4049.61, -3604.19, -3200.85, 0.000, 0.000, 0.000, 13:39:35.247
79, 0.00, -4115.62, -3753.74, -3464.10, 0.000, 0.000, 0.000, 13:39:35.254
80, 0.00, -4075.08, -3727.34, -3439.60, 0.000, 0.000, 0.000, 13:39:35.254
81, 0.00, -3992.33, -3663.10, -3326.37, 0.000, 0.000, 0.000, 13:39:35.269
82, 0.00, -3926.69, -3584.04, -3172.31, 0.000, 0.000, 0.000, 13:39:35.269
83, 0.00, -4010.14, -3741.08, -3438.37, 0.000, 0.000, 0.000, 13:39:35.269
84, 0.00, -3946.12, -3720.38, -3419.85, 0.000, 0.000, 0.000, 13:39:35.269
85, 0.00, -3884.02, -3653.83, -3312.44, 0.000, 0.000, 0.000, 13:39:35.284
86, 0.00, -3833.97, -3587.69, -3170.11, 0.000, 0.000, 0.000, 13:39:35.284
87, 0.00, -3940.03, -3751.27, -3448.21, 0.000, 0.000, 0.000, 13:39:35.299
88, 0.00, -3906.73, -3724.11, -3426.27, 0.000, 0.000, 0.000, 13:39:35.299
89, 0.00, -3873.41, -3659.85, -3325.20, 0.000, 0.000, 0.000, 13:39:35.299
90, 0.00, -3858.50, -3594.80, -3187.60, 0.000, 0.000, 0.000, 13:39:35.300
91, 0.00, -3980.31, -3748.11, -3452.52, 0.000, 0.000, 0.000, 13:39:35.315
92, 0.00, -3964.39, -3721.89, -3436.26, 0.000, 0.000, 0.000, 13:39:35.315
93, 0.00, -3941.72, -3664.60, -3335.79, 0.000, 0.000, 0.000, 13:39:35.329
94, 0.00, -3933.42, -3585.39, -3177.78, 0.000, 0.000, 0.000, 13:39:35.330
95, 0.00, -4053.83, -3751.52, -3455.04, 0.000, 0.000, 0.000, 13:39:35.332
96, 0.00, -4035.54, -3729.72, -3432.08, 0.000, 0.000, 0.000, 13:39:35.332
97, 0.00, -4027.19, -3657.75, -3315.88, 0.000, 0.000, 0.000, 13:39:35.345
98, 0.00, -4002.20, -3575.02, -3163.96, 0.000, 0.000, 0.000, 13:39:35.345
99, 0.00, -4112.32, -3747.06, -3445.18, 0.000, 0.000, 0.000, 13:39:35.359
100, 0.00, -4107.14, -3724.07, -3424.31, 0.000, 0.000, 0.000, 13:39:35.359
101, 0.00, -4081.10, -3657.06, -3321.25, 0.000, 0.000, 0.000, 13:39:35.360
102, 0.00, -4065.13, -3592.46, -3191.95, 0.000, 0.000, 0.000, 13:39:35.360
103, 0.00, -4181.35, -3745.76, -3454.15, 0.000, 0.000, 0.000, 13:39:35.374
104, 0.00, -4166.22, -3727.72, -3441.84, 0.000, 0.000, 0.000, 13:39:35.374
105, 0.00, -4135.84, -3669.53, -3341.02, 0.000, 0.000, 0.000, 13:39:35.389
106, 0.00, -4097.75, -3592.95, -3193.38, 0.000, 0.000, 0.000, 13:39:35.390
107, 0.00, -4211.62, -3756.75, -3465.21, 0.000, 0.000, 0.000, 13:39:35.390
108, 0.00, -4177.34, -3729.26, -3437.25, 0.000, 0.000, 0.000, 13:39:35.390
109, 0.00, -4147.00, -3666.62, -3338.85, 0.000, 0.000, 0.000, 13:39:35.404
110, 0.00, -4115.09, -3600.74, -3198.15, 0.000, 0.000, 0.000, 13:39:35.405
111, 0.00, -4231.49, -3767.56, -3471.77, 0.000, 0.000, 0.000, 13:39:35.420
112, 0.00, -4200.90, -3738.52, -3447.32, 0.000, 0.000, 0.000, 13:39:35.420
113, 0.00, -4166.24, -3675.67, -3344.09, 0.000, 0.000, 0.000, 13:39:35.420
114, 0.00, -4120.21, -3596.66, -3199.56, 0.000, 0.000, 0.000, 13:39:35.420
115, 0.00, -4231.73, -3747.80, -3464.42, 0.000, 0.000, 0.000, 13:39:35.434
116, 0.00, -4187.40, -3738.98, -3449.90, 0.000, 0.000, 0.000, 13:39:35.435
117, 0.00, -4152.05, -3683.08, -3354.45, 0.000, 0.000, 0.000, 13:39:35.449
118, 0.00, -4119.11, -3612.51, -3202.50, 0.000, 0.000, 0.000, 13:39:35.450
119, 0.00, -4224.59, -3756.83, -3465.76, 0.000, 0.000, 0.000, 13:39:35.450
120, 0.00, -4175.57, -3710.81, -3430.77, 0.000, 0.000, 0.000, 13:39:35.450
121, 0.00, -4134.75, -3652.02, -3320.03, 0.000, 0.000, 0.000, 13:39:35.465
122, 0.00, -4089.84, -3571.72, -3171.99, 0.000, 0.000, 0.000, 13:39:35.465
123, 0.00, -4190.14, -3735.82, -3444.77, 0.000, 0.000, 0.000, 13:39:35.480
124, 0.00, -4158.01, -3716.79, -3423.89, 0.000, 0.000, 0.000, 13:39:35.481
125, 0.00, -4118.88, -3659.32, -3325.77, 0.000, 0.000, 0.000, 13:39:35.482
126, 0.00, -4069.60, -3589.25, -3178.78, 0.000, 0.000, 0.000, 13:39:35.482
127, 0.00, -4176.29, -3749.48, -3456.13, 0.000, 0.000, 0.000, 13:39:35.495
128, 0.00, -4116.23, -3725.76, -3427.74, 0.000, 0.000, 0.000, 13:39:35.496
129, 0.00, -4051.91, -3661.79, -3332.88, 0.000, 0.000, 0.000, 13:39:35.510
130, 0.00, -3995.61, -3602.69, -3194.24, 0.000, 0.000, 0.000, 13:39:35.510
131, 0.00, -4074.74, -3758.60, -3470.57, 0.000, 0.000, 0.000, 13:39:35.511
132, 0.00, -3997.88, -3721.88, -3433.41, 0.000, 0.000, 0.000, 13:39:35.511
133, 0.00, -3912.47, -3655.47, -3321.75, 0.000, 0.000, 0.000, 13:39:35.524
134, 0.00, -3851.69, -3578.57, -3172.97, 0.000, 0.000, 0.000, 13:39:35.524
135, 0.00, -3970.91, -3743.64, -3453.65, 0.000, 0.000, 0.000, 13:39:35.539
136, 0.00, -3937.03, -3714.81, -3422.30, 0.000, 0.000, 0.000, 13:39:35.539
137, 0.00, -3903.43, -3651.84, -3315.15, 0.000, 0.000, 0.000, 13:39:35.540
138, 0.00, -3897.07, -3595.91, -3180.60, 0.000, 0.000, 0.000, 13:39:35.540
139, 0.00, -4024.86, -3754.41, -3460.10, 0.000, 0.000, 0.000, 13:39:35.554
140, 0.00, -4013.82, -3721.42, -3424.11, 0.000, 0.000, 0.000, 13:39:35.554
141, 0.00, -3993.67, -3659.68, -3328.07, 0.000, 0.000, 0.000, 13:39:35.569
142, 0.00, -3973.64, -3604.21, -3186.23, 0.000, 0.000, 0.000, 13:39:35.570
143, 0.00, -4115.24, -3768.25, -3469.76, 0.000, 0.000, 0.000, 13:39:35.570
144, 0.00, -4098.41, -3742.68, -3444.63, 0.000, 0.000, 0.000, 13:39:35.570
145, 0.00, -4086.95, -3677.60, -3344.64, 0.000, 0.000, 0.000, 13:39:35.584
146, 0.00, -4064.41, -3618.77, -3206.75, 0.000, 0.000, 0.000, 13:39:35.585
147, 0.00, -4206.16, -3769.37, -3487.74, 0.000, 0.000, 0.000, 13:39:35.599
148, 0.00, -4161.93, -3733.70, -3453.80, 0.000, 0.000, 0.000, 13:39:35.599
149, 0.00, -4133.64, -3674.65, -3355.58, 0.000, 0.000, 0.000, 13:39:35.599
150, 0.00, -4103.67, -3602.97, -3207.14, 0.000, 0.000, 0.000, 13:39:35.599
151, 0.00, -4229.40, -3753.23, -3473.90, 0.000, 0.000, 0.000, 13:39:35.615
152, 0.00, -4196.12, -3720.82, -3438.75, 0.000, 0.000, 0.000, 13:39:35.615
153, 0.00, -4172.45, -3666.75, -3339.41, 0.000, 0.000, 0.000, 13:39:35.629
154, 0.00, -4131.63, -3598.39, -3199.70, 0.000, 0.000, 0.000, 13:39:35.629
155, 0.00, -4244.08, -3762.12, -3478.06, 0.000, 0.000, 0.000, 13:39:35.632
156, 0.00, -4214.77, -3730.36, -3444.82, 0.000, 0.000, 0.000, 13:39:35.632
157, 0.00, -4175.07, -3674.26, -3353.79, 0.000, 0.000, 0.000, 13:39:35.646
158, 0.00, -4138.24, -3598.36, -3199.94, 0.000, 0.000, 0.000, 13:39:35.646
159, 0.00, -4245.74, -3758.49, -3471.09, 0.000, 0.000, 0.000, 13:39:35.659
160, 0.00, -4198.67, -3726.67, -3437.52, 0.000, 0.000, 0.000, 13:39:35.659
161, 0.00, -4159.42, -3662.77, -3330.37, 0.000, 0.000, 0.000, 13:39:35.660
162, 0.00, -4129.24, -3600.58, -3194.06, 0.000, 0.000, 0.000, 13:39:35.660
163, 0.00, -4239.62, -3761.48, -3477.55, 0.000, 0.000, 0.000, 13:39:35.675
164, 0.00, -4191.42, -3716.80, -3434.72, 0.000, 0.000, 0.000, 13:39:35.675
165, 0.00, -4151.23, -3661.67, -3340.06, 0.000, 0.000, 0.000, 13:39:35.690
166, 0.00, -4096.35, -3589.93, -3190.64, 0.000, 0.000, 0.000, 13:39:35.690
167, 0.00, -4202.32, -3767.05, -3478.07, 0.000, 0.000, 0.000, 13:39:35.690
168, 0.00, -4146.87, -3733.70, -3445.58, 0.000, 0.000, 0.000, 13:39:35.690
169, 0.00, -4083.02, -3670.65, -3340.72, 0.000, 0.000, 0.000, 13:39:35.704
170, 0.00, -4034.28, -3599.58, -3190.35, 0.000, 0.000, 0.000, 13:39:35.704
171, 0.00, -4129.05, -3769.97, -3473.93, 0.000, 0.000, 0.000, 13:39:35.719
172, 0.00, -4068.79, -3726.48, -3429.27, 0.000, 0.000, 0.000, 13:39:35.719
173, 0.00, -4021.47, -3663.64, -3330.06, 0.000, 0.000, 0.000, 13:39:35.720
174, 0.00, -3969.11, -3602.58, -3198.55, 0.000, 0.000, 0.000, 13:39:35.720
175, 0.00, -4081.17, -3768.28, -3487.89, 0.000, 0.000, 0.000, 13:39:35.735
176, 0.00, -4039.17, -3728.37, -3438.02, 0.000, 0.000, 0.000, 13:39:35.735
177, 0.00, -4002.89, -3667.35, -3339.63, 0.000, 0.000, 0.000, 13:39:35.750
178, 0.00, -3981.04, -3593.15, -3194.68, 0.000, 0.000, 0.000, 13:39:35.750
179, 0.00, -4116.24, -3754.24, -3476.44, 0.000, 0.000, 0.000, 13:39:35.750
180, 0.00, -4080.17, -3720.04, -3436.61, 0.000, 0.000, 0.000, 13:39:35.750
181, 0.00, -4066.23, -3675.48, -3343.23, 0.000, 0.000, 0.000, 13:39:35.765
182, 0.00, -4042.02, -3597.07, -3197.26, 0.000, 0.000, 0.000, 13:39:35.765
183, 0.00, -4176.81, -3755.22, -3482.13, 0.000, 0.000, 0.000, 13:39:35.781
184, 0.00, -4151.80, -3726.64, -3435.52, 0.000, 0.000, 0.000, 13:39:35.782
185, 0.00, -4115.10, -3655.61, -3323.97, 0.000, 0.000, 0.000, 13:39:35.782
186, 0.00, -4087.91, -3591.14, -3173.99, 0.000, 0.000, 0.000, 13:39:35.783
187, 0.00, -4218.34, -3763.54, -3475.56, 0.000, 0.000, 0.000, 13:39:35.795
188, 0.00, -4184.37, -3737.36, -3442.20, 0.000, 0.000, 0.000, 13:39:35.795
189, 0.00, -4155.95, -3675.20, -3342.77, 0.000, 0.000, 0.000, 13:39:35.809
190, 0.00, -4135.31, -3595.93, -3193.14, 0.000, 0.000, 0.000, 13:39:35.809
191, 0.00, -4249.85, -3761.08, -3479.78, 0.000, 0.000, 0.000, 13:39:35.809
192, 0.00, -4198.40, -3717.28, -3422.66, 0.000, 0.000, 0.000, 13:39:35.810
193, 0.00, -4163.04, -3659.96, -3330.66, 0.000, 0.000, 0.000, 13:39:35.824
194, 0.00, -4138.13, -3603.33, -3199.23, 0.000, 0.000, 0.000, 13:39:35.825
195, 0.00, -4244.98, -3766.90, -3483.47, 0.000, 0.000, 0.000, 13:39:35.839
196, 0.00, -4201.31, -3732.15, -3439.57, 0.000, 0.000, 0.000, 13:39:35.840
197, 0.00, -4165.98, -3680.26, -3345.11, 0.000, 0.000, 0.000, 13:39:35.840
198, 0.00, -4122.58, -3595.98, -3191.38, 0.000, 0.000, 0.000, 13:39:35.840
199, 0.00, -4238.46, -3767.61, -3488.19, 0.000, 0.000, 0.000, 13:39:35.854
200, 0.00, -4186.53, -3726.06, -3430.66, 0.000, 0.000, 0.000, 13:39:35.854
0, 0.00, -4150.91, -3681.92, -3344.71, 0.000, 0.000, 0.000, 13:39:35.855
1, 0.00, -4108.87, -3603.65, -3188.31, 0.000, 0.000, 0.000, 13:39:35.869
2, 0.00, -4231.13, -3758.63, -3475.00, 0.000, 0.000, 0.000, 13:39:35.869
3, 0.00, -4189.49, -3730.57, -3431.96, 0.000, 0.000, 0.000, 13:39:35.884
4, 0.00, -4145.65, -3658.26, -3325.87, 0.000, 0.000, 0.000, 13:39:35.884
5, 0.00, -4108.65, -3591.81, -3181.95, 0.000, 0.000, 0.000, 13:39:35.885
6, 0.00, -4213.94, -3759.07, -3471.81, 0.000, 0.000, 0.000, 13:39:35.885
7, 0.00, -4166.69, -3719.64, -3429.27, 0.000, 0.000, 0.000, 13:39:35.899
8, 0.00, -4127.03, -3658.70, -3330.33, 0.000, 0.000, 0.000, 13:39:35.900
9, 0.00, -4096.16, -3593.05, -3188.26, 0.000, 0.000, 0.000, 13:39:35.915
10, 0.00, -4210.13, -3766.55, -3481.18, 0.000, 0.000, 0.000, 13:39:35.916
11, 0.00, -4165.34, -3718.73, -3430.63, 0.000, 0.000, 0.000, 13:39:35.916
12, 0.00, -4131.30, -3669.51, -3340.50, 0.000, 0.000, 0.000, 13:39:35.916
13, 0.00, -4102.59, -3602.75, -3202.27, 0.000, 0.000, 0.000, 13:39:35.929
14, 0.00, -4210.45, -3772.49, -3488.24, 0.000, 0.000, 0.000, 13:39:35.931
15, 0.00, -4166.07, -3738.61, -3441.73, 0.000, 0.000, 0.000, 13:39:35.947
16, 0.00, -4122.21, -3673.07, -3342.57, 0.000, 0.000, 0.000, 13:39:35.947
17, 0.00, -4091.11, -3602.12, -3199.42, 0.000, 0.000, 0.000, 13:39:35.949
18, 0.00, -4209.80, -3770.91, -3491.40, 0.000, 0.000, 0.000, 13:39:35.950
19, 0.00, -4163.99, -3735.13, -3442.16, 0.000, 0.000, 0.000, 13:39:35.959
20, 0.00, -4125.33, -3673.47, -3343.72, 0.000, 0.000, 0.000, 13:39:35.960
21, 0.00, -4107.68, -3598.31, -3198.41, 0.000, 0.000, 0.000, 13:39:35.974
22, 0.00, -4194.44, -3765.28, -3489.62, 0.000, 0.000, 0.000, 13:39:35.974
23, 0.00, -4148.92, -3725.67, -3438.56, 0.000, 0.000, 0.000, 13:39:35.982
24, 0.00, -4109.82, -3673.26, -3340.82, 0.000, 0.000, 0.000, 13:39:35.982
25, 0.00, -4078.72, -3595.42, -3197.78, 0.000, 0.000, 0.000, 13:39:35.989
26, 0.00, -4198.95, -3769.61, -3489.81, 0.000, 0.000, 0.000, 13:39:35.989
27, 0.00, -4147.54, -3722.11, -3437.51, 0.000, 0.000, 0.000, 13:39:36.004
28, 0.00, -4119.96, -3675.75, -3348.19, 0.000, 0.000, 0.000, 13:39:36.004
29, 0.00, -4091.88, -3609.15, -3207.33, 0.000, 0.000, 0.000, 13:39:36.004
30, 0.00, -4201.56, -3772.38, -3495.56, 0.000, 0.000, 0.000, 13:39:36.005
31, 0.00, -4151.95, -3714.92, -3423.32, 0.000, 0.000, 0.000, 13:39:36.019
32, 0.00, -4117.38, -3669.12, -3335.08, 0.000, 0.000, 0.000, 13:39:36.020
33, 0.00, -4080.69, -3598.26, -3189.14, 0.000, 0.000, 0.000, 13:39:36.034
34, 0.00, -4186.60, -3766.66, -3483.78, 0.000, 0.000, 0.000, 13:39:36.034
35, 0.00, -4138.57, -3720.52, -3421.61, 0.000, 0.000, 0.000, 13:39:36.034
36, 0.00, -4106.44, -3664.90, -3333.97, 0.000, 0.000, 0.000, 13:39:36.035
37, 0.00, -4082.94, -3601.75, -3192.39, 0.000, 0.000, 0.000, 13:39:36.049
38, 0.00, -4198.62, -3766.32, -3486.42, 0.000, 0.000, 0.000, 13:39:36.049
39, 0.00, -4142.63, -3720.67, -3430.04, 0.000, 0.000, 0.000, 13:39:36.066
40, 0.00, -4119.23, -3673.43, -3339.19, 0.000, 0.000, 0.000, 13:39:36.066
41, 0.00, -4077.96, -3604.94, -3195.48, 0.000, 0.000, 0.000, 13:39:36.066
42, 0.00, -4182.63, -3777.47, -3489.70, 0.000, 0.000, 0.000, 13:39:36.067
43, 0.00, -4138.76, -3735.37, -3437.71, 0.000, 0.000, 0.000, 13:39:36.080
44, 0.00, -4097.32, -3670.72, -3340.25, 0.000, 0.000, 0.000, 13:39:36.080
45, 0.00, -4073.60, -3607.32, -3204.02, 0.000, 0.000, 0.000, 13:39:36.095
46, 0.00, -4188.58, -3770.35, -3486.92, 0.000, 0.000, 0.000, 13:39:36.095
47, 0.00, -4140.56, -3719.34, -3417.45, 0.000, 0.000, 0.000, 13:39:36.095
48, 0.00, -4099.33, -3665.97, -3324.73, 0.000, 0.000, 0.000, 13:39:36.095
49, 0.00, -4064.90, -3607.37, -3200.26, 0.000, 0.000, 0.000, 13:39:36.109
50, 0.00, -4178.24, -3777.69, -3494.43, 0.000, 0.000, 0.000, 13:39:36.109
51, 0.00, -4131.05, -3721.46, -3420.29, 0.000, 0.000, 0.000, 13:39:36.124
52, 0.00, -4096.09, -3652.96, -3330.19, 0.000, 0.000, 0.000, 13:39:36.124
53, 0.00, -4073.55, -3591.99, -3190.38, 0.000, 0.000, 0.000, 13:39:36.124
54, 0.00, -4178.40, -3750.87, -3476.73, 0.000, 0.000, 0.000, 13:39:36.124
55, 0.00, -4130.99, -3714.06, -3418.72, 0.000, 0.000, 0.000, 13:39:36.139
56, 0.00, -4092.67, -3665.07, -3333.73, 0.000, 0.000, 0.000, 13:39:36.139
57, 0.00, -4054.43, -3593.48, -3192.54, 0.000, 0.000, 0.000, 13:39:36.154
58, 0.00, -4168.78, -3770.38, -3490.03, 0.000, 0.000, 0.000, 13:39:36.154
59, 0.00, -4135.71, -3730.49, -3428.45, 0.000, 0.000, 0.000, 13:39:36.154
60, 0.00, -4099.43, -3660.11, -3326.88, 0.000, 0.000, 0.000, 13:39:36.154
61, 0.00, -4067.78, -3596.56, -3190.19, 0.000, 0.000, 0.000, 13:39:36.169
62, 0.00, -4176.73, -3772.07, -3492.50, 0.000, 0.000, 0.000, 13:39:36.169
63, 0.00, -4137.71, -3722.73, -3428.92, 0.000, 0.000, 0.000, 13:39:36.184
64, 0.00, -4107.86, -3675.54, -3342.46, 0.000, 0.000, 0.000, 13:39:36.184
65, 0.00, -4076.45, -3608.87, -3207.97, 0.000, 0.000, 0.000, 13:39:36.184
66, 0.00, -4200.36, -3785.93, -3508.63, 0.000, 0.000, 0.000, 13:39:36.184
67, 0.00, -4143.65, -3730.45, -3435.24, 0.000, 0.000, 0.000, 13:39:36.199
68, 0.00, -4104.49, -3665.88, -3334.04, 0.000, 0.000, 0.000, 13:39:36.199
69, 0.00, -4069.25, -3599.52, -3190.94, 0.000, 0.000, 0.000, 13:39:36.215
70, 0.00, -4178.33, -3761.07, -3486.15, 0.000, 0.000, 0.000, 13:39:36.216
71, 0.00, -4133.92, -3708.88, -3414.19, 0.000, 0.000, 0.000, 13:39:36.216
72, 0.00, -4106.17, -3656.00, -3331.31, 0.000, 0.000, 0.000, 13:39:36.216
73, 0.00, -4079.31, -3597.86, -3190.70, 0.000, 0.000, 0.000, 13:39:36.229
74, 0.00, -4188.51, -3768.68, -3498.64, 0.000, 0.000, 0.000, 13:39:36.230
75, 0.00, -4145.43, -3737.68, -3450.25, 0.000, 0.000, 0.000, 13:39:36.245
76, 0.00, -4099.34, -3676.11, -3343.76, 0.000, 0.000, 0.000, 13:39:36.245
77, 0.00, -4060.53, -3612.34, -3207.87, 0.000, 0.000, 0.000, 13:39:36.248
78, 0.00, -4173.62, -3777.92, -3501.87, 0.000, 0.000, 0.000, 13:39:36.248
79, 0.00, -4120.21, -3721.50, -3425.85, 0.000, 0.000, 0.000, 13:39:36.259
80, 0.00, -4097.63, -3668.16, -3334.38, 0.000, 0.000, 0.000, 13:39:36.259
81, 0.00, -4074.18, -3602.44, -3206.47, 0.000, 0.000, 0.000, 13:39:36.274
82, 0.00, -4183.86, -3774.76, -3503.18, 0.000, 0.000, 0.000, 13:39:36.274
83, 0.00, -4145.42, -3735.14, -3440.45, 0.000, 0.000, 0.000, 13:39:36.275
84, 0.00, -4098.81, -3670.96, -3339.54, 0.000, 0.000, 0.000, 13:39:36.275
85, 0.00, -4080.72, -3607.04, -3209.91, 0.000, 0.000, 0.000, 13:39:36.289
86, 0.00, -4187.10, -3768.53, -3488.72, 0.000, 0.000, 0.000, 13:39:36.289
87, 0.00, -4140.10, -3719.09, -3410.06, 0.000, 0.000, 0.000, 13:39:36.304
88, 0.00, -4109.01, -3656.80, -3317.46, 0.000, 0.000, 0.000, 13:39:36.304
89, 0.00, -4086.82, -3588.56, -3181.06, 0.000, 0.000, 0.000, 13:39:36.304
90, 0.00, -4179.65, -3756.70, -3478.05, 0.000, 0.000, 0.000, 13:39:36.304
91, 0.00, -4120.51, -3704.71, -3408.47, 0.000, 0.000, 0.000, 13:39:36.320
92, 0.00, -4092.51, -3665.14, -3333.33, 0.000, 0.000, 0.000, 13:39:36.320
93, 0.00, -4069.18, -3595.43, -3190.90, 0.000, 0.000, 0.000, 13:39:36.334
94, 0.00, -4168.99, -3759.04, -3472.63, 0.000, 0.000, 0.000, 13:39:36.335
95, 0.00, -4123.14, -3709.97, -3410.55, 0.000, 0.000, 0.000, 13:39:36.342
96, 0.00, -4087.50, -3659.55, -3315.84, 0.000, 0.000, 0.000, 13:39:36.342
97, 0.00, -4070.11, -3606.87, -3193.05, 0.000, 0.000, 0.000, 13:39:36.349
98, 0.00, -4177.14, -3777.75, -3497.56, 0.000, 0.000, 0.000, 13:39:36.349
99, 0.00, -4133.96, -3734.51, -3433.23, 0.000, 0.000, 0.000, 13:39:36.365
100, 0.00, -4094.35, -3669.82, -3333.84, 0.000, 0.000, 0.000, 13:39:36.365
101, 0.00, -4082.60, -3615.03, -3213.36, 0.000, 0.000, 0.000, 13:39:36.365
102, 0.00, -4196.58, -3788.96, -3516.62, 0.000, 0.000, 0.000, 13:39:36.365
103, 0.00, -4132.65, -3729.04, -3431.66, 0.000, 0.000, 0.000, 13:39:36.395
104, 0.00, -4101.33, -3669.04, -3338.18, 0.000, 0.000, 0.000, 13:39:36.395
105, 0.00, -4078.72, -3607.34, -3205.64, 0.000, 0.000, 0.000, 13:39:36.396
106, 0.00, -4181.12, -3770.32, -3495.19, 0.000, 0.000, 0.000, 13:39:36.397
107, 0.00, -4128.16, -3722.28, -3419.83, 0.000, 0.000, 0.000, 13:39:36.398
108, 0.00, -4094.37, -3664.25, -3328.50, 0.000, 0.000, 0.000, 13:39:36.399
109, 0.00, -4064.70, -3604.11, -3201.12, 0.000, 0.000, 0.000, 13:39:36.409
110, 0.00, -4181.72, -3778.07, -3506.80, 0.000, 0.000, 0.000, 13:39:36.409
111, 0.00, -4138.04, -3724.18, -3429.44, 0.000, 0.000, 0.000, 13:39:36.424
112, 0.00, -4096.10, -3666.94, -3336.24, 0.000, 0.000, 0.000, 13:39:36.424
113, 0.00, -4077.69, -3609.30, -3204.83, 0.000, 0.000, 0.000, 13:39:36.424
114, 0.00, -4193.21, -3781.03, -3503.43, 0.000, 0.000, 0.000, 13:39:36.425
115, 0.00, -4129.01, -3718.90, -3420.05, 0.000, 0.000, 0.000, 13:39:36.440
116, 0.00, -4095.55, -3668.26, -3337.61, 0.000, 0.000, 0.000, 13:39:36.440
117, 0.00, -4072.93, -3603.41, -3201.56, 0.000, 0.000, 0.000, 13:39:36.454
118, 0.00, -4176.19, -3769.27, -3497.42, 0.000, 0.000, 0.000, 13:39:36.455
119, 0.00, -4135.73, -3719.29, -3414.64, 0.000, 0.000, 0.000, 13:39:36.455
120, 0.00, -4102.12, -3665.82, -3323.46, 0.000, 0.000, 0.000, 13:39:36.455
121, 0.00, -4083.42, -3598.12, -3193.48, 0.000, 0.000, 0.000, 13:39:36.469
122, 0.00, -4194.57, -3770.69, -3492.74, 0.000, 0.000, 0.000, 13:39:36.469
123, 0.00, -4138.79, -3709.69, -3415.48, 0.000, 0.000, 0.000, 13:39:36.484
124, 0.00, -4100.07, -3654.19, -3323.80, 0.000, 0.000, 0.000, 13:39:36.484
125, 0.00, -4069.67, -3589.28, -3191.25, 0.000, 0.000, 0.000, 13:39:36.485
126, 0.00, -4182.33, -3774.44, -3495.66, 0.000, 0.000, 0.000, 13:39:36.485
127, 0.00, -4122.53, -3712.92, -3407.99, 0.000, 0.000, 0.000, 13:39:36.499
128, 0.00, -4091.30, -3669.01, -3326.83, 0.000, 0.000, 0.000, 13:39:36.499
129, 0.00, -4065.56, -3608.05, -3196.43, 0.000, 0.000, 0.000, 13:39:36.515
130, 0.00, -4170.87, -3776.30, -3496.67, 0.000, 0.000, 0.000, 13:39:36.515
131, 0.00, -4116.78, -3718.10, -3416.29, 0.000, 0.000, 0.000, 13:39:36.516
132, 0.00, -4088.31, -3670.26, -3332.46, 0.000, 0.000, 0.000, 13:39:36.516
133, 0.00, -4065.55, -3606.10, -3203.79, 0.000, 0.000, 0.000, 13:39:36.529
134, 0.00, -4184.21, -3788.81, -3510.85, 0.000, 0.000, 0.000, 13:39:36.529
135, 0.00, -4130.02, -3726.48, -3426.07, 0.000, 0.000, 0.000, 13:39:36.545
136, 0.00, -4095.61, -3663.46, -3332.06, 0.000, 0.000, 0.000, 13:39:36.545
137, 0.00, -4067.30, -3596.01, -3196.93, 0.000, 0.000, 0.000, 13:39:36.546
138, 0.00, -4186.08, -3769.89, -3499.09, 0.000, 0.000, 0.000, 13:39:36.546
139, 0.00, -4141.43, -3721.21, -3419.27, 0.000, 0.000, 0.000, 13:39:36.559
140, 0.00, -4104.86, -3666.53, -3332.63, 0.000, 0.000, 0.000, 13:39:36.559
141, 0.00, -4093.42, -3621.87, -3219.60, 0.000, 0.000, 0.000, 13:39:36.574
142, 0.00, -4199.31, -3794.35, -3517.34, 0.000, 0.000, 0.000, 13:39:36.574
143, 0.00, -4138.94, -3733.04, -3431.20, 0.000, 0.000, 0.000, 13:39:36.575
144, 0.00, -4100.01, -3677.06, -3337.97, 0.000, 0.000, 0.000, 13:39:36.575
145, 0.00, -4075.73, -3614.74, -3205.52, 0.000, 0.000, 0.000, 13:39:36.589
146, 0.00, -4201.21, -3790.91, -3526.75, 0.000, 0.000, 0.000, 13:39:36.590
147, 0.00, -4130.64, -3723.63, -3421.29, 0.000, 0.000, 0.000, 13:39:36.605
148, 0.00, -4096.12, -3664.03, -3327.98, 0.000, 0.000, 0.000, 13:39:36.605
149, 0.00, -4073.65, -3601.91, -3198.02, 0.000, 0.000, 0.000, 13:39:36.605
150, 0.00, -4185.17, -3762.88, -3491.81, 0.000, 0.000, 0.000, 13:39:36.605
151, 0.00, -4132.03, -3712.84, -3412.56, 0.000, 0.000, 0.000, 13:39:36.619
152, 0.00, -4094.85, -3657.21, -3321.35, 0.000, 0.000, 0.000, 13:39:36.620
153, 0.00, -4075.56, -3609.45, -3203.12, 0.000, 0.000, 0.000, 13:39:36.634
154, 0.00, -4194.95, -3784.45, -3519.93, 0.000, 0.000, 0.000, 13:39:36.634
155, 0.00, -4128.39, -3712.93, -3423.67, 0.000, 0.000, 0.000, 13:39:36.635
156, 0.00, -4106.60, -3673.37, -3341.80, 0.000, 0.000, 0.000, 13:39:36.635
157, 0.00, -4079.79, -3603.44, -3212.25, 0.000, 0.000, 0.000, 13:39:36.649
158, 0.00, -4193.86, -3780.06, -3503.35, 0.000, 0.000, 0.000, 13:39:36.649
159, 0.00, -4130.79, -3717.42, -3414.94, 0.000, 0.000, 0.000, 13:39:36.679
160, 0.00, -4090.67, -3664.78, -3327.31, 0.000, 0.000, 0.000, 13:39:36.679
161, 0.00, -4091.31, -3609.26, -3202.91, 0.000, 0.000, 0.000, 13:39:36.680
162, 0.00, -4196.18, -3781.87, -3513.70, 0.000, 0.000, 0.000, 13:39:36.681
163, 0.00, -4126.66, -3710.40, -3425.47, 0.000, 0.000, 0.000, 13:39:36.682
164, 0.00, -4101.99, -3656.77, -3326.57, 0.000, 0.000, 0.000, 13:39:36.682
165, 0.00, -4091.55, -3599.59, -3200.69, 0.000, 0.000, 0.000, 13:39:36.682
166, 0.00, -4196.69, -3776.89, -3507.11, 0.000, 0.000, 0.000, 13:39:36.682
167, 0.00, -4135.20, -3717.52, -3412.55, 0.000, 0.000, 0.000, 13:39:36.695
168, 0.00, -4112.44, -3672.36, -3337.87, 0.000, 0.000, 0.000, 13:39:36.695
169, 0.00, -4097.95, -3618.76, -3214.95, 0.000, 0.000, 0.000, 13:39:36.709
170, 0.00, -4210.47, -3785.18, -3511.83, 0.000, 0.000, 0.000, 13:39:36.709
171, 0.00, -4145.80, -3715.08, -3414.99, 0.000, 0.000, 0.000, 13:39:36.724
172, 0.00, -4101.11, -3663.64, -3318.68, 0.000, 0.000, 0.000, 13:39:36.724
173, 0.00, -4077.09, -3604.74, -3197.25, 0.000, 0.000, 0.000, 13:39:36.724
174, 0.00, -4188.66, -3785.54, -3506.47, 0.000, 0.000, 0.000, 13:39:36.724
175, 0.00, -4132.84, -3716.66, -3410.11, 0.000, 0.000, 0.000, 13:39:36.748
176, 0.00, -4102.75, -3665.01, -3328.43, 0.000, 0.000, 0.000, 13:39:36.748
177, 0.00, -4084.82, -3604.01, -3199.01, 0.000, 0.000, 0.000, 13:39:36.754
178, 0.00, -4201.11, -3768.64, -3503.90, 0.000, 0.000, 0.000, 13:39:36.754
179, 0.00, -4134.53, -3702.75, -3403.72, 0.000, 0.000, 0.000, 13:39:36.754
180, 0.00, -4112.31, -3657.47, -3326.22, 0.000, 0.000, 0.000, 13:39:36.754
181, 0.00, -4089.89, -3604.27, -3208.29, 0.000, 0.000, 0.000, 13:39:36.769
182, 0.00, -4196.88, -3773.64, -3509.51, 0.000, 0.000, 0.000, 13:39:36.770
183, 0.00, -4137.71, -3717.40, -3419.03, 0.000, 0.000, 0.000, 13:39:36.784
184, 0.00, -4097.79, -3662.31, -3325.50, 0.000, 0.000, 0.000, 13:39:36.785
185, 0.00, -4065.30, -3591.95, -3186.99, 0.000, 0.000, 0.000, 13:39:36.785
186, 0.00, -4183.73, -3771.53, -3497.60, 0.000, 0.000, 0.000, 13:39:36.785
187, 0.00, -4136.90, -3710.40, -3404.78, 0.000, 0.000, 0.000, 13:39:36.799
188, 0.00, -4100.95, -3659.10, -3324.99, 0.000, 0.000, 0.000, 13:39:36.799
189, 0.00, -4090.60, -3614.82, -3215.90, 0.000, 0.000, 0.000, 13:39:36.815
190, 0.00, -4186.59, -3779.12, -3500.75, 0.000, 0.000, 0.000, 13:39:36.815
191, 0.00, -4132.32, -3712.67, -3407.32, 0.000, 0.000, 0.000, 13:39:36.815
192, 0.00, -4096.77, -3656.00, -3316.00, 0.000, 0.000, 0.000, 13:39:36.816
193, 0.00, -4074.52, -3594.01, -3190.63, 0.000, 0.000, 0.000, 13:39:36.830
194, 0.00, -4176.06, -3770.63, -3495.86, 0.000, 0.000, 0.000, 13:39:36.831
195, 0.00, -4127.42, -3714.84, -3404.69, 0.000, 0.000, 0.000, 13:39:36.845
196, 0.00, -4101.01, -3662.77, -3323.59, 0.000, 0.000, 0.000, 13:39:36.845
197, 0.00, -4077.23, -3603.98, -3201.64, 0.000, 0.000, 0.000, 13:39:36.846
198, 0.00, -4186.08, -3774.54, -3508.43, 0.000, 0.000, 0.000, 13:39:36.846
199, 0.00, -4122.78, -3711.44, -3402.88, 0.000, 0.000, 0.000, 13:39:36.859
200, 0.00, -4086.80, -3662.93, -3319.44, 0.000, 0.000, 0.000, 13:39:36.859
0, 0.00, -4061.36, -3607.09, -3192.95, 0.000, 0.000, 0.000, 13:39:36.860
1, 0.00, -4181.52, -3772.32, -3501.53, 0.000, 0.000, 0.000, 13:39:36.874
2, 0.00, -4125.83, -3705.77, -3406.89, 0.000, 0.000, 0.000, 13:39:36.874
3, 0.00, -4093.00, -3640.11, -3307.32, 0.000, 0.000, 0.000, 13:39:36.889
4, 0.00, -4101.32, -3590.37, -3193.28, 0.000, 0.000, 0.000, 13:39:36.890
5, 0.00, -4212.09, -3769.83, -3502.60, 0.000, 0.000, 0.000, 13:39:36.890
6, 0.00, -4097.00, -3717.98, -3414.41, 0.000, 0.000, 0.000, 13:39:36.890
7, 0.00, -4093.28, -3672.13, -3328.64, 0.000, 0.000, 0.000, 13:39:36.904
8, 0.00, -4081.37, -3615.37, -3216.12, 0.000, 0.000, 0.000, 13:39:36.905
9, 0.00, -4192.41, -3789.51, -3513.56, 0.000, 0.000, 0.000, 13:39:36.919
10, 0.00, -4134.83, -3715.46, -3405.31, 0.000, 0.000, 0.000, 13:39:36.919
11, 0.00, -4109.33, -3655.70, -3310.75, 0.000, 0.000, 0.000, 13:39:36.920
12, 0.00, -4089.65, -3587.93, -3185.46, 0.000, 0.000, 0.000, 13:39:36.920
13, 0.00, -4194.13, -3766.81, -3495.13, 0.000, 0.000, 0.000, 13:39:36.934
14, 0.00, -4132.99, -3709.62, -3402.59, 0.000, 0.000, 0.000, 13:39:36.934
15, 0.00, -4090.37, -3653.41, -3315.83, 0.000, 0.000, 0.000, 13:39:36.949
16, 0.00, -4079.49, -3608.78, -3206.87, 0.000, 0.000, 0.000, 13:39:36.949
17, 0.00, -4200.94, -3779.05, -3517.73, 0.000, 0.000, 0.000, 13:39:36.950
18, 0.00, -4135.70, -3707.25, -3409.38, 0.000, 0.000, 0.000, 13:39:36.950
19, 0.00, -4100.39, -3653.79, -3321.22, 0.000, 0.000, 0.000, 13:39:36.965
20, 0.00, -4075.78, -3604.37, -3205.04, 0.000, 0.000, 0.000, 13:39:36.965
21, 0.00, -4195.26, -3796.05, -3524.79, 0.000, 0.000, 0.000, 13:39:36.981
22, 0.00, -4129.92, -3725.90, -3425.40, 0.000, 0.000, 0.000, 13:39:36.981
23, 0.00, -4101.31, -3684.28, -3343.67, 0.000, 0.000, 0.000, 13:39:36.982
24, 0.00, -4072.73, -3617.63, -3214.67, 0.000, 0.000, 0.000, 13:39:36.982
25, 0.00, -4179.65, -3778.17, -3508.60, 0.000, 0.000, 0.000, 13:39:36.995
26, 0.00, -4109.04, -3703.53, -3396.95, 0.000, 0.000, 0.000, 13:39:36.995
27, 0.00, -4081.05, -3656.57, -3313.59, 0.000, 0.000, 0.000, 13:39:37.009
28, 0.00, -4062.81, -3595.87, -3197.12, 0.000, 0.000, 0.000, 13:39:37.009
29, 0.00, -4183.06, -3783.63, -3512.67, 0.000, 0.000, 0.000, 13:39:37.010
30, 0.00, -4116.85, -3708.52, -3401.17, 0.000, 0.000, 0.000, 13:39:37.010
31, 0.00, -4086.43, -3653.70, -3316.88, 0.000, 0.000, 0.000, 13:39:37.024
32, 0.00, -4075.34, -3599.93, -3199.72, 0.000, 0.000, 0.000, 13:39:37.024
33, 0.00, -4182.88, -3776.32, -3511.64, 0.000, 0.000, 0.000, 13:39:37.039
34, 0.00, -4122.09, -3709.15, -3416.78, 0.000, 0.000, 0.000, 13:39:37.039
35, 0.00, -4091.25, -3654.83, -3325.15, 0.000, 0.000, 0.000, 13:39:37.043
36, 0.00, -4067.33, -3606.82, -3204.09, 0.000, 0.000, 0.000, 13:39:37.043
37, 0.00, -4184.61, -3790.03, -3520.45, 0.000, 0.000, 0.000, 13:39:37.054
38, 0.00, -4126.30, -3716.28, -3405.44, 0.000, 0.000, 0.000, 13:39:37.054
39, 0.00, -4093.09, -3666.70, -3322.67, 0.000, 0.000, 0.000, 13:39:37.071
40, 0.00, -4080.38, -3610.57, -3203.09, 0.000, 0.000, 0.000, 13:39:37.071
41, 0.00, -4195.89, -3785.42, -3523.92, 0.000, 0.000, 0.000, 13:39:37.071
42, 0.00, -4142.20, -3724.71, -3426.95, 0.000, 0.000, 0.000, 13:39:37.072
43, 0.00, -4120.14, -3677.80, -3349.06, 0.000, 0.000, 0.000, 13:39:37.084
44, 0.00, -4091.94, -3636.51, -3241.66, 0.000, 0.000, 0.000, 13:39:37.085
45, 0.00, -4190.65, -3795.79, -3538.07, 0.000, 0.000, 0.000, 13:39:37.099
46, 0.00, -4120.98, -3722.53, -3415.17, 0.000, 0.000, 0.000, 13:39:37.100
47, 0.00, -4082.24, -3665.54, -3326.60, 0.000, 0.000, 0.000, 13:39:37.100
48, 0.00, -4075.07, -3618.45, -3219.34, 0.000, 0.000, 0.000, 13:39:37.100
49, 0.00, -4183.85, -3785.98, -3513.93, 0.000, 0.000, 0.000, 13:39:37.115
50, 0.00, -4125.71, -3707.03, -3399.97, 0.000, 0.000, 0.000, 13:39:37.116
51, 0.00, -4101.42, -3655.67, -3312.13, 0.000, 0.000, 0.000, 13:39:37.130
52, 0.00, -4081.21, -3600.64, -3201.75, 0.000, 0.000, 0.000, 13:39:37.131
53, 0.00, -4186.83, -3779.51, -3513.18, 0.000, 0.000, 0.000, 13:39:37.132
54, 0.00, -4118.61, -3707.79, -3392.17, 0.000, 0.000, 0.000, 13:39:37.133
55, 0.00, -4092.08, -3656.10, -3307.98, 0.000, 0.000, 0.000, 13:39:37.151
56, 0.00, -4091.42, -3613.60, -3203.95, 0.000, 0.000, 0.000, 13:39:37.151
57, 0.00, -4195.11, -3780.86, -3511.70, 0.000, 0.000, 0.000, 13:39:37.159
58, 0.00, -4125.83, -3708.64, -3396.02, 0.000, 0.000, 0.000, 13:39:37.160
59, 0.00, -4094.35, -3650.15, -3313.06, 0.000, 0.000, 0.000, 13:39:37.160
60, 0.00, -4073.86, -3602.37, -3196.61, 0.000, 0.000, 0.000, 13:39:37.160
61, 0.00, -4189.59, -3775.52, -3512.79, 0.000, 0.000, 0.000, 13:39:37.175
62, 0.00, -4124.20, -3696.77, -3398.90, 0.000, 0.000, 0.000, 13:39:37.175
63, 0.00, -4095.94, -3648.15, -3312.61, 0.000, 0.000, 0.000, 13:39:37.190
64, 0.00, -4080.72, -3610.84, -3213.74, 0.000, 0.000, 0.000, 13:39:37.190
65, 0.00, -4180.65, -3782.76, -3524.26, 0.000, 0.000, 0.000, 13:39:37.190
66, 0.00, -4121.70, -3720.43, -3414.62, 0.000, 0.000, 0.000, 13:39:37.190
67, 0.00, -4081.08, -3649.54, -3308.39, 0.000, 0.000, 0.000, 13:39:37.205
68, 0.00, -4070.19, -3601.61, -3199.50, 0.000, 0.000, 0.000, 13:39:37.205
69, 0.00, -4184.39, -3771.80, -3504.76, 0.000, 0.000, 0.000, 13:39:37.219
70, 0.00, -4126.93, -3696.18, -3394.52, 0.000, 0.000, 0.000, 13:39:37.219
71, 0.00, -4104.15, -3656.49, -3315.02, 0.000, 0.000, 0.000, 13:39:37.220
72, 0.00, -4081.95, -3619.11, -3218.41, 0.000, 0.000, 0.000, 13:39:37.220
73, 0.00, -4192.68, -3797.95, -3529.10, 0.000, 0.000, 0.000, 13:39:37.236
74, 0.00, -4120.30, -3717.54, -3409.91, 0.000, 0.000, 0.000, 13:39:37.236
75, 0.00, -4086.16, -3655.76, -3314.97, 0.000, 0.000, 0.000, 13:39:37.250
76, 0.00, -4064.06, -3600.22, -3195.02, 0.000, 0.000, 0.000, 13:39:37.250
77, 0.00, -4177.54, -3775.64, -3503.83, 0.000, 0.000, 0.000, 13:39:37.251
78, 0.00, -4106.16, -3695.38, -3388.93, 0.000, 0.000, 0.000, 13:39:37.251
79, 0.00, -4069.84, -3648.04, -3303.05, 0.000, 0.000, 0.000, 13:39:37.265
80, 0.00, -4062.05, -3607.49, -3205.99, 0.000, 0.000, 0.000, 13:39:37.265
81, 0.00, -4174.02, -3783.23, -3518.77, 0.000, 0.000, 0.000, 13:39:37.279
82, 0.00, -4117.39, -3719.22, -3401.00, 0.000, 0.000, 0.000, 13:39:37.279
83, 0.00, -4086.59, -3661.85, -3317.11, 0.000, 0.000, 0.000, 13:39:37.280
84, 0.00, -4081.52, -3613.54, -3217.61, 0.000, 0.000, 0.000, 13:39:37.281
85, 0.00, -4195.62, -3791.23, -3524.24, 0.000, 0.000, 0.000, 13:39:37.295
86, 0.00, -4120.54, -3705.63, -3404.36, 0.000, 0.000, 0.000, 13:39:37.295
87, 0.00, -4096.25, -3649.99, -3307.81, 0.000, 0.000, 0.000, 13:39:37.309
88, 0.00, -4076.30, -3608.44, -3200.97, 0.000, 0.000, 0.000, 13:39:37.309
89, 0.00, -4191.78, -3782.98, -3520.40, 0.000, 0.000, 0.000, 13:39:37.309
90, 0.00, -4130.69, -3714.38, -3405.87, 0.000, 0.000, 0.000, 13:39:37.310
91, 0.00, -4089.42, -3655.71, -3315.17, 0.000, 0.000, 0.000, 13:39:37.324
92, 0.00, -4075.64, -3621.00, -3220.10, 0.000, 0.000, 0.000, 13:39:37.324
93, 0.00, -4186.64, -3815.54, -3541.66, 0.000, 0.000, 0.000, 13:39:37.339
94, 0.00, -4129.37, -3722.07, -3417.48, 0.000, 0.000, 0.000, 13:39:37.339
95, 0.00, -4087.95, -3659.34, -3320.92, 0.000, 0.000, 0.000, 13:39:37.339
96, 0.00, -4084.11, -3615.48, -3214.83, 0.000, 0.000, 0.000, 13:39:37.339
97, 0.00, -4193.33, -3786.54, -3520.55, 0.000, 0.000, 0.000, 13:39:37.354
98, 0.00, -4130.58, -3705.05, -3397.69, 0.000, 0.000, 0.000, 13:39:37.354
99, 0.00, -4091.76, -3643.35, -3310.52, 0.000, 0.000, 0.000, 13:39:37.369
100, 0.00, -4070.49, -3604.91, -3207.21, 0.000, 0.000, 0.000, 13:39:37.369
101, 0.00, -4187.25, -3784.61, -3524.53, 0.000, 0.000, 0.000, 13:39:37.370
102, 0.00, -4132.29, -3711.85, -3405.76, 0.000, 0.000, 0.000, 13:39:37.370
103, 0.00, -4100.59, -3662.23, -3318.45, 0.000, 0.000, 0.000, 13:39:37.384
104, 0.00, -4086.49, -3616.97, -3218.31, 0.000, 0.000, 0.000, 13:39:37.384
105, 0.00, -4200.62, -3795.57, -3525.59, 0.000, 0.000, 0.000, 13:39:37.399
106, 0.00, -4133.62, -3715.01, -3404.88, 0.000, 0.000, 0.000, 13:39:37.399
107, 0.00, -4083.16, -3651.35, -3301.64, 0.000, 0.000, 0.000, 13:39:37.399
108, 0.00, -4080.31, -3610.27, -3209.62, 0.000, 0.000, 0.000, 13:39:37.399
109, 0.00, -4196.89, -3783.54, -3519.49, 0.000, 0.000, 0.000, 13:39:37.414
110, 0.00, -4125.78, -3701.28, -3395.16, 0.000, 0.000, 0.000, 13:39:37.415
111, 0.00, -4090.58, -3651.21, -3306.22, 0.000, 0.000, 0.000, 13:39:37.430
112, 0.00, -4082.00, -3612.82, -3205.66, 0.000, 0.000, 0.000, 13:39:37.430
113, 0.00, -4194.07, -3788.14, -3521.98, 0.000, 0.000, 0.000, 13:39:37.430
114, 0.00, -4118.73, -3715.28, -3404.94, 0.000, 0.000, 0.000, 13:39:37.430
115, 0.00, -4091.53, -3666.38, -3317.01, 0.000, 0.000, 0.000, 13:39:37.445
116, 0.00, -4087.46, -3624.74, -3221.38, 0.000, 0.000, 0.000, 13:39:37.445
117, 0.00, -4192.37, -3792.65, -3525.42, 0.000, 0.000, 0.000, 13:39:37.459
118, 0.00, -4131.48, -3713.05, -3401.61, 0.000, 0.000, 0.000, 13:39:37.459
119, 0.00, -4102.38, -3660.40, -3317.04, 0.000, 0.000, 0.000, 13:39:37.460
120, 0.00, -4085.28, -3623.42, -3226.74, 0.000, 0.000, 0.000, 13:39:37.460
121, 0.00, -4198.48, -3802.11, -3532.08, 0.000, 0.000, 0.000, 13:39:37.474
122, 0.00, -4148.09, -3726.60, -3421.11, 0.000, 0.000, 0.000, 13:39:37.475
123, 0.00, -4101.99, -3659.91, -3321.95, 0.000, 0.000, 0.000, 13:39:37.489
124, 0.00, -4085.69, -3614.11, -3222.81, 0.000, 0.000, 0.000, 13:39:37.490
125, 0.00, -4190.77, -3789.57, -3529.78, 0.000, 0.000, 0.000, 13:39:37.490
126, 0.00, -4129.28, -3706.52, -3403.25, 0.000, 0.000, 0.000, 13:39:37.490
