%No., CH1, CH2, CH3, CH4, Accel X, Accel Y, Accel Z, 2017-05-31_13-38-27
0, 0.00, -4125.62, -3712.15, -3376.37, 0.000, 0.000, 0.000, 13:38:34.420
1, 0.00, -4054.86, -3615.95, -3205.34, 0.000, 0.000, 0.000, 13:38:34.432
2, 0.00, -4134.32, -3729.77, -3412.29, 0.000, 0.000, 0.000, 13:38:34.433
3, 0.00, -4177.93, -3791.49, -3505.50, 0.000, 0.000, 0.000, 13:38:34.445
4, 0.00, -4116.76, -3714.02, -3375.25, 0.000, 0.000, 0.000, 13:38:34.446
5, 0.00, -4035.22, -3600.15, -3195.51, 0.000, 0.000, 0.000, 13:38:34.447
6, 0.00, -4103.55, -3713.36, -3401.01, 0.000, 0.000, 0.000, 13:38:34.449
7, 0.00, -4151.74, -3781.46, -3497.83, 0.000, 0.000, 0.000, 13:38:34.468
8, 0.00, -4105.87, -3704.42, -3379.92, 0.000, 0.000, 0.000, 13:38:34.470
9, 0.00, -4024.29, -3598.46, -3198.02, 0.000, 0.000, 0.000, 13:38:34.474
10, 0.00, -4106.34, -3705.00, -3393.01, 0.000, 0.000, 0.000, 13:38:34.475
11, 0.00, -4150.21, -3772.66, -3478.99, 0.000, 0.000, 0.000, 13:38:34.476
12, 0.00, -4091.45, -3685.07, -3347.43, 0.000, 0.000, 0.000, 13:38:34.476
13, 0.00, -4000.82, -3565.10, -3164.24, 0.000, 0.000, 0.000, 13:38:34.489
14, 0.00, -4093.42, -3700.30, -3381.89, 0.000, 0.000, 0.000, 13:38:34.490
15, 0.00, -4151.98, -3781.10, -3486.85, 0.000, 0.000, 0.000, 13:38:34.504
16, 0.00, -4093.17, -3692.82, -3356.65, 0.000, 0.000, 0.000, 13:38:34.505
17, 0.00, -4008.73, -3577.96, -3182.08, 0.000, 0.000, 0.000, 13:38:34.506
18, 0.00, -4087.02, -3696.07, -3378.81, 0.000, 0.000, 0.000, 13:38:34.506
19, 0.00, -4151.92, -3777.63, -3482.93, 0.000, 0.000, 0.000, 13:38:34.520
20, 0.00, -4077.31, -3688.74, -3354.23, 0.000, 0.000, 0.000, 13:38:34.520
21, 0.00, -3991.04, -3574.34, -3179.28, 0.000, 0.000, 0.000, 13:38:34.534
22, 0.00, -4088.70, -3703.96, -3378.59, 0.000, 0.000, 0.000, 13:38:34.535
23, 0.00, -4161.84, -3789.87, -3492.22, 0.000, 0.000, 0.000, 13:38:34.540
24, 0.00, -4091.81, -3700.20, -3364.17, 0.000, 0.000, 0.000, 13:38:34.541
25, 0.00, -4000.88, -3573.18, -3180.93, 0.000, 0.000, 0.000, 13:38:34.550
26, 0.00, -4095.02, -3705.60, -3376.82, 0.000, 0.000, 0.000, 13:38:34.551
27, 0.00, -4164.76, -3793.57, -3492.12, 0.000, 0.000, 0.000, 13:38:34.564
28, 0.00, -4081.00, -3685.44, -3357.53, 0.000, 0.000, 0.000, 13:38:34.566
29, 0.00, -3969.21, -3557.63, -3168.10, 0.000, 0.000, 0.000, 13:38:34.569
30, 0.00, -4088.75, -3691.14, -3367.08, 0.000, 0.000, 0.000, 13:38:34.571
31, 0.00, -4165.83, -3783.05, -3476.71, 0.000, 0.000, 0.000, 13:38:34.579
32, 0.00, -4081.05, -3686.92, -3340.59, 0.000, 0.000, 0.000, 13:38:34.580
33, 0.00, -3983.98, -3556.10, -3166.01, 0.000, 0.000, 0.000, 13:38:34.594
34, 0.00, -4110.84, -3713.44, -3386.54, 0.000, 0.000, 0.000, 13:38:34.595
35, 0.00, -4182.39, -3798.09, -3508.84, 0.000, 0.000, 0.000, 13:38:34.595
36, 0.00, -4105.27, -3703.70, -3374.60, 0.000, 0.000, 0.000, 13:38:34.596
37, 0.00, -3973.75, -3551.10, -3164.70, 0.000, 0.000, 0.000, 13:38:34.625
38, 0.00, -4099.82, -3700.64, -3365.75, 0.000, 0.000, 0.000, 13:38:34.625
39, 0.00, -4170.44, -3781.11, -3478.76, 0.000, 0.000, 0.000, 13:38:34.626
40, 0.00, -4100.68, -3691.38, -3354.91, 0.000, 0.000, 0.000, 13:38:34.626
41, 0.00, -3981.53, -3554.04, -3172.61, 0.000, 0.000, 0.000, 13:38:34.626
42, 0.00, -4098.31, -3709.12, -3386.74, 0.000, 0.000, 0.000, 13:38:34.627
43, 0.00, -4186.10, -3800.80, -3505.98, 0.000, 0.000, 0.000, 13:38:34.641
44, 0.00, -4090.52, -3695.98, -3358.42, 0.000, 0.000, 0.000, 13:38:34.642
45, 0.00, -3976.17, -3548.24, -3167.84, 0.000, 0.000, 0.000, 13:38:34.654
46, 0.00, -4098.77, -3692.76, -3361.89, 0.000, 0.000, 0.000, 13:38:34.655
47, 0.00, -4175.44, -3791.19, -3488.99, 0.000, 0.000, 0.000, 13:38:34.655
48, 0.00, -4084.76, -3687.13, -3356.03, 0.000, 0.000, 0.000, 13:38:34.656
49, 0.00, -3954.85, -3537.87, -3158.21, 0.000, 0.000, 0.000, 13:38:34.670
50, 0.00, -4102.70, -3699.78, -3364.69, 0.000, 0.000, 0.000, 13:38:34.670
51, 0.00, -4208.85, -3788.13, -3483.21, 0.000, 0.000, 0.000, 13:38:34.684
52, 0.00, -4075.04, -3686.30, -3346.99, 0.000, 0.000, 0.000, 13:38:34.685
53, 0.00, -3934.43, -3543.34, -3149.60, 0.000, 0.000, 0.000, 13:38:34.685
54, 0.00, -4067.46, -3687.62, -3356.72, 0.000, 0.000, 0.000, 13:38:34.685
55, 0.00, -4151.03, -3784.71, -3483.92, 0.000, 0.000, 0.000, 13:38:34.700
56, 0.00, -4027.78, -3680.66, -3343.72, 0.000, 0.000, 0.000, 13:38:34.701
57, 0.00, -3920.60, -3538.49, -3153.29, 0.000, 0.000, 0.000, 13:38:34.714
58, 0.00, -4053.52, -3698.93, -3361.95, 0.000, 0.000, 0.000, 13:38:34.716
59, 0.00, -4128.13, -3788.55, -3480.91, 0.000, 0.000, 0.000, 13:38:34.716
60, 0.00, -4019.76, -3685.76, -3345.18, 0.000, 0.000, 0.000, 13:38:34.717
61, 0.00, -3907.35, -3555.46, -3166.95, 0.000, 0.000, 0.000, 13:38:34.729
62, 0.00, -4021.78, -3706.61, -3371.85, 0.000, 0.000, 0.000, 13:38:34.730
63, 0.00, -4082.54, -3789.22, -3486.16, 0.000, 0.000, 0.000, 13:38:34.744
64, 0.00, -3966.30, -3695.48, -3353.38, 0.000, 0.000, 0.000, 13:38:34.744
65, 0.00, -3804.88, -3552.09, -3171.57, 0.000, 0.000, 0.000, 13:38:34.745
66, 0.00, -3927.47, -3702.75, -3370.38, 0.000, 0.000, 0.000, 13:38:34.745
67, 0.00, -3967.19, -3787.46, -3483.94, 0.000, 0.000, 0.000, 13:38:34.759
68, 0.00, -3884.71, -3694.17, -3352.00, 0.000, 0.000, 0.000, 13:38:34.760
69, 0.00, -3792.56, -3548.05, -3162.98, 0.000, 0.000, 0.000, 13:38:34.774
70, 0.00, -3937.33, -3700.07, -3370.14, 0.000, 0.000, 0.000, 13:38:34.775
71, 0.00, -4015.24, -3793.24, -3493.74, 0.000, 0.000, 0.000, 13:38:34.777
72, 0.00, -3948.46, -3696.03, -3361.22, 0.000, 0.000, 0.000, 13:38:34.777
73, 0.00, -3864.41, -3556.51, -3178.05, 0.000, 0.000, 0.000, 13:38:34.790
74, 0.00, -4003.33, -3720.02, -3383.46, 0.000, 0.000, 0.000, 13:38:34.790
75, 0.00, -4095.61, -3786.21, -3485.48, 0.000, 0.000, 0.000, 13:38:34.804
76, 0.00, -4035.60, -3700.56, -3365.92, 0.000, 0.000, 0.000, 13:38:34.805
77, 0.00, -3935.21, -3555.75, -3167.98, 0.000, 0.000, 0.000, 13:38:34.811
78, 0.00, -4069.14, -3710.88, -3380.08, 0.000, 0.000, 0.000, 13:38:34.812
79, 0.00, -4155.00, -3782.91, -3474.80, 0.000, 0.000, 0.000, 13:38:34.819
80, 0.00, -4089.39, -3695.87, -3356.52, 0.000, 0.000, 0.000, 13:38:34.819
81, 0.00, -3984.78, -3548.36, -3170.05, 0.000, 0.000, 0.000, 13:38:34.834
82, 0.00, -4146.16, -3720.56, -3399.65, 0.000, 0.000, 0.000, 13:38:34.835
83, 0.00, -4204.54, -3780.21, -3489.90, 0.000, 0.000, 0.000, 13:38:34.836
84, 0.00, -4139.40, -3685.93, -3363.68, 0.000, 0.000, 0.000, 13:38:34.837
85, 0.00, -4033.39, -3558.42, -3171.47, 0.000, 0.000, 0.000, 13:38:34.850
86, 0.00, -4173.42, -3725.98, -3391.90, 0.000, 0.000, 0.000, 13:38:34.850
87, 0.00, -4221.59, -3788.37, -3493.35, 0.000, 0.000, 0.000, 13:38:34.865
88, 0.00, -4141.71, -3688.32, -3361.10, 0.000, 0.000, 0.000, 13:38:34.866
89, 0.00, -4016.43, -3534.38, -3155.37, 0.000, 0.000, 0.000, 13:38:34.867
90, 0.00, -4174.92, -3731.41, -3401.04, 0.000, 0.000, 0.000, 13:38:34.867
91, 0.00, -4237.84, -3786.43, -3491.21, 0.000, 0.000, 0.000, 13:38:34.879
92, 0.00, -4152.76, -3683.35, -3356.60, 0.000, 0.000, 0.000, 13:38:34.879
93, 0.00, -4034.05, -3536.67, -3154.87, 0.000, 0.000, 0.000, 13:38:34.894
94, 0.00, -4181.42, -3715.43, -3390.58, 0.000, 0.000, 0.000, 13:38:34.894
95, 0.00, -4233.14, -3778.64, -3484.43, 0.000, 0.000, 0.000, 13:38:34.895
96, 0.00, -4144.04, -3676.04, -3351.06, 0.000, 0.000, 0.000, 13:38:34.895
97, 0.00, -4029.26, -3535.04, -3149.15, 0.000, 0.000, 0.000, 13:38:34.909
98, 0.00, -4180.26, -3722.22, -3394.29, 0.000, 0.000, 0.000, 13:38:34.909
99, 0.00, -4228.32, -3785.82, -3488.30, 0.000, 0.000, 0.000, 13:38:34.924
100, 0.00, -4140.23, -3687.14, -3348.55, 0.000, 0.000, 0.000, 13:38:34.924
101, 0.00, -4016.37, -3539.74, -3154.28, 0.000, 0.000, 0.000, 13:38:34.924
102, 0.00, -4186.55, -3729.28, -3408.49, 0.000, 0.000, 0.000, 13:38:34.925
103, 0.00, -4234.73, -3787.37, -3496.15, 0.000, 0.000, 0.000, 13:38:34.939
104, 0.00, -4143.36, -3678.20, -3353.52, 0.000, 0.000, 0.000, 13:38:34.939
105, 0.00, -4008.55, -3531.78, -3143.82, 0.000, 0.000, 0.000, 13:38:34.954
106, 0.00, -4166.52, -3725.32, -3401.93, 0.000, 0.000, 0.000, 13:38:34.954
107, 0.00, -4207.50, -3797.71, -3505.03, 0.000, 0.000, 0.000, 13:38:34.954
108, 0.00, -4110.33, -3682.25, -3347.39, 0.000, 0.000, 0.000, 13:38:34.955
109, 0.00, -3971.92, -3513.66, -3125.56, 0.000, 0.000, 0.000, 13:38:34.970
110, 0.00, -4146.10, -3718.68, -3391.57, 0.000, 0.000, 0.000, 13:38:34.971
111, 0.00, -4192.20, -3773.48, -3483.93, 0.000, 0.000, 0.000, 13:38:34.984
112, 0.00, -4095.79, -3669.96, -3338.10, 0.000, 0.000, 0.000, 13:38:34.985
113, 0.00, -3960.25, -3514.14, -3137.78, 0.000, 0.000, 0.000, 13:38:34.986
114, 0.00, -4140.19, -3730.42, -3407.60, 0.000, 0.000, 0.000, 13:38:34.988
115, 0.00, -4204.21, -3799.40, -3510.98, 0.000, 0.000, 0.000, 13:38:35.000
116, 0.00, -4107.28, -3682.78, -3359.99, 0.000, 0.000, 0.000, 13:38:35.001
117, 0.00, -3967.70, -3524.97, -3139.07, 0.000, 0.000, 0.000, 13:38:35.015
118, 0.00, -4153.60, -3735.55, -3411.52, 0.000, 0.000, 0.000, 13:38:35.016
119, 0.00, -4198.53, -3793.54, -3493.59, 0.000, 0.000, 0.000, 13:38:35.018
120, 0.00, -4103.52, -3681.23, -3349.79, 0.000, 0.000, 0.000, 13:38:35.019
121, 0.00, -3961.10, -3526.88, -3144.32, 0.000, 0.000, 0.000, 13:38:35.029
122, 0.00, -4149.76, -3746.24, -3421.30, 0.000, 0.000, 0.000, 13:38:35.030
123, 0.00, -4198.28, -3801.61, -3506.23, 0.000, 0.000, 0.000, 13:38:35.044
124, 0.00, -4106.19, -3680.35, -3350.33, 0.000, 0.000, 0.000, 13:38:35.045
125, 0.00, -3975.55, -3528.13, -3139.56, 0.000, 0.000, 0.000, 13:38:35.047
126, 0.00, -4153.71, -3735.14, -3405.44, 0.000, 0.000, 0.000, 13:38:35.048
127, 0.00, -4185.75, -3780.25, -3484.29, 0.000, 0.000, 0.000, 13:38:35.059
128, 0.00, -4088.18, -3673.43, -3334.02, 0.000, 0.000, 0.000, 13:38:35.060
129, 0.00, -3957.38, -3521.83, -3126.38, 0.000, 0.000, 0.000, 13:38:35.074
130, 0.00, -4126.85, -3727.03, -3390.36, 0.000, 0.000, 0.000, 13:38:35.075
131, 0.00, -4161.00, -3769.64, -3470.51, 0.000, 0.000, 0.000, 13:38:35.075
132, 0.00, -4074.29, -3662.44, -3331.39, 0.000, 0.000, 0.000, 13:38:35.075
133, 0.00, -3951.58, -3524.48, -3134.26, 0.000, 0.000, 0.000, 13:38:35.089
134, 0.00, -4128.34, -3732.31, -3412.48, 0.000, 0.000, 0.000, 13:38:35.089
135, 0.00, -4169.05, -3779.89, -3493.23, 0.000, 0.000, 0.000, 13:38:35.104
136, 0.00, -4073.07, -3668.35, -3339.90, 0.000, 0.000, 0.000, 13:38:35.104
137, 0.00, -3944.19, -3511.42, -3124.30, 0.000, 0.000, 0.000, 13:38:35.105
138, 0.00, -4123.21, -3728.20, -3402.48, 0.000, 0.000, 0.000, 13:38:35.105
139, 0.00, -4153.58, -3771.76, -3481.80, 0.000, 0.000, 0.000, 13:38:35.121
140, 0.00, -4071.38, -3669.54, -3337.42, 0.000, 0.000, 0.000, 13:38:35.121
141, 0.00, -3945.62, -3518.45, -3132.83, 0.000, 0.000, 0.000, 13:38:35.134
142, 0.00, -4125.60, -3731.40, -3408.12, 0.000, 0.000, 0.000, 13:38:35.135
143, 0.00, -4162.33, -3775.69, -3489.48, 0.000, 0.000, 0.000, 13:38:35.137
144, 0.00, -4070.37, -3675.33, -3341.32, 0.000, 0.000, 0.000, 13:38:35.138
145, 0.00, -3949.71, -3528.48, -3139.55, 0.000, 0.000, 0.000, 13:38:35.150
146, 0.00, -4127.69, -3746.26, -3422.74, 0.000, 0.000, 0.000, 13:38:35.151
147, 0.00, -4163.90, -3790.60, -3493.50, 0.000, 0.000, 0.000, 13:38:35.164
148, 0.00, -4069.43, -3688.20, -3352.69, 0.000, 0.000, 0.000, 13:38:35.165
149, 0.00, -3946.82, -3529.41, -3140.54, 0.000, 0.000, 0.000, 13:38:35.166
150, 0.00, -4131.74, -3746.83, -3420.10, 0.000, 0.000, 0.000, 13:38:35.167
151, 0.00, -4164.11, -3785.15, -3489.46, 0.000, 0.000, 0.000, 13:38:35.179
152, 0.00, -4074.59, -3674.22, -3333.84, 0.000, 0.000, 0.000, 13:38:35.179
153, 0.00, -3957.96, -3530.47, -3137.15, 0.000, 0.000, 0.000, 13:38:35.194
154, 0.00, -4140.15, -3746.61, -3413.46, 0.000, 0.000, 0.000, 13:38:35.194
155, 0.00, -4169.28, -3790.56, -3488.26, 0.000, 0.000, 0.000, 13:38:35.195
156, 0.00, -4086.76, -3683.98, -3351.91, 0.000, 0.000, 0.000, 13:38:35.195
157, 0.00, -3954.21, -3527.96, -3139.49, 0.000, 0.000, 0.000, 13:38:35.209
158, 0.00, -4148.29, -3746.09, -3425.57, 0.000, 0.000, 0.000, 13:38:35.209
159, 0.00, -4179.24, -3781.97, -3486.81, 0.000, 0.000, 0.000, 13:38:35.225
160, 0.00, -4079.45, -3664.83, -3333.40, 0.000, 0.000, 0.000, 13:38:35.225
161, 0.00, -3945.89, -3510.18, -3114.56, 0.000, 0.000, 0.000, 13:38:35.225
162, 0.00, -4125.41, -3737.22, -3405.04, 0.000, 0.000, 0.000, 13:38:35.225
163, 0.00, -4158.56, -3783.94, -3487.73, 0.000, 0.000, 0.000, 13:38:35.239
164, 0.00, -4069.20, -3678.55, -3347.23, 0.000, 0.000, 0.000, 13:38:35.239
165, 0.00, -3939.61, -3530.26, -3137.51, 0.000, 0.000, 0.000, 13:38:35.254
166, 0.00, -4131.01, -3756.74, -3436.37, 0.000, 0.000, 0.000, 13:38:35.254
167, 0.00, -4151.65, -3790.05, -3491.38, 0.000, 0.000, 0.000, 13:38:35.270
168, 0.00, -4075.69, -3685.02, -3348.23, 0.000, 0.000, 0.000, 13:38:35.270
169, 0.00, -3943.95, -3518.48, -3128.65, 0.000, 0.000, 0.000, 13:38:35.285
170, 0.00, -4127.43, -3738.10, -3408.44, 0.000, 0.000, 0.000, 13:38:35.287
171, 0.00, -4142.69, -3771.45, -3466.99, 0.000, 0.000, 0.000, 13:38:35.287
172, 0.00, -4060.66, -3668.08, -3325.13, 0.000, 0.000, 0.000, 13:38:35.287
173, 0.00, -3932.60, -3509.93, -3121.69, 0.000, 0.000, 0.000, 13:38:35.288
174, 0.00, -4115.49, -3734.84, -3407.20, 0.000, 0.000, 0.000, 13:38:35.288
175, 0.00, -4141.36, -3772.64, -3476.75, 0.000, 0.000, 0.000, 13:38:35.300
176, 0.00, -4053.75, -3677.93, -3340.69, 0.000, 0.000, 0.000, 13:38:35.300
177, 0.00, -3933.61, -3525.98, -3130.20, 0.000, 0.000, 0.000, 13:38:35.314
178, 0.00, -4132.65, -3748.07, -3429.10, 0.000, 0.000, 0.000, 13:38:35.314
179, 0.00, -4154.59, -3774.13, -3475.77, 0.000, 0.000, 0.000, 13:38:35.315
180, 0.00, -4079.11, -3686.52, -3350.82, 0.000, 0.000, 0.000, 13:38:35.315
181, 0.00, -3957.96, -3527.73, -3139.18, 0.000, 0.000, 0.000, 13:38:35.329
182, 0.00, -4149.00, -3755.70, -3437.39, 0.000, 0.000, 0.000, 13:38:35.330
183, 0.00, -4164.65, -3788.23, -3492.95, 0.000, 0.000, 0.000, 13:38:35.345
184, 0.00, -4080.37, -3684.20, -3358.65, 0.000, 0.000, 0.000, 13:38:35.345
185, 0.00, -3953.27, -3525.69, -3138.32, 0.000, 0.000, 0.000, 13:38:35.345
186, 0.00, -4149.96, -3754.07, -3430.62, 0.000, 0.000, 0.000, 13:38:35.345
187, 0.00, -4163.71, -3769.64, -3476.91, 0.000, 0.000, 0.000, 13:38:35.360
188, 0.00, -4064.15, -3646.28, -3317.01, 0.000, 0.000, 0.000, 13:38:35.360
189, 0.00, -3976.82, -3502.97, -3117.72, 0.000, 0.000, 0.000, 13:38:35.375
190, 0.00, -4155.08, -3743.38, -3421.81, 0.000, 0.000, 0.000, 13:38:35.375
191, 0.00, -4131.90, -3790.12, -3487.75, 0.000, 0.000, 0.000, 13:38:35.375
192, 0.00, -4049.74, -3683.94, -3339.63, 0.000, 0.000, 0.000, 13:38:35.375
193, 0.00, -3927.16, -3531.51, -3139.98, 0.000, 0.000, 0.000, 13:38:35.389
194, 0.00, -4132.57, -3757.41, -3437.41, 0.000, 0.000, 0.000, 13:38:35.390
195, 0.00, -4154.17, -3793.79, -3500.15, 0.000, 0.000, 0.000, 13:38:35.404
196, 0.00, -4060.59, -3688.93, -3365.62, 0.000, 0.000, 0.000, 13:38:35.405
197, 0.00, -3940.18, -3535.97, -3154.03, 0.000, 0.000, 0.000, 13:38:35.405
198, 0.00, -4134.96, -3762.76, -3441.35, 0.000, 0.000, 0.000, 13:38:35.405
199, 0.00, -4170.67, -3782.62, -3491.12, 0.000, 0.000, 0.000, 13:38:35.420
200, 0.00, -4079.50, -3671.43, -3338.16, 0.000, 0.000, 0.000, 13:38:35.420
0, 0.00, -3960.87, -3523.02, -3134.37, 0.000, 0.000, 0.000, 13:38:35.420
1, 0.00, -4152.19, -3760.83, -3435.37, 0.000, 0.000, 0.000, 13:38:35.434
2, 0.00, -4164.68, -3777.13, -3477.16, 0.000, 0.000, 0.000, 13:38:35.435
3, 0.00, -4076.86, -3672.46, -3338.09, 0.000, 0.000, 0.000, 13:38:35.450
4, 0.00, -3955.15, -3531.72, -3139.79, 0.000, 0.000, 0.000, 13:38:35.450
5, 0.00, -4155.33, -3763.26, -3442.97, 0.000, 0.000, 0.000, 13:38:35.452
6, 0.00, -4172.66, -3780.85, -3489.43, 0.000, 0.000, 0.000, 13:38:35.453
7, 0.00, -4090.86, -3671.23, -3341.64, 0.000, 0.000, 0.000, 13:38:35.465
8, 0.00, -3968.93, -3525.81, -3138.83, 0.000, 0.000, 0.000, 13:38:35.466
9, 0.00, -4147.26, -3747.89, -3433.40, 0.000, 0.000, 0.000, 13:38:35.479
10, 0.00, -4157.00, -3764.67, -3474.16, 0.000, 0.000, 0.000, 13:38:35.480
11, 0.00, -4079.42, -3671.53, -3339.68, 0.000, 0.000, 0.000, 13:38:35.480
12, 0.00, -3952.43, -3528.89, -3134.32, 0.000, 0.000, 0.000, 13:38:35.480
13, 0.00, -4156.54, -3753.64, -3442.40, 0.000, 0.000, 0.000, 13:38:35.494
14, 0.00, -4166.66, -3771.80, -3475.63, 0.000, 0.000, 0.000, 13:38:35.495
15, 0.00, -4081.96, -3680.39, -3340.61, 0.000, 0.000, 0.000, 13:38:35.509
16, 0.00, -3954.59, -3526.74, -3127.44, 0.000, 0.000, 0.000, 13:38:35.510
17, 0.00, -4140.41, -3752.03, -3438.02, 0.000, 0.000, 0.000, 13:38:35.510
18, 0.00, -4156.37, -3765.98, -3475.56, 0.000, 0.000, 0.000, 13:38:35.510
19, 0.00, -4083.61, -3670.96, -3345.47, 0.000, 0.000, 0.000, 13:38:35.524
20, 0.00, -3970.77, -3529.05, -3145.97, 0.000, 0.000, 0.000, 13:38:35.524
21, 0.00, -4144.75, -3753.25, -3447.29, 0.000, 0.000, 0.000, 13:38:35.539
22, 0.00, -4160.71, -3768.65, -3478.10, 0.000, 0.000, 0.000, 13:38:35.539
23, 0.00, -4077.44, -3680.00, -3345.87, 0.000, 0.000, 0.000, 13:38:35.540
24, 0.00, -3969.12, -3545.14, -3152.87, 0.000, 0.000, 0.000, 13:38:35.540
25, 0.00, -4139.05, -3753.38, -3440.25, 0.000, 0.000, 0.000, 13:38:35.554
26, 0.00, -4158.64, -3774.57, -3484.16, 0.000, 0.000, 0.000, 13:38:35.555
27, 0.00, -4074.67, -3678.24, -3351.34, 0.000, 0.000, 0.000, 13:38:35.570
28, 0.00, -3967.86, -3549.00, -3158.28, 0.000, 0.000, 0.000, 13:38:35.570
29, 0.00, -4137.69, -3753.33, -3439.25, 0.000, 0.000, 0.000, 13:38:35.570
30, 0.00, -4140.64, -3767.62, -3465.41, 0.000, 0.000, 0.000, 13:38:35.571
31, 0.00, -4064.71, -3675.25, -3334.00, 0.000, 0.000, 0.000, 13:38:35.584
32, 0.00, -3965.11, -3549.24, -3146.49, 0.000, 0.000, 0.000, 13:38:35.585
33, 0.00, -4130.45, -3749.24, -3432.30, 0.000, 0.000, 0.000, 13:38:35.601
34, 0.00, -4141.60, -3767.49, -3474.38, 0.000, 0.000, 0.000, 13:38:35.602
35, 0.00, -4075.42, -3685.14, -3348.00, 0.000, 0.000, 0.000, 13:38:35.604
36, 0.00, -3978.65, -3574.17, -3172.80, 0.000, 0.000, 0.000, 13:38:35.604
37, 0.00, -4139.24, -3767.84, -3446.80, 0.000, 0.000, 0.000, 13:38:35.621
38, 0.00, -4159.13, -3776.69, -3468.32, 0.000, 0.000, 0.000, 13:38:35.621
39, 0.00, -4078.89, -3701.48, -3356.36, 0.000, 0.000, 0.000, 13:38:35.630
40, 0.00, -3988.96, -3571.47, -3176.97, 0.000, 0.000, 0.000, 13:38:35.630
41, 0.00, -4174.70, -3752.57, -3434.93, 0.000, 0.000, 0.000, 13:38:35.630
42, 0.00, -4174.47, -3767.50, -3467.16, 0.000, 0.000, 0.000, 13:38:35.631
43, 0.00, -4107.83, -3686.71, -3351.31, 0.000, 0.000, 0.000, 13:38:35.644
44, 0.00, -4022.85, -3568.14, -3169.99, 0.000, 0.000, 0.000, 13:38:35.645
45, 0.00, -4174.58, -3760.06, -3443.33, 0.000, 0.000, 0.000, 13:38:35.660
46, 0.00, -4184.25, -3766.06, -3459.87, 0.000, 0.000, 0.000, 13:38:35.660
47, 0.00, -4116.39, -3685.78, -3346.35, 0.000, 0.000, 0.000, 13:38:35.660
48, 0.00, -4022.10, -3564.26, -3169.39, 0.000, 0.000, 0.000, 13:38:35.660
49, 0.00, -4180.83, -3760.11, -3448.98, 0.000, 0.000, 0.000, 13:38:35.674
50, 0.00, -4176.64, -3772.93, -3473.01, 0.000, 0.000, 0.000, 13:38:35.675
51, 0.00, -4105.31, -3686.62, -3347.69, 0.000, 0.000, 0.000, 13:38:35.690
52, 0.00, -3999.76, -3575.77, -3183.41, 0.000, 0.000, 0.000, 13:38:35.690
53, 0.00, -4154.97, -3758.58, -3445.16, 0.000, 0.000, 0.000, 13:38:35.691
54, 0.00, -4163.26, -3755.97, -3458.12, 0.000, 0.000, 0.000, 13:38:35.691
55, 0.00, -4085.15, -3670.27, -3329.34, 0.000, 0.000, 0.000, 13:38:35.706
56, 0.00, -3980.08, -3542.49, -3152.84, 0.000, 0.000, 0.000, 13:38:35.706
57, 0.00, -4140.62, -3740.87, -3423.49, 0.000, 0.000, 0.000, 13:38:35.720
58, 0.00, -4139.85, -3745.86, -3438.15, 0.000, 0.000, 0.000, 13:38:35.720
59, 0.00, -4072.91, -3661.92, -3329.09, 0.000, 0.000, 0.000, 13:38:35.721
60, 0.00, -3975.68, -3540.97, -3153.04, 0.000, 0.000, 0.000, 13:38:35.721
61, 0.00, -4147.37, -3754.73, -3441.74, 0.000, 0.000, 0.000, 13:38:35.735
62, 0.00, -4143.06, -3766.23, -3465.20, 0.000, 0.000, 0.000, 13:38:35.736
63, 0.00, -4076.48, -3688.74, -3352.13, 0.000, 0.000, 0.000, 13:38:35.750
64, 0.00, -3976.73, -3563.41, -3165.94, 0.000, 0.000, 0.000, 13:38:35.751
65, 0.00, -4140.98, -3758.51, -3442.73, 0.000, 0.000, 0.000, 13:38:35.753
66, 0.00, -4147.00, -3757.40, -3454.61, 0.000, 0.000, 0.000, 13:38:35.753
67, 0.00, -4074.67, -3656.63, -3323.11, 0.000, 0.000, 0.000, 13:38:35.765
68, 0.00, -3978.14, -3532.86, -3140.28, 0.000, 0.000, 0.000, 13:38:35.766
69, 0.00, -4145.06, -3740.87, -3423.58, 0.000, 0.000, 0.000, 13:38:35.780
70, 0.00, -4144.92, -3753.26, -3451.97, 0.000, 0.000, 0.000, 13:38:35.780
71, 0.00, -4076.25, -3672.00, -3337.89, 0.000, 0.000, 0.000, 13:38:35.780
72, 0.00, -3976.84, -3550.53, -3164.48, 0.000, 0.000, 0.000, 13:38:35.780
73, 0.00, -4140.24, -3753.56, -3440.48, 0.000, 0.000, 0.000, 13:38:35.795
74, 0.00, -4140.00, -3749.75, -3453.49, 0.000, 0.000, 0.000, 13:38:35.795
75, 0.00, -4063.80, -3663.68, -3325.68, 0.000, 0.000, 0.000, 13:38:35.810
76, 0.00, -3969.19, -3533.32, -3136.12, 0.000, 0.000, 0.000, 13:38:35.810
77, 0.00, -4142.45, -3750.09, -3432.57, 0.000, 0.000, 0.000, 13:38:35.810
78, 0.00, -4131.50, -3744.81, -3444.66, 0.000, 0.000, 0.000, 13:38:35.811
79, 0.00, -4075.10, -3666.71, -3331.22, 0.000, 0.000, 0.000, 13:38:35.825
80, 0.00, -3982.71, -3551.72, -3158.57, 0.000, 0.000, 0.000, 13:38:35.825
81, 0.00, -4151.49, -3755.96, -3447.87, 0.000, 0.000, 0.000, 13:38:35.839
82, 0.00, -4191.07, -3761.82, -3460.06, 0.000, 0.000, 0.000, 13:38:35.840
83, 0.00, -4066.10, -3669.62, -3331.77, 0.000, 0.000, 0.000, 13:38:35.840
84, 0.00, -3927.97, -3544.72, -3148.56, 0.000, 0.000, 0.000, 13:38:35.841
85, 0.00, -4109.52, -3752.87, -3450.80, 0.000, 0.000, 0.000, 13:38:35.854
86, 0.00, -4088.58, -3757.24, -3459.29, 0.000, 0.000, 0.000, 13:38:35.855
87, 0.00, -4021.90, -3658.01, -3316.03, 0.000, 0.000, 0.000, 13:38:35.869
88, 0.00, -3898.56, -3521.93, -3123.72, 0.000, 0.000, 0.000, 13:38:35.869
89, 0.00, -4068.62, -3737.99, -3414.17, 0.000, 0.000, 0.000, 13:38:35.870
90, 0.00, -4073.63, -3739.65, -3424.68, 0.000, 0.000, 0.000, 13:38:35.870
91, 0.00, -4010.99, -3662.58, -3320.55, 0.000, 0.000, 0.000, 13:38:35.885
92, 0.00, -3933.94, -3548.69, -3150.77, 0.000, 0.000, 0.000, 13:38:35.887
93, 0.00, -4121.64, -3767.47, -3458.45, 0.000, 0.000, 0.000, 13:38:35.900
94, 0.00, -4124.29, -3752.80, -3455.58, 0.000, 0.000, 0.000, 13:38:35.900
95, 0.00, -4055.19, -3673.26, -3327.77, 0.000, 0.000, 0.000, 13:38:35.902
96, 0.00, -3956.38, -3541.27, -3136.69, 0.000, 0.000, 0.000, 13:38:35.903
97, 0.00, -4115.17, -3745.52, -3430.48, 0.000, 0.000, 0.000, 13:38:35.915
98, 0.00, -4106.09, -3740.32, -3440.77, 0.000, 0.000, 0.000, 13:38:35.917
99, 0.00, -4045.05, -3662.63, -3322.51, 0.000, 0.000, 0.000, 13:38:35.929
100, 0.00, -3965.95, -3556.78, -3160.51, 0.000, 0.000, 0.000, 13:38:35.929
101, 0.00, -4125.69, -3760.59, -3459.01, 0.000, 0.000, 0.000, 13:38:35.930
102, 0.00, -4116.06, -3752.23, -3447.97, 0.000, 0.000, 0.000, 13:38:35.931
103, 0.00, -4061.61, -3672.70, -3337.48, 0.000, 0.000, 0.000, 13:38:35.951
104, 0.00, -3974.09, -3559.22, -3158.25, 0.000, 0.000, 0.000, 13:38:35.951
105, 0.00, -4132.33, -3762.06, -3464.02, 0.000, 0.000, 0.000, 13:38:35.959
106, 0.00, -4128.06, -3753.35, -3457.13, 0.000, 0.000, 0.000, 13:38:35.960
107, 0.00, -4068.07, -3677.79, -3339.21, 0.000, 0.000, 0.000, 13:38:35.960
108, 0.00, -3987.88, -3564.47, -3155.84, 0.000, 0.000, 0.000, 13:38:35.960
109, 0.00, -4127.19, -3745.59, -3451.23, 0.000, 0.000, 0.000, 13:38:35.975
110, 0.00, -4129.15, -3745.30, -3442.85, 0.000, 0.000, 0.000, 13:38:35.975
111, 0.00, -4068.71, -3664.72, -3322.67, 0.000, 0.000, 0.000, 13:38:35.989
112, 0.00, -3992.74, -3567.35, -3152.42, 0.000, 0.000, 0.000, 13:38:35.989
113, 0.00, -4132.64, -3750.57, -3455.13, 0.000, 0.000, 0.000, 13:38:35.990
114, 0.00, -4119.77, -3738.58, -3442.04, 0.000, 0.000, 0.000, 13:38:35.990
115, 0.00, -4068.19, -3663.87, -3318.32, 0.000, 0.000, 0.000, 13:38:36.004
116, 0.00, -3994.86, -3557.25, -3145.25, 0.000, 0.000, 0.000, 13:38:36.004
117, 0.00, -4126.31, -3742.23, -3450.59, 0.000, 0.000, 0.000, 13:38:36.020
118, 0.00, -4116.86, -3727.88, -3420.36, 0.000, 0.000, 0.000, 13:38:36.020
119, 0.00, -4073.76, -3669.69, -3321.50, 0.000, 0.000, 0.000, 13:38:36.020
120, 0.00, -4015.44, -3579.56, -3172.06, 0.000, 0.000, 0.000, 13:38:36.021
121, 0.00, -4138.02, -3746.20, -3458.72, 0.000, 0.000, 0.000, 13:38:36.035
122, 0.00, -4120.36, -3718.28, -3420.02, 0.000, 0.000, 0.000, 13:38:36.036
123, 0.00, -4064.73, -3651.60, -3312.21, 0.000, 0.000, 0.000, 13:38:36.050
124, 0.00, -4030.17, -3552.77, -3139.12, 0.000, 0.000, 0.000, 13:38:36.050
125, 0.00, -4165.56, -3723.63, -3442.25, 0.000, 0.000, 0.000, 13:38:36.052
126, 0.00, -4102.36, -3730.51, -3434.34, 0.000, 0.000, 0.000, 13:38:36.053
127, 0.00, -4091.11, -3679.79, -3346.36, 0.000, 0.000, 0.000, 13:38:36.065
128, 0.00, -4081.50, -3616.33, -3203.11, 0.000, 0.000, 0.000, 13:38:36.066
129, 0.00, -4175.93, -3773.13, -3499.53, 0.000, 0.000, 0.000, 13:38:36.079
130, 0.00, -4150.01, -3749.24, -3451.84, 0.000, 0.000, 0.000, 13:38:36.079
131, 0.00, -4131.55, -3690.04, -3355.14, 0.000, 0.000, 0.000, 13:38:36.080
132, 0.00, -4100.36, -3623.97, -3209.21, 0.000, 0.000, 0.000, 13:38:36.081
133, 0.00, -4191.63, -3777.85, -3507.28, 0.000, 0.000, 0.000, 13:38:36.094
134, 0.00, -4146.57, -3739.83, -3447.75, 0.000, 0.000, 0.000, 13:38:36.094
135, 0.00, -4102.35, -3686.49, -3336.03, 0.000, 0.000, 0.000, 13:38:36.109
136, 0.00, -4082.57, -3623.22, -3191.36, 0.000, 0.000, 0.000, 13:38:36.109
137, 0.00, -4168.21, -3754.74, -3487.91, 0.000, 0.000, 0.000, 13:38:36.109
138, 0.00, -4128.07, -3713.37, -3425.11, 0.000, 0.000, 0.000, 13:38:36.110
139, 0.00, -4100.09, -3669.90, -3323.64, 0.000, 0.000, 0.000, 13:38:36.124
140, 0.00, -4062.45, -3611.32, -3177.24, 0.000, 0.000, 0.000, 13:38:36.125
141, 0.00, -4141.42, -3757.53, -3486.42, 0.000, 0.000, 0.000, 13:38:36.139
142, 0.00, -4102.11, -3714.58, -3420.07, 0.000, 0.000, 0.000, 13:38:36.140
143, 0.00, -4065.88, -3657.06, -3317.75, 0.000, 0.000, 0.000, 13:38:36.140
144, 0.00, -4059.26, -3616.72, -3193.32, 0.000, 0.000, 0.000, 13:38:36.140
145, 0.00, -4134.28, -3754.89, -3487.76, 0.000, 0.000, 0.000, 13:38:36.154
146, 0.00, -4098.61, -3709.95, -3423.08, 0.000, 0.000, 0.000, 13:38:36.154
