%OpenBCI Raw EEG Data
%
%Sample Rate = 200.0 Hz
%First Column = SampleIndex
%Last Column = Timestamp 
%Other Columns = EEG data in microvolts followed by Accel Data (in G) interleaved with Aux Data
0, 10.27, 9.04, 6.12, 13.81, 0.000, 0.000, 0.000, 14:39:29.371
1, 12.62, 10.10, 10.79, 12.52, 0.000, 0.000, 0.000, 14:39:29.383
2, 11.03, 10.15, 9.72, 16.64, 0.000, 0.000, 0.000, 14:39:29.384
3, 11.25, 12.47, 9.87, 15.17, 0.000, 0.000, 0.000, 14:39:29.397
4, 14.60, 14.69, 11.34, 13.11, 0.000, 0.000, 0.000, 14:39:29.398
5, 14.29, 15.56, 6.54, 15.09, 0.000, 0.000, 0.000, 14:39:29.399
6, 10.51, 10.94, 0.49, 11.95, 0.000, 0.000, 0.000, 14:39:29.399
7, 11.45, 12.03, 1.92, 15.86, 0.000, 0.000, 0.000, 14:39:29.412
8, 13.84, 13.92, 9.82, 16.20, 0.000, 0.000, 0.000, 14:39:29.412
9, 15.92, 12.43, 7.35, 16.57, 0.000, 0.000, 0.000, 14:39:29.426
10, 8.19, 12.21, 11.42, 10.61, 0.000, 0.000, 0.000, 14:39:29.427
11, 9.67, 15.58, 11.47, 7.66, 0.000, 0.000, 0.000, 14:39:29.428
12, 13.49, 12.87, 9.15, 14.84, 0.000, 0.000, 0.000, 14:39:29.428
13, 12.04, 13.10, 8.16, 17.73, 0.000, 0.000, 0.000, 14:39:29.442
14, 9.83, 9.80, 8.82, 12.18, 0.000, 0.000, 0.000, 14:39:29.444
15, 11.71, 15.16, 14.42, 16.52, 0.000, 0.000, 0.000, 14:39:29.456
16, 6.68, 12.94, 9.12, 13.24, 0.000, 0.000, 0.000, 14:39:29.457
17, 11.09, 8.00, 12.60, 10.43, 0.000, 0.000, 0.000, 14:39:29.458
18, 11.92, 7.63, 6.26, 13.30, 0.000, 0.000, 0.000, 14:39:29.458
19, 14.16, 6.21, 7.13, 15.60, 0.000, 0.000, 0.000, 14:39:29.473
20, 15.72, 14.11, 11.44, 15.46, 0.000, 0.000, 0.000, 14:39:29.473
21, 11.68, 14.15, 10.36, 13.95, 0.000, 0.000, 0.000, 14:39:29.487
22, 12.60, 13.05, 9.56, 13.37, 0.000, 0.000, 0.000, 14:39:29.487
23, 7.46, 14.27, 6.50, 12.69, 0.000, 0.000, 0.000, 14:39:29.488
24, 15.27, 16.40, 16.28, 15.56, 0.000, 0.000, 0.000, 14:39:29.490
25, 13.97, 13.44, 2.38, 14.79, 0.000, 0.000, 0.000, 14:39:29.502
26, 13.44, 10.95, 4.81, 11.95, 0.000, 0.000, 0.000, 14:39:29.504
27, 13.24, 11.42, 9.64, 15.03, 0.000, 0.000, 0.000, 14:39:29.517
28, 11.91, 10.41, 8.79, 14.82, 0.000, 0.000, 0.000, 14:39:29.517
29, 15.46, 11.61, 12.26, 10.19, 0.000, 0.000, 0.000, 14:39:29.520
30, 14.01, 8.33, 10.30, 11.60, 0.000, 0.000, 0.000, 14:39:29.520
31, 6.60, 12.88, 6.44, 12.29, 0.000, 0.000, 0.000, 14:39:29.533
32, 8.73, 9.48, 4.36, 8.61, 0.000, 0.000, 0.000, 14:39:29.535
33, 8.66, 11.85, 8.18, 14.34, 0.000, 0.000, 0.000, 14:39:29.547
34, 7.93, 11.97, 10.02, 9.83, 0.000, 0.000, 0.000, 14:39:29.548
35, 16.12, 11.57, 8.69, 15.59, 0.000, 0.000, 0.000, 14:39:29.548
36, 15.41, 12.12, 3.26, 10.18, 0.000, 0.000, 0.000, 14:39:29.549
37, 12.57, 13.54, 5.51, 13.54, 0.000, 0.000, 0.000, 14:39:29.561
38, 11.98, 9.24, 11.96, 13.81, 0.000, 0.000, 0.000, 14:39:29.562
39, 10.73, 14.43, 7.45, 14.88, 0.000, 0.000, 0.000, 14:39:29.576
40, 11.06, 11.59, 11.66, 16.38, 0.000, 0.000, 0.000, 14:39:29.577
41, 12.53, 12.85, 11.17, 12.11, 0.000, 0.000, 0.000, 14:39:29.577
42, 14.33, 10.72, 4.33, 10.45, 0.000, 0.000, 0.000, 14:39:29.577
43, 8.95, 9.96, 11.43, 11.73, 0.000, 0.000, 0.000, 14:39:29.592
44, 15.64, 13.73, 11.67, 12.89, 0.000, 0.000, 0.000, 14:39:29.593
45, 10.73, 12.75, 2.32, 15.20, 0.000, 0.000, 0.000, 14:39:29.607
46, 14.24, 9.27, 8.83, 10.07, 0.000, 0.000, 0.000, 14:39:29.607
47, 12.02, 14.55, 9.60, 12.63, 0.000, 0.000, 0.000, 14:39:29.607
48, 14.89, 15.45, 8.20, 18.03, 0.000, 0.000, 0.000, 14:39:29.608
49, 8.59, 13.37, -1.89, 12.12, 0.000, 0.000, 0.000, 14:39:29.622
50, 9.38, 10.94, 11.51, 13.95, 0.000, 0.000, 0.000, 14:39:29.623
51, 10.20, 9.69, 4.97, 16.89, 0.000, 0.000, 0.000, 14:39:29.637
52, 12.81, 15.65, 11.99, 11.98, 0.000, 0.000, 0.000, 14:39:29.638
53, 9.02, 10.51, 11.70, 12.05, 0.000, 0.000, 0.000, 14:39:29.638
54, 12.45, 13.28, 5.27, 13.41, 0.000, 0.000, 0.000, 14:39:29.639
55, 11.67, 13.08, 14.96, 10.75, 0.000, 0.000, 0.000, 14:39:29.658
56, 11.87, 11.59, 7.62, 14.88, 0.000, 0.000, 0.000, 14:39:29.659
57, 11.80, 7.49, 5.22, 11.49, 0.000, 0.000, 0.000, 14:39:29.667
58, 10.21, 9.53, 4.83, 9.66, 0.000, 0.000, 0.000, 14:39:29.667
59, 10.66, 13.80, 10.13, 13.88, 0.000, 0.000, 0.000, 14:39:29.667
60, 13.83, 15.57, 9.19, 16.07, 0.000, 0.000, 0.000, 14:39:29.668
61, 15.26, 13.24, 0.07, 12.01, 0.000, 0.000, 0.000, 14:39:29.682
62, 10.83, 8.66, 5.30, 10.08, 0.000, 0.000, 0.000, 14:39:29.682
63, 9.95, 10.54, 7.15, 13.30, 0.000, 0.000, 0.000, 14:39:29.697
64, 11.39, 13.37, 12.73, 13.52, 0.000, 0.000, 0.000, 14:39:29.697
65, 10.03, 12.58, 12.02, 13.19, 0.000, 0.000, 0.000, 14:39:29.697
66, 10.21, 8.24, 10.94, 15.95, 0.000, 0.000, 0.000, 14:39:29.698
67, 12.33, 16.11, 7.83, 13.39, 0.000, 0.000, 0.000, 14:39:29.712
68, 8.85, 13.51, 9.55, 12.23, 0.000, 0.000, 0.000, 14:39:29.712
69, 14.13, 15.59, 5.72, 12.07, 0.000, 0.000, 0.000, 14:39:29.727
70, 10.34, 9.53, 7.86, 8.36, 0.000, 0.000, 0.000, 14:39:29.728
71, 12.70, 12.69, 9.65, 12.23, 0.000, 0.000, 0.000, 14:39:29.728
72, 14.93, 12.39, 11.97, 16.22, 0.000, 0.000, 0.000, 14:39:29.728
73, 9.82, 7.69, 6.98, 8.60, 0.000, 0.000, 0.000, 14:39:29.742
74, 10.03, 10.83, 2.24, 10.51, 0.000, 0.000, 0.000, 14:39:29.743
75, 10.90, 10.15, 10.77, 11.31, 0.000, 0.000, 0.000, 14:39:29.757
76, 11.85, 15.49, 8.61, 16.77, 0.000, 0.000, 0.000, 14:39:29.757
77, 15.99, 13.64, 11.34, 16.49, 0.000, 0.000, 0.000, 14:39:29.757
78, 11.86, 10.08, 13.17, 13.26, 0.000, 0.000, 0.000, 14:39:29.757
79, 13.64, 9.94, 5.01, 11.98, 0.000, 0.000, 0.000, 14:39:29.772
80, 12.39, 11.84, 10.91, 16.01, 0.000, 0.000, 0.000, 14:39:29.773
81, 12.99, 13.07, 14.89, 12.76, 0.000, 0.000, 0.000, 14:39:29.786
82, 8.54, 9.75, 6.23, 13.65, 0.000, 0.000, 0.000, 14:39:29.787
83, 13.74, 9.40, 5.50, 16.01, 0.000, 0.000, 0.000, 14:39:29.787
84, 16.22, 12.85, 11.44, 11.78, 0.000, 0.000, 0.000, 14:39:29.787
85, 14.74, 11.05, 3.37, 18.38, 0.000, 0.000, 0.000, 14:39:29.802
86, 8.18, 12.72, 6.97, 12.10, 0.000, 0.000, 0.000, 14:39:29.803
87, 11.43, 10.80, 4.53, 14.04, 0.000, 0.000, 0.000, 14:39:29.816
88, 13.78, 13.18, 8.76, 11.94, 0.000, 0.000, 0.000, 14:39:29.817
89, 11.57, 12.31, 11.14, 13.48, 0.000, 0.000, 0.000, 14:39:29.818
90, 8.94, 7.95, 4.02, 17.60, 0.000, 0.000, 0.000, 14:39:29.818
91, 12.15, 11.63, 11.37, 13.52, 0.000, 0.000, 0.000, 14:39:29.832
92, 14.81, 10.23, 7.80, 17.80, 0.000, 0.000, 0.000, 14:39:29.832
93, 9.89, 12.71, 7.06, 14.61, 0.000, 0.000, 0.000, 14:39:29.846
94, 10.99, 12.85, 7.51, 10.81, 0.000, 0.000, 0.000, 14:39:29.847
95, 11.11, 12.68, 7.65, 11.55, 0.000, 0.000, 0.000, 14:39:29.847
96, 15.37, 14.43, 10.45, 15.76, 0.000, 0.000, 0.000, 14:39:29.847
97, 10.17, 13.93, 8.87, 12.18, 0.000, 0.000, 0.000, 14:39:29.862
98, 8.86, 10.98, 7.74, 8.75, 0.000, 0.000, 0.000, 14:39:29.862
99, 16.23, 14.70, 12.09, 14.28, 0.000, 0.000, 0.000, 14:39:29.877
100, 16.66, 16.61, 13.69, 13.67, 0.000, 0.000, 0.000, 14:39:29.877
101, 12.05, 10.56, 6.41, 14.92, 0.000, 0.000, 0.000, 14:39:29.877
102, 10.14, 5.29, 9.98, 11.47, 0.000, 0.000, 0.000, 14:39:29.877
103, 18.50, 15.29, 9.96, 15.80, 0.000, 0.000, 0.000, 14:39:29.892
104, 12.77, 13.35, 12.46, 13.26, 0.000, 0.000, 0.000, 14:39:29.892
105, 8.53, 12.63, 8.37, 7.99, 0.000, 0.000, 0.000, 14:39:29.907
106, 8.40, 11.17, 3.56, 12.15, 0.000, 0.000, 0.000, 14:39:29.907
107, 11.86, 12.41, 9.42, 13.42, 0.000, 0.000, 0.000, 14:39:29.907
108, 13.11, 13.51, 14.08, 17.80, 0.000, 0.000, 0.000, 14:39:29.908
109, 14.72, 10.36, 9.31, 12.83, 0.000, 0.000, 0.000, 14:39:29.923
110, 10.98, 10.19, 2.70, 10.25, 0.000, 0.000, 0.000, 14:39:29.923
111, 10.61, 11.37, 5.03, 15.33, 0.000, 0.000, 0.000, 14:39:29.936
112, 12.73, 13.13, 14.78, 14.56, 0.000, 0.000, 0.000, 14:39:29.937
113, 14.76, 8.62, 3.81, 12.60, 0.000, 0.000, 0.000, 14:39:29.937
114, 11.17, 12.21, 5.12, 13.30, 0.000, 0.000, 0.000, 14:39:29.938
115, 15.41, 12.93, 6.17, 12.74, 0.000, 0.000, 0.000, 14:39:29.952
116, 11.49, 12.12, 9.95, 16.98, 0.000, 0.000, 0.000, 14:39:29.953
117, 12.19, 15.32, 7.26, 11.91, 0.000, 0.000, 0.000, 14:39:29.966
118, 8.91, 6.52, 8.82, 8.74, 0.000, 0.000, 0.000, 14:39:29.967
119, 9.30, 7.75, 0.56, 12.38, 0.000, 0.000, 0.000, 14:39:29.969
120, 15.14, 10.91, 4.87, 14.00, 0.000, 0.000, 0.000, 14:39:29.971
121, 10.20, 14.70, 9.50, 12.98, 0.000, 0.000, 0.000, 14:39:29.981
122, 8.69, 9.75, 8.36, 15.14, 0.000, 0.000, 0.000, 14:39:29.981
123, 10.97, 5.46, 5.35, 11.79, 0.000, 0.000, 0.000, 14:39:29.997
124, 13.89, 11.85, 10.88, 13.91, 0.000, 0.000, 0.000, 14:39:29.997
125, 9.31, 12.88, 10.60, 11.27, 0.000, 0.000, 0.000, 14:39:29.998
126, 7.90, 9.99, 4.10, 13.67, 0.000, 0.000, 0.000, 14:39:29.999
127, 14.16, 11.33, 12.69, 14.17, 0.000, 0.000, 0.000, 14:39:30.012
128, 14.84, 13.34, 4.72, 16.04, 0.000, 0.000, 0.000, 14:39:30.012
129, 14.17, 13.91, 8.72, 9.31, 0.000, 0.000, 0.000, 14:39:30.026
130, 9.53, 15.64, 12.80, 12.76, 0.000, 0.000, 0.000, 14:39:30.027
131, 16.44, 10.76, 8.46, 12.12, 0.000, 0.000, 0.000, 14:39:30.027
132, 14.61, 13.38, 9.50, 8.58, 0.000, 0.000, 0.000, 14:39:30.027
133, 13.74, 12.75, 14.38, 10.79, 0.000, 0.000, 0.000, 14:39:30.041
134, 9.57, 6.43, 6.17, 11.96, 0.000, 0.000, 0.000, 14:39:30.042
135, 10.14, 13.73, 7.92, 16.35, 0.000, 0.000, 0.000, 14:39:30.057
136, 10.00, 15.20, 8.79, 13.85, 0.000, 0.000, 0.000, 14:39:30.057
137, 13.54, 11.50, 7.07, 13.21, 0.000, 0.000, 0.000, 14:39:30.057
138, 10.80, 11.84, 5.01, 14.64, 0.000, 0.000, 0.000, 14:39:30.057
139, 10.83, 12.26, 11.66, 13.17, 0.000, 0.000, 0.000, 14:39:30.074
140, 11.79, 14.17, 9.68, 11.75, 0.000, 0.000, 0.000, 14:39:30.074
141, 13.87, 9.83, 7.89, 16.64, 0.000, 0.000, 0.000, 14:39:30.087
142, 12.40, 10.93, 7.23, 13.80, 0.000, 0.000, 0.000, 14:39:30.088
143, 14.72, 11.56, 6.63, 16.58, 0.000, 0.000, 0.000, 14:39:30.088
144, 12.49, 10.67, 15.33, 11.36, 0.000, 0.000, 0.000, 14:39:30.090
145, 7.84, 14.31, 3.39, 9.44, 0.000, 0.000, 0.000, 14:39:30.102
146, 11.43, 10.80, 8.38, 10.44, 0.000, 0.000, 0.000, 14:39:30.103
147, 10.35, 11.66, 5.02, 12.25, 0.000, 0.000, 0.000, 14:39:30.117
148, 9.94, 8.65, 10.71, 15.72, 0.000, 0.000, 0.000, 14:39:30.117
149, 8.25, 10.11, 6.92, 10.55, 0.000, 0.000, 0.000, 14:39:30.117
150, 10.01, 12.71, 6.05, 11.86, 0.000, 0.000, 0.000, 14:39:30.117
151, 14.16, 16.00, 7.96, 16.34, 0.000, 0.000, 0.000, 14:39:30.132
152, 11.45, 16.75, 9.90, 14.21, 0.000, 0.000, 0.000, 14:39:30.132
153, 12.21, 11.58, 6.92, 13.98, 0.000, 0.000, 0.000, 14:39:30.146
154, 11.27, 8.60, 8.19, 11.05, 0.000, 0.000, 0.000, 14:39:30.146
155, 8.92, 10.28, 5.75, 11.80, 0.000, 0.000, 0.000, 14:39:30.147
156, 15.23, 13.35, 14.09, 11.88, 0.000, 0.000, 0.000, 14:39:30.147
157, 10.92, 12.66, 6.68, 14.59, 0.000, 0.000, 0.000, 14:39:30.162
158, 9.21, 9.48, 2.11, 14.08, 0.000, 0.000, 0.000, 14:39:30.162
159, 14.84, 9.47, 9.91, 13.91, 0.000, 0.000, 0.000, 14:39:30.177
160, 13.03, 13.79, 10.35, 10.71, 0.000, 0.000, 0.000, 14:39:30.178
161, 13.71, 12.60, 5.24, 14.74, 0.000, 0.000, 0.000, 14:39:30.178
162, 11.53, 9.93, 11.55, 11.63, 0.000, 0.000, 0.000, 14:39:30.178
163, 12.78, 15.29, 12.79, 16.53, 0.000, 0.000, 0.000, 14:39:30.193
164, 17.24, 16.08, 14.24, 17.68, 0.000, 0.000, 0.000, 14:39:30.193
165, 8.58, 14.13, 9.11, 13.01, 0.000, 0.000, 0.000, 14:39:30.207
166, 14.79, 9.71, 3.19, 14.73, 0.000, 0.000, 0.000, 14:39:30.208
167, 12.35, 15.21, 11.06, 16.78, 0.000, 0.000, 0.000, 14:39:30.213
168, 14.56, 15.41, 10.62, 15.53, 0.000, 0.000, 0.000, 14:39:30.214
169, 12.92, 9.89, 7.29, 13.25, 0.000, 0.000, 0.000, 14:39:30.223
170, 15.44, 13.24, 11.48, 10.15, 0.000, 0.000, 0.000, 14:39:30.223
171, 11.65, 12.32, 11.25, 15.47, 0.000, 0.000, 0.000, 14:39:30.239
172, 13.51, 12.18, 6.99, 17.82, 0.000, 0.000, 0.000, 14:39:30.240
173, 8.81, 14.65, 3.39, 10.51, 0.000, 0.000, 0.000, 14:39:30.241
174, 11.28, 13.07, 8.04, 9.17, 0.000, 0.000, 0.000, 14:39:30.241
175, 12.41, 11.39, 11.22, 15.49, 0.000, 0.000, 0.000, 14:39:30.253
176, 12.04, 12.56, 6.66, 14.15, 0.000, 0.000, 0.000, 14:39:30.254
177, 10.50, 9.80, 3.94, 10.75, 0.000, 0.000, 0.000, 14:39:30.266
178, 11.25, 13.35, 9.30, 15.12, 0.000, 0.000, 0.000, 14:39:30.267
179, 10.65, 10.69, 12.26, 13.24, 0.000, 0.000, 0.000, 14:39:30.267
180, 12.97, 14.17, 16.09, 12.35, 0.000, 0.000, 0.000, 14:39:30.268
181, 13.69, 14.11, 3.66, 11.18, 0.000, 0.000, 0.000, 14:39:30.281
182, 9.84, 13.08, 2.98, 14.52, 0.000, 0.000, 0.000, 14:39:30.282
183, 13.13, 11.31, 8.68, 14.72, 0.000, 0.000, 0.000, 14:39:30.296
184, 12.08, 15.14, 10.63, 16.86, 0.000, 0.000, 0.000, 14:39:30.297
185, 14.11, 10.47, 6.27, 13.87, 0.000, 0.000, 0.000, 14:39:30.297
186, 11.48, 9.51, 7.96, 12.07, 0.000, 0.000, 0.000, 14:39:30.297
187, 12.40, 12.68, 8.71, 11.48, 0.000, 0.000, 0.000, 14:39:30.312
188, 13.94, 11.50, 13.04, 11.33, 0.000, 0.000, 0.000, 14:39:30.312
189, 10.61, 7.11, 2.21, 9.85, 0.000, 0.000, 0.000, 14:39:30.326
190, 7.90, 14.72, -3.06, 12.64, 0.000, 0.000, 0.000, 14:39:30.327
191, 11.13, 13.91, 6.55, 16.06, 0.000, 0.000, 0.000, 14:39:30.327
192, 10.34, 11.09, 12.63, 17.39, 0.000, 0.000, 0.000, 14:39:30.327
193, 14.27, 11.65, 12.37, 13.30, 0.000, 0.000, 0.000, 14:39:30.342
194, 10.68, 11.50, 10.40, 11.46, 0.000, 0.000, 0.000, 14:39:30.342
195, 12.46, 10.96, 8.95, 11.76, 0.000, 0.000, 0.000, 14:39:30.356
196, 15.20, 12.81, 12.99, 14.46, 0.000, 0.000, 0.000, 14:39:30.357
197, 10.76, 10.46, 7.53, 12.86, 0.000, 0.000, 0.000, 14:39:30.357
198, 14.28, 10.98, 9.50, 10.93, 0.000, 0.000, 0.000, 14:39:30.357
199, 11.18, 14.56, 14.77, 18.48, 0.000, 0.000, 0.000, 14:39:30.372
200, 11.23, 12.52, 9.77, 16.46, 0.000, 0.000, 0.000, 14:39:30.372
0, 12.22, 10.85, 10.69, 12.46, 0.000, 0.000, 0.000, 14:39:30.372
1, 6.45, 11.46, 7.81, 16.83, 0.000, 0.000, 0.000, 14:39:30.387
2, 12.14, 9.21, 9.98, 12.21, 0.000, 0.000, 0.000, 14:39:30.387
3, 15.93, 11.79, 11.86, 15.46, 0.000, 0.000, 0.000, 14:39:30.402
4, 9.86, 8.13, 3.95, 11.92, 0.000, 0.000, 0.000, 14:39:30.402
5, 11.14, 11.62, 11.20, 10.39, 0.000, 0.000, 0.000, 14:39:30.403
6, 10.69, 11.12, 5.79, 16.28, 0.000, 0.000, 0.000, 14:39:30.404
7, 14.25, 15.80, 10.01, 11.23, 0.000, 0.000, 0.000, 14:39:30.424
8, 14.16, 11.57, 5.21, 9.70, 0.000, 0.000, 0.000, 14:39:30.424
9, 10.93, 9.15, 7.35, 7.94, 0.000, 0.000, 0.000, 14:39:30.431
10, 9.11, 10.82, 7.87, 13.91, 0.000, 0.000, 0.000, 14:39:30.432
11, 11.99, 12.63, 5.50, 13.52, 0.000, 0.000, 0.000, 14:39:30.432
12, 15.32, 13.74, 6.12, 16.02, 0.000, 0.000, 0.000, 14:39:30.432
13, 8.04, 9.27, -0.02, 13.50, 0.000, 0.000, 0.000, 14:39:30.447
14, 9.06, 8.34, 1.42, 12.09, 0.000, 0.000, 0.000, 14:39:30.447
15, 9.89, 10.88, 13.08, 12.19, 0.000, 0.000, 0.000, 14:39:30.462
16, 13.84, 12.87, 10.53, 10.51, 0.000, 0.000, 0.000, 14:39:30.462
17, 11.23, 10.20, 8.19, 14.16, 0.000, 0.000, 0.000, 14:39:30.462
18, 11.12, 14.37, 15.04, 15.11, 0.000, 0.000, 0.000, 14:39:30.462
19, 13.60, 11.44, 6.56, 12.15, 0.000, 0.000, 0.000, 14:39:30.477
20, 11.13, 14.55, 12.46, 11.62, 0.000, 0.000, 0.000, 14:39:30.477
21, 13.74, 10.46, 7.18, 12.88, 0.000, 0.000, 0.000, 14:39:30.492
22, 12.82, 8.29, 4.72, 12.33, 0.000, 0.000, 0.000, 14:39:30.492
23, 11.77, 8.50, 8.37, 11.35, 0.000, 0.000, 0.000, 14:39:30.492
24, 14.74, 15.02, 9.13, 18.42, 0.000, 0.000, 0.000, 14:39:30.492
25, 6.34, 12.00, 9.66, 11.66, 0.000, 0.000, 0.000, 14:39:30.507
26, 12.30, 14.87, 11.37, 16.26, 0.000, 0.000, 0.000, 14:39:30.507
27, 12.97, 13.96, 7.20, 17.10, 0.000, 0.000, 0.000, 14:39:30.522
28, 12.64, 11.18, 11.01, 14.82, 0.000, 0.000, 0.000, 14:39:30.522
29, 12.37, 12.42, 7.83, 12.51, 0.000, 0.000, 0.000, 14:39:30.522
30, 9.92, 13.06, 11.08, 11.70, 0.000, 0.000, 0.000, 14:39:30.523
31, 15.18, 10.84, 10.36, 15.32, 0.000, 0.000, 0.000, 14:39:30.537
32, 17.61, 12.21, 11.07, 13.16, 0.000, 0.000, 0.000, 14:39:30.537
33, 7.99, 11.35, 6.52, 4.44, 0.000, 0.000, 0.000, 14:39:30.553
34, 12.44, 10.67, 0.65, 11.77, 0.000, 0.000, 0.000, 14:39:30.553
35, 14.44, 13.66, 9.13, 16.18, 0.000, 0.000, 0.000, 14:39:30.555
36, 8.00, 12.44, 1.39, 9.19, 0.000, 0.000, 0.000, 14:39:30.556
37, 10.53, 10.61, 11.29, 10.25, 0.000, 0.000, 0.000, 14:39:30.566
38, 12.09, 16.09, 10.66, 14.44, 0.000, 0.000, 0.000, 14:39:30.567
39, 12.63, 15.71, 8.67, 12.62, 0.000, 0.000, 0.000, 14:39:30.582
40, 12.33, 15.12, 13.29, 18.60, 0.000, 0.000, 0.000, 14:39:30.582
41, 8.47, 9.20, 5.47, 14.24, 0.000, 0.000, 0.000, 14:39:30.583
42, 12.29, 12.66, 5.88, 15.25, 0.000, 0.000, 0.000, 14:39:30.583
43, 12.28, 8.61, 17.82, 11.33, 0.000, 0.000, 0.000, 14:39:30.596
44, 14.21, 12.39, 8.76, 15.08, 0.000, 0.000, 0.000, 14:39:30.597
45, 15.21, 10.81, -5.70, 14.99, 0.000, 0.000, 0.000, 14:39:30.612
46, 11.01, 10.57, 8.65, 12.20, 0.000, 0.000, 0.000, 14:39:30.612
47, 11.41, 12.44, 8.26, 13.43, 0.000, 0.000, 0.000, 14:39:30.612
48, 12.00, 12.93, 9.13, 12.89, 0.000, 0.000, 0.000, 14:39:30.612
49, 16.03, 9.44, 13.93, 14.80, 0.000, 0.000, 0.000, 14:39:30.627
50, 10.23, 9.32, 10.01, 12.32, 0.000, 0.000, 0.000, 14:39:30.627
51, 7.86, 11.23, 10.74, 9.31, 0.000, 0.000, 0.000, 14:39:30.642
52, 13.34, 10.73, 5.40, 11.95, 0.000, 0.000, 0.000, 14:39:30.642
53, 10.54, 12.66, 1.11, 12.55, 0.000, 0.000, 0.000, 14:39:30.643
54, 12.14, 13.17, 11.98, 11.09, 0.000, 0.000, 0.000, 14:39:30.643
55, 10.34, 17.35, 9.19, 14.43, 0.000, 0.000, 0.000, 14:39:30.657
56, 11.25, 12.84, 4.96, 13.93, 0.000, 0.000, 0.000, 14:39:30.657
57, 13.59, 9.09, 4.95, 13.94, 0.000, 0.000, 0.000, 14:39:30.672
58, 14.90, 11.02, 10.45, 11.85, 0.000, 0.000, 0.000, 14:39:30.672
59, 14.95, 12.14, 17.60, 15.25, 0.000, 0.000, 0.000, 14:39:30.674
60, 9.88, 10.62, 5.36, 10.43, 0.000, 0.000, 0.000, 14:39:30.674
61, 8.84, 11.54, 10.77, 12.90, 0.000, 0.000, 0.000, 14:39:30.687
62, 12.08, 10.06, 4.77, 12.52, 0.000, 0.000, 0.000, 14:39:30.687
63, 13.62, 11.18, 4.43, 16.44, 0.000, 0.000, 0.000, 14:39:30.702
64, 12.67, 13.50, 7.22, 14.50, 0.000, 0.000, 0.000, 14:39:30.703
65, 10.07, 9.26, 11.11, 9.27, 0.000, 0.000, 0.000, 14:39:30.704
66, 13.46, 11.32, 8.31, 16.07, 0.000, 0.000, 0.000, 14:39:30.704
67, 13.11, 11.35, 4.70, 14.10, 0.000, 0.000, 0.000, 14:39:30.716
68, 11.83, 17.67, 14.97, 16.83, 0.000, 0.000, 0.000, 14:39:30.717
69, 9.85, 7.29, 5.98, 11.13, 0.000, 0.000, 0.000, 14:39:30.732
70, 10.15, 12.61, 12.08, 19.11, 0.000, 0.000, 0.000, 14:39:30.732
71, 12.87, 12.18, 14.13, 14.82, 0.000, 0.000, 0.000, 14:39:30.732
72, 9.76, 13.01, 6.66, 13.39, 0.000, 0.000, 0.000, 14:39:30.732
73, 10.60, 11.40, 8.47, 15.14, 0.000, 0.000, 0.000, 14:39:30.747
74, 12.14, 9.19, 4.25, 14.03, 0.000, 0.000, 0.000, 14:39:30.747
75, 16.30, 16.00, 16.20, 16.94, 0.000, 0.000, 0.000, 14:39:30.762
76, 9.30, 14.16, 8.92, 12.49, 0.000, 0.000, 0.000, 14:39:30.762
77, 12.92, 7.25, 14.16, 9.57, 0.000, 0.000, 0.000, 14:39:30.762
78, 11.04, 18.50, 8.02, 11.74, 0.000, 0.000, 0.000, 14:39:30.763
79, 12.13, 14.16, 13.85, 13.10, 0.000, 0.000, 0.000, 14:39:30.777
80, 14.56, 13.11, 4.71, 14.39, 0.000, 0.000, 0.000, 14:39:30.777
81, 13.66, 8.13, 3.07, 16.61, 0.000, 0.000, 0.000, 14:39:30.792
82, 12.85, 14.22, 16.40, 12.44, 0.000, 0.000, 0.000, 14:39:30.792
83, 11.37, 10.03, 5.90, 11.01, 0.000, 0.000, 0.000, 14:39:30.792
84, 7.53, 8.96, 6.99, 8.82, 0.000, 0.000, 0.000, 14:39:30.792
85, 13.51, 17.23, 3.30, 14.51, 0.000, 0.000, 0.000, 14:39:30.806
86, 15.11, 10.40, 13.48, 12.85, 0.000, 0.000, 0.000, 14:39:30.807
87, 11.40, 12.69, 13.83, 15.89, 0.000, 0.000, 0.000, 14:39:30.823
88, 10.53, 12.61, 6.88, 13.98, 0.000, 0.000, 0.000, 14:39:30.824
89, 9.17, 8.10, 11.18, 8.51, 0.000, 0.000, 0.000, 14:39:30.825
90, 12.24, 13.96, 1.42, 12.30, 0.000, 0.000, 0.000, 14:39:30.826
91, 15.40, 16.14, -3.44, 12.89, 0.000, 0.000, 0.000, 14:39:30.838
92, 9.11, 14.07, 16.41, 15.55, 0.000, 0.000, 0.000, 14:39:30.840
93, 9.61, 7.82, 4.36, 10.08, 0.000, 0.000, 0.000, 14:39:30.852
94, 11.21, 9.94, 3.19, 11.94, 0.000, 0.000, 0.000, 14:39:30.853
95, 8.96, 10.86, -0.45, 16.58, 0.000, 0.000, 0.000, 14:39:30.854
96, 10.89, 7.23, 14.71, 11.07, 0.000, 0.000, 0.000, 14:39:30.854
97, 7.54, 10.61, 8.59, 12.92, 0.000, 0.000, 0.000, 14:39:30.867
98, 9.59, 10.08, 6.72, 11.40, 0.000, 0.000, 0.000, 14:39:30.867
99, 16.84, 14.60, 12.68, 12.90, 0.000, 0.000, 0.000, 14:39:30.882
100, 12.97, 8.56, 17.21, 15.01, 0.000, 0.000, 0.000, 14:39:30.882
101, 17.07, 9.76, 11.26, 17.32, 0.000, 0.000, 0.000, 14:39:30.882
102, 9.94, 10.64, 8.97, 14.51, 0.000, 0.000, 0.000, 14:39:30.882
103, 12.38, 16.20, 9.69, 11.71, 0.000, 0.000, 0.000, 14:39:30.903
104, 12.43, 13.49, 10.88, 15.93, 0.000, 0.000, 0.000, 14:39:30.904
105, 14.68, 16.33, 6.98, 12.84, 0.000, 0.000, 0.000, 14:39:30.912
106, 15.00, 14.23, 8.55, 13.56, 0.000, 0.000, 0.000, 14:39:30.912
107, 13.20, 9.25, 12.35, 8.59, 0.000, 0.000, 0.000, 14:39:30.912
108, 12.05, 10.44, 5.96, 7.35, 0.000, 0.000, 0.000, 14:39:30.913
109, 9.41, 11.61, 4.32, 11.12, 0.000, 0.000, 0.000, 14:39:30.927
110, 13.94, 11.99, 1.13, 13.55, 0.000, 0.000, 0.000, 14:39:30.927
111, 16.93, 13.11, 11.53, 14.10, 0.000, 0.000, 0.000, 14:39:30.941
112, 14.70, 13.30, 6.10, 15.93, 0.000, 0.000, 0.000, 14:39:30.941
113, 9.49, 11.17, 6.47, 18.43, 0.000, 0.000, 0.000, 14:39:30.942
114, 13.74, 10.57, 9.45, 18.91, 0.000, 0.000, 0.000, 14:39:30.942
115, 15.27, 15.58, 5.73, 12.05, 0.000, 0.000, 0.000, 14:39:30.957
116, 11.03, 8.14, 10.91, 11.17, 0.000, 0.000, 0.000, 14:39:30.957
117, 12.52, 11.36, 12.75, 10.61, 0.000, 0.000, 0.000, 14:39:30.972
118, 12.54, 14.82, 8.46, 15.59, 0.000, 0.000, 0.000, 14:39:30.973
119, 17.27, 12.95, 4.46, 15.13, 0.000, 0.000, 0.000, 14:39:30.973
120, 11.74, 13.59, 2.02, 14.08, 0.000, 0.000, 0.000, 14:39:30.973
121, 5.26, 7.75, 10.02, 10.26, 0.000, 0.000, 0.000, 14:39:30.987
122, 10.42, 13.10, 8.51, 15.95, 0.000, 0.000, 0.000, 14:39:30.988
123, 10.51, 12.85, 9.66, 8.80, 0.000, 0.000, 0.000, 14:39:31.002
124, 12.68, 13.63, 11.34, 11.70, 0.000, 0.000, 0.000, 14:39:31.003
125, 8.10, 9.88, 6.77, 11.92, 0.000, 0.000, 0.000, 14:39:31.004
126, 13.00, 13.19, 5.66, 15.29, 0.000, 0.000, 0.000, 14:39:31.004
127, 9.98, 9.41, 11.84, 12.79, 0.000, 0.000, 0.000, 14:39:31.016
128, 12.66, 10.78, 6.36, 11.98, 0.000, 0.000, 0.000, 14:39:31.017
129, 10.63, 12.44, 3.17, 13.53, 0.000, 0.000, 0.000, 14:39:31.032
130, 8.05, 12.29, 6.52, 16.14, 0.000, 0.000, 0.000, 14:39:31.032
131, 11.44, 8.38, 13.22, 18.46, 0.000, 0.000, 0.000, 14:39:31.032
132, 11.32, 14.70, 7.32, 13.50, 0.000, 0.000, 0.000, 14:39:31.032
133, 14.83, 9.27, -1.90, 12.47, 0.000, 0.000, 0.000, 14:39:31.046
134, 10.96, 9.83, 16.89, 12.30, 0.000, 0.000, 0.000, 14:39:31.047
135, 12.48, 13.39, 16.14, 14.61, 0.000, 0.000, 0.000, 14:39:31.062
136, 12.95, 16.15, 12.30, 9.92, 0.000, 0.000, 0.000, 14:39:31.062
137, 8.05, 7.73, 8.30, 12.39, 0.000, 0.000, 0.000, 14:39:31.062
138, 12.72, 10.64, 10.86, 12.22, 0.000, 0.000, 0.000, 14:39:31.062
139, 15.50, 9.89, 11.18, 14.98, 0.000, 0.000, 0.000, 14:39:31.077
140, 11.25, 8.09, 6.61, 13.88, 0.000, 0.000, 0.000, 14:39:31.077
141, 12.99, 11.09, 6.74, 9.76, 0.000, 0.000, 0.000, 14:39:31.092
142, 15.14, 10.86, 11.42, 12.53, 0.000, 0.000, 0.000, 14:39:31.092
143, 10.87, 14.58, 11.69, 11.50, 0.000, 0.000, 0.000, 14:39:31.092
144, 9.85, 9.35, -6.62, 9.70, 0.000, 0.000, 0.000, 14:39:31.092
145, 12.18, 11.69, 4.33, 16.18, 0.000, 0.000, 0.000, 14:39:31.107
146, 10.63, 12.99, 4.56, 15.07, 0.000, 0.000, 0.000, 14:39:31.107
147, 11.11, 13.08, 8.04, 10.69, 0.000, 0.000, 0.000, 14:39:31.122
148, 9.55, 12.11, 10.49, 11.98, 0.000, 0.000, 0.000, 14:39:31.122
149, 13.19, 11.84, 6.97, 11.43, 0.000, 0.000, 0.000, 14:39:31.122
150, 9.26, 12.43, 7.96, 11.16, 0.000, 0.000, 0.000, 14:39:31.122
151, 11.86, 11.85, 0.29, 15.30, 0.000, 0.000, 0.000, 14:39:31.137
152, 10.23, 9.65, 9.01, 11.47, 0.000, 0.000, 0.000, 14:39:31.137
153, 12.16, 12.52, 12.19, 8.01, 0.000, 0.000, 0.000, 14:39:31.153
154, 13.66, 12.22, 6.35, 15.44, 0.000, 0.000, 0.000, 14:39:31.153
155, 10.45, 10.33, 9.52, 14.81, 0.000, 0.000, 0.000, 14:39:31.154
156, 11.63, 11.63, 6.43, 13.86, 0.000, 0.000, 0.000, 14:39:31.154
157, 14.15, 12.40, 11.91, 15.45, 0.000, 0.000, 0.000, 14:39:31.167
158, 16.28, 13.99, 8.02, 12.74, 0.000, 0.000, 0.000, 14:39:31.167
159, 13.06, 12.86, 6.13, 15.68, 0.000, 0.000, 0.000, 14:39:31.182
160, 13.71, 15.33, 11.72, 14.72, 0.000, 0.000, 0.000, 14:39:31.182
161, 8.41, 9.26, 0.69, 11.65, 0.000, 0.000, 0.000, 14:39:31.182
162, 17.33, 12.47, 14.18, 15.81, 0.000, 0.000, 0.000, 14:39:31.183
163, 11.19, 17.09, 16.40, 16.41, 0.000, 0.000, 0.000, 14:39:31.197
164, 10.92, 12.40, 9.37, 15.38, 0.000, 0.000, 0.000, 14:39:31.197
165, 8.26, 7.09, 12.38, 11.60, 0.000, 0.000, 0.000, 14:39:31.212
166, 12.36, 13.19, 7.69, 17.40, 0.000, 0.000, 0.000, 14:39:31.212
167, 16.71, 14.08, 7.83, 13.05, 0.000, 0.000, 0.000, 14:39:31.212
168, 15.89, 10.24, 7.81, 10.65, 0.000, 0.000, 0.000, 14:39:31.212
169, 11.96, 9.65, 1.59, 7.78, 0.000, 0.000, 0.000, 14:39:31.227
170, 11.84, 11.90, 11.15, 12.77, 0.000, 0.000, 0.000, 14:39:31.228
171, 11.19, 14.69, -0.98, 13.35, 0.000, 0.000, 0.000, 14:39:31.242
172, 13.90, 12.30, 11.34, 13.07, 0.000, 0.000, 0.000, 14:39:31.242
173, 6.70, 6.29, 6.95, 13.94, 0.000, 0.000, 0.000, 14:39:31.243
174, 10.66, 12.05, 5.28, 12.03, 0.000, 0.000, 0.000, 14:39:31.243
175, 9.25, 10.87, 5.36, 8.43, 0.000, 0.000, 0.000, 14:39:31.263
176, 9.93, 14.25, 17.03, 10.43, 0.000, 0.000, 0.000, 14:39:31.263
177, 8.38, 9.84, 13.03, 12.89, 0.000, 0.000, 0.000, 14:39:31.273
178, 15.10, 13.11, 10.34, 11.22, 0.000, 0.000, 0.000, 14:39:31.273
179, 8.15, 11.30, 17.13, 16.66, 0.000, 0.000, 0.000, 14:39:31.273
180, 14.41, 11.86, 4.77, 17.05, 0.000, 0.000, 0.000, 14:39:31.273
181, 10.91, 10.20, 11.03, 10.80, 0.000, 0.000, 0.000, 14:39:31.287
182, 14.75, 13.50, 8.61, 17.77, 0.000, 0.000, 0.000, 14:39:31.287
183, 13.78, 11.98, 3.46, 14.11, 0.000, 0.000, 0.000, 14:39:31.302
184, 7.90, 9.91, 4.42, 15.64, 0.000, 0.000, 0.000, 14:39:31.303
185, 9.05, 10.05, 7.72, 11.50, 0.000, 0.000, 0.000, 14:39:31.303
186, 12.56, 14.13, 10.97, 10.55, 0.000, 0.000, 0.000, 14:39:31.303
187, 12.56, 13.20, 7.53, 19.89, 0.000, 0.000, 0.000, 14:39:31.317
188, 15.17, 13.76, 11.16, 18.36, 0.000, 0.000, 0.000, 14:39:31.318
189, 15.88, 14.40, 12.08, 9.29, 0.000, 0.000, 0.000, 14:39:31.332
190, 13.80, 14.39, 13.77, 9.33, 0.000, 0.000, 0.000, 14:39:31.332
191, 11.28, 12.48, 10.10, 13.07, 0.000, 0.000, 0.000, 14:39:31.332
192, 7.53, 11.03, 7.18, 13.07, 0.000, 0.000, 0.000, 14:39:31.332
193, 7.29, 11.25, 4.87, 11.25, 0.000, 0.000, 0.000, 14:39:31.346
194, 13.75, 14.35, 11.94, 14.01, 0.000, 0.000, 0.000, 14:39:31.347
195, 14.18, 13.44, 10.30, 12.50, 0.000, 0.000, 0.000, 14:39:31.362
196, 10.69, 11.33, 5.71, 10.62, 0.000, 0.000, 0.000, 14:39:31.362
197, 10.87, 13.41, 5.48, 11.31, 0.000, 0.000, 0.000, 14:39:31.362
198, 16.58, 10.81, 10.83, 17.39, 0.000, 0.000, 0.000, 14:39:31.362
199, 13.24, 9.46, 7.49, 16.55, 0.000, 0.000, 0.000, 14:39:31.376
200, 8.70, 13.62, 6.33, 15.37, 0.000, 0.000, 0.000, 14:39:31.377
0, 9.97, 11.80, 6.88, 10.24, 0.000, 0.000, 0.000, 14:39:31.377
1, 15.62, 12.08, 7.09, 15.86, 0.000, 0.000, 0.000, 14:39:31.392
2, 11.38, 12.96, 12.46, 10.58, 0.000, 0.000, 0.000, 14:39:31.392
3, 9.51, 12.61, 8.11, 12.90, 0.000, 0.000, 0.000, 14:39:31.408
4, 10.40, 10.24, 9.46, 8.34, 0.000, 0.000, 0.000, 14:39:31.408
5, 7.01, 11.79, 6.44, 15.01, 0.000, 0.000, 0.000, 14:39:31.408
6, 12.81, 10.03, 10.46, 15.17, 0.000, 0.000, 0.000, 14:39:31.408
7, 10.81, 12.74, 9.42, 15.14, 0.000, 0.000, 0.000, 14:39:31.424
8, 13.43, 10.29, 7.07, 12.21, 0.000, 0.000, 0.000, 14:39:31.424
9, 14.89, 12.30, 10.88, 15.57, 0.000, 0.000, 0.000, 14:39:31.437
10, 8.88, 12.08, 7.48, 13.65, 0.000, 0.000, 0.000, 14:39:31.437
11, 12.58, 11.55, 7.88, 15.75, 0.000, 0.000, 0.000, 14:39:31.438
12, 10.42, 15.48, 11.66, 12.31, 0.000, 0.000, 0.000, 14:39:31.438
13, 13.31, 14.82, 0.07, 14.82, 0.000, 0.000, 0.000, 14:39:31.452
14, 13.95, 14.73, 13.61, 15.18, 0.000, 0.000, 0.000, 14:39:31.453
15, 11.37, 12.77, 19.66, 11.38, 0.000, 0.000, 0.000, 14:39:31.466
16, 9.26, 12.15, 1.53, 11.66, 0.000, 0.000, 0.000, 14:39:31.467
17, 13.89, 12.84, 7.67, 15.28, 0.000, 0.000, 0.000, 14:39:31.467
18, 16.82, 16.36, 12.74, 11.90, 0.000, 0.000, 0.000, 14:39:31.467
19, 12.94, 12.13, 7.03, 15.41, 0.000, 0.000, 0.000, 14:39:31.481
20, 12.50, 11.81, 1.33, 9.99, 0.000, 0.000, 0.000, 14:39:31.481
21, 14.60, 12.18, 6.59, 15.32, 0.000, 0.000, 0.000, 14:39:31.496
22, 9.79, 8.21, 11.81, 12.78, 0.000, 0.000, 0.000, 14:39:31.497
23, 15.74, 6.72, 10.83, 13.83, 0.000, 0.000, 0.000, 14:39:31.497
24, 14.97, 12.07, 4.97, 17.71, 0.000, 0.000, 0.000, 14:39:31.497
25, 14.60, 13.89, 10.40, 15.31, 0.000, 0.000, 0.000, 14:39:31.511
26, 12.47, 15.05, 13.41, 14.35, 0.000, 0.000, 0.000, 14:39:31.511
27, 13.05, 8.31, 9.71, 11.60, 0.000, 0.000, 0.000, 14:39:31.526
28, 14.20, 11.59, 9.27, 11.99, 0.000, 0.000, 0.000, 14:39:31.526
29, 12.80, 10.03, 8.72, 15.49, 0.000, 0.000, 0.000, 14:39:31.527
30, 11.86, 12.49, 8.93, 9.48, 0.000, 0.000, 0.000, 14:39:31.527
31, 11.55, 11.50, 10.79, 15.56, 0.000, 0.000, 0.000, 14:39:31.542
32, 12.15, 8.43, 6.24, 12.28, 0.000, 0.000, 0.000, 14:39:31.542
33, 11.90, 10.51, 8.40, 16.64, 0.000, 0.000, 0.000, 14:39:31.557
34, 15.91, 14.94, 12.15, 12.76, 0.000, 0.000, 0.000, 14:39:31.557
35, 9.42, 12.31, 2.60, 17.96, 0.000, 0.000, 0.000, 14:39:31.557
36, 7.85, 11.45, 12.29, 11.66, 0.000, 0.000, 0.000, 14:39:31.557
37, 12.72, 10.09, 8.58, 12.12, 0.000, 0.000, 0.000, 14:39:31.573
38, 14.48, 13.16, 6.83, 11.13, 0.000, 0.000, 0.000, 14:39:31.573
39, 13.55, 10.63, 2.69, 10.87, 0.000, 0.000, 0.000, 14:39:31.589
40, 11.27, 7.76, 4.77, 11.24, 0.000, 0.000, 0.000, 14:39:31.589
41, 11.94, 9.56, 11.39, 12.93, 0.000, 0.000, 0.000, 14:39:31.589
42, 13.40, 19.99, 13.67, 14.16, 0.000, 0.000, 0.000, 14:39:31.590
43, 13.03, 14.41, 9.78, 11.55, 0.000, 0.000, 0.000, 14:39:31.603
44, 9.42, 14.07, 6.61, 12.68, 0.000, 0.000, 0.000, 14:39:31.604
45, 12.74, 13.05, 9.59, 15.58, 0.000, 0.000, 0.000, 14:39:31.624
46, 10.60, 15.51, 11.11, 16.76, 0.000, 0.000, 0.000, 14:39:31.624
47, 13.85, 9.66, 7.24, 16.99, 0.000, 0.000, 0.000, 14:39:31.624
48, 10.70, 11.65, 5.44, 12.56, 0.000, 0.000, 0.000, 14:39:31.624
49, 10.99, 11.80, 9.29, 9.20, 0.000, 0.000, 0.000, 14:39:31.631
50, 13.27, 15.08, 8.11, 10.94, 0.000, 0.000, 0.000, 14:39:31.632
51, 9.87, 8.62, 0.06, 9.08, 0.000, 0.000, 0.000, 14:39:31.646
52, 10.26, 11.86, 2.07, 12.03, 0.000, 0.000, 0.000, 14:39:31.647
53, 10.11, 11.58, 4.64, 18.77, 0.000, 0.000, 0.000, 14:39:31.647
54, 12.69, 13.07, 6.87, 15.94, 0.000, 0.000, 0.000, 14:39:31.647
55, 10.90, 7.03, 10.16, 12.11, 0.000, 0.000, 0.000, 14:39:31.661
56, 12.89, 9.71, 9.73, 14.43, 0.000, 0.000, 0.000, 14:39:31.662
57, 10.48, 11.38, 9.30, 12.54, 0.000, 0.000, 0.000, 14:39:31.676
58, 10.10, 12.57, 13.57, 15.93, 0.000, 0.000, 0.000, 14:39:31.676
59, 11.09, 12.16, 9.90, 16.43, 0.000, 0.000, 0.000, 14:39:31.677
60, 10.61, 7.52, 5.89, 11.40, 0.000, 0.000, 0.000, 14:39:31.677
61, 15.84, 11.27, 4.12, 13.69, 0.000, 0.000, 0.000, 14:39:31.691
62, 7.53, 12.59, 12.68, 16.34, 0.000, 0.000, 0.000, 14:39:31.691
63, 11.73, 7.74, 8.12, 13.89, 0.000, 0.000, 0.000, 14:39:31.706
64, 9.09, 12.36, 10.17, 11.22, 0.000, 0.000, 0.000, 14:39:31.707
65, 13.14, 11.31, 8.78, 12.67, 0.000, 0.000, 0.000, 14:39:31.713
66, 12.28, 13.37, 7.40, 10.14, 0.000, 0.000, 0.000, 14:39:31.714
67, 12.77, 9.62, 3.01, 7.03, 0.000, 0.000, 0.000, 14:39:31.723
68, 9.25, 12.89, 9.34, 11.73, 0.000, 0.000, 0.000, 14:39:31.723
69, 14.74, 12.51, 7.45, 13.34, 0.000, 0.000, 0.000, 14:39:31.737
70, 10.92, 14.27, 12.47, 9.40, 0.000, 0.000, 0.000, 14:39:31.737
71, 12.35, 11.55, 8.59, 15.71, 0.000, 0.000, 0.000, 14:39:31.740
72, 10.91, 8.90, 8.43, 12.72, 0.000, 0.000, 0.000, 14:39:31.740
73, 14.02, 11.50, 12.42, 15.12, 0.000, 0.000, 0.000, 14:39:31.753
74, 8.48, 10.65, 10.24, 14.19, 0.000, 0.000, 0.000, 14:39:31.754
75, 11.47, 13.33, 5.76, 12.51, 0.000, 0.000, 0.000, 14:39:31.767
76, 14.17, 13.35, 6.25, 10.67, 0.000, 0.000, 0.000, 14:39:31.768
77, 13.48, 12.11, 11.61, 15.91, 0.000, 0.000, 0.000, 14:39:31.770
78, 12.38, 10.67, 12.92, 13.97, 0.000, 0.000, 0.000, 14:39:31.770
79, 13.70, 10.82, 4.58, 14.25, 0.000, 0.000, 0.000, 14:39:31.781
80, 13.21, 10.60, 9.22, 9.93, 0.000, 0.000, 0.000, 14:39:31.782
81, 11.94, 11.63, 9.37, 14.00, 0.000, 0.000, 0.000, 14:39:31.796
82, 12.11, 13.71, 14.09, 14.06, 0.000, 0.000, 0.000, 14:39:31.797
83, 9.49, 16.61, 10.43, 15.70, 0.000, 0.000, 0.000, 14:39:31.797
84, 8.34, 12.10, 4.59, 12.98, 0.000, 0.000, 0.000, 14:39:31.797
85, 16.04, 16.58, 7.51, 16.94, 0.000, 0.000, 0.000, 14:39:31.811
86, 13.66, 11.88, 5.33, 17.40, 0.000, 0.000, 0.000, 14:39:31.812
87, 9.48, 9.89, 8.94, 8.60, 0.000, 0.000, 0.000, 14:39:31.827
88, 10.65, 10.62, 9.09, 11.11, 0.000, 0.000, 0.000, 14:39:31.827
89, 10.89, 11.16, 9.44, 16.36, 0.000, 0.000, 0.000, 14:39:31.827
90, 9.93, 11.53, 13.91, 13.10, 0.000, 0.000, 0.000, 14:39:31.827
91, 10.55, 12.35, 9.77, 12.59, 0.000, 0.000, 0.000, 14:39:31.841
92, 9.65, 13.40, 7.89, 9.25, 0.000, 0.000, 0.000, 14:39:31.842
93, 11.56, 6.65, 5.60, 12.13, 0.000, 0.000, 0.000, 14:39:31.856
94, 11.43, 13.48, 10.77, 12.92, 0.000, 0.000, 0.000, 14:39:31.857
95, 12.00, 12.38, 5.82, 14.57, 0.000, 0.000, 0.000, 14:39:31.857
96, 10.46, 11.88, 7.63, 10.94, 0.000, 0.000, 0.000, 14:39:31.857
97, 12.76, 14.11, 4.81, 15.71, 0.000, 0.000, 0.000, 14:39:31.872
98, 10.37, 15.63, 8.02, 17.37, 0.000, 0.000, 0.000, 14:39:31.872
99, 12.70, 11.69, 4.10, 12.32, 0.000, 0.000, 0.000, 14:39:31.888
100, 5.66, 7.77, 9.24, 13.97, 0.000, 0.000, 0.000, 14:39:31.889
101, 11.49, 12.88, 3.26, 13.85, 0.000, 0.000, 0.000, 14:39:31.889
102, 15.29, 13.94, 7.18, 16.71, 0.000, 0.000, 0.000, 14:39:31.890
103, 14.72, 9.27, 10.54, 11.46, 0.000, 0.000, 0.000, 14:39:31.902
104, 8.28, 11.25, 3.48, 14.97, 0.000, 0.000, 0.000, 14:39:31.903
105, 13.37, 12.22, 9.25, 14.48, 0.000, 0.000, 0.000, 14:39:31.916
106, 12.48, 14.24, 8.38, 14.64, 0.000, 0.000, 0.000, 14:39:31.917
107, 11.06, 10.86, 11.39, 13.06, 0.000, 0.000, 0.000, 14:39:31.917
108, 12.46, 14.42, 11.21, 10.25, 0.000, 0.000, 0.000, 14:39:31.918
109, 12.71, 10.87, 9.43, 14.19, 0.000, 0.000, 0.000, 14:39:31.931
110, 12.05, 12.38, 11.23, 9.31, 0.000, 0.000, 0.000, 14:39:31.932
111, 13.41, 10.99, 6.25, 7.27, 0.000, 0.000, 0.000, 14:39:31.947
112, 13.64, 11.93, 3.37, 9.54, 0.000, 0.000, 0.000, 14:39:31.947
113, 14.30, 14.75, 9.87, 14.95, 0.000, 0.000, 0.000, 14:39:31.947
114, 12.70, 11.77, 12.40, 17.15, 0.000, 0.000, 0.000, 14:39:31.947
115, 12.24, 9.53, 8.52, 16.88, 0.000, 0.000, 0.000, 14:39:31.961
116, 10.54, 9.58, 12.02, 13.96, 0.000, 0.000, 0.000, 14:39:31.962
117, 14.73, 12.66, 10.14, 13.26, 0.000, 0.000, 0.000, 14:39:31.977
118, 14.87, 11.00, 6.24, 19.89, 0.000, 0.000, 0.000, 14:39:31.977
119, 12.35, 14.43, 9.04, 13.18, 0.000, 0.000, 0.000, 14:39:31.977
120, 10.93, 13.95, 8.27, 8.95, 0.000, 0.000, 0.000, 14:39:31.977
121, 11.86, 13.12, 9.84, 17.23, 0.000, 0.000, 0.000, 14:39:31.991
122, 9.66, 11.39, 3.11, 13.81, 0.000, 0.000, 0.000, 14:39:31.992
123, 13.05, 10.37, 5.67, 11.52, 0.000, 0.000, 0.000, 14:39:32.007
124, 12.25, 10.32, 9.06, 12.14, 0.000, 0.000, 0.000, 14:39:32.007
125, 13.02, 9.51, 9.88, 12.76, 0.000, 0.000, 0.000, 14:39:32.008
126, 15.13, 14.87, 8.91, 15.43, 0.000, 0.000, 0.000, 14:39:32.008
127, 9.72, 14.10, 1.67, 11.72, 0.000, 0.000, 0.000, 14:39:32.022
128, 14.02, 10.91, 8.84, 15.64, 0.000, 0.000, 0.000, 14:39:32.022
129, 12.09, 8.64, 6.57, 11.94, 0.000, 0.000, 0.000, 14:39:32.038
130, 10.03, 9.98, 13.76, 8.59, 0.000, 0.000, 0.000, 14:39:32.038
131, 10.68, 8.63, 3.59, 12.10, 0.000, 0.000, 0.000, 14:39:32.044
132, 13.19, 16.13, 13.70, 13.94, 0.000, 0.000, 0.000, 14:39:32.044
133, 13.06, 11.60, 10.86, 16.17, 0.000, 0.000, 0.000, 14:39:32.052
134, 14.55, 14.46, 7.95, 15.98, 0.000, 0.000, 0.000, 14:39:32.053
135, 9.91, 12.70, 7.59, 10.93, 0.000, 0.000, 0.000, 14:39:32.067
136, 8.08, 10.84, 7.77, 11.63, 0.000, 0.000, 0.000, 14:39:32.067
137, 10.48, 9.49, 9.03, 15.70, 0.000, 0.000, 0.000, 14:39:32.067
138, 16.60, 12.78, 4.82, 14.06, 0.000, 0.000, 0.000, 14:39:32.067
139, 12.98, 13.88, 10.85, 14.73, 0.000, 0.000, 0.000, 14:39:32.082
140, 8.25, 10.59, 9.36, 13.39, 0.000, 0.000, 0.000, 14:39:32.082
141, 9.22, 14.08, 10.73, 16.36, 0.000, 0.000, 0.000, 14:39:32.097
142, 12.62, 14.97, 7.98, 15.11, 0.000, 0.000, 0.000, 14:39:32.097
143, 11.27, 12.62, 8.33, 12.64, 0.000, 0.000, 0.000, 14:39:32.097
144, 16.73, 13.56, 10.81, 15.33, 0.000, 0.000, 0.000, 14:39:32.097
145, 13.86, 13.40, 6.60, 14.23, 0.000, 0.000, 0.000, 14:39:32.112
146, 12.11, 7.98, 8.33, 11.88, 0.000, 0.000, 0.000, 14:39:32.112
147, 3.79, 8.24, 4.79, 7.17, 0.000, 0.000, 0.000, 14:39:32.126
148, 11.51, 10.57, 8.32, 11.78, 0.000, 0.000, 0.000, 14:39:32.127
149, 9.60, 12.61, 6.76, 12.06, 0.000, 0.000, 0.000, 14:39:32.127
150, 12.72, 12.88, 5.85, 10.53, 0.000, 0.000, 0.000, 14:39:32.127
151, 11.43, 10.64, 11.01, 11.04, 0.000, 0.000, 0.000, 14:39:32.144
152, 14.79, 14.77, 5.14, 10.53, 0.000, 0.000, 0.000, 14:39:32.145
153, 15.43, 13.17, 5.15, 13.37, 0.000, 0.000, 0.000, 14:39:32.158
154, 13.68, 13.33, 8.64, 15.13, 0.000, 0.000, 0.000, 14:39:32.158
155, 8.03, 11.96, 11.68, 8.82, 0.000, 0.000, 0.000, 14:39:32.159
156, 13.26, 8.41, 4.01, 13.34, 0.000, 0.000, 0.000, 14:39:32.159
157, 12.28, 7.92, 8.43, 10.32, 0.000, 0.000, 0.000, 14:39:32.172
158, 9.27, 14.50, 11.81, 10.41, 0.000, 0.000, 0.000, 14:39:32.172
159, 13.43, 13.90, 7.91, 12.86, 0.000, 0.000, 0.000, 14:39:32.188
160, 8.70, 15.35, 4.56, 15.14, 0.000, 0.000, 0.000, 14:39:32.189
161, 12.72, 11.77, 13.04, 14.78, 0.000, 0.000, 0.000, 14:39:32.190
162, 13.25, 13.96, 6.52, 18.15, 0.000, 0.000, 0.000, 14:39:32.190
163, 15.81, 11.93, 3.44, 12.25, 0.000, 0.000, 0.000, 14:39:32.202
164, 9.86, 10.38, 3.91, 14.16, 0.000, 0.000, 0.000, 14:39:32.202
165, 13.39, 10.96, 10.82, 14.68, 0.000, 0.000, 0.000, 14:39:32.216
166, 14.37, 11.98, 13.53, 14.28, 0.000, 0.000, 0.000, 14:39:32.216
167, 7.12, 13.12, 7.04, 11.17, 0.000, 0.000, 0.000, 14:39:32.218
168, 11.52, 11.08, 11.74, 11.65, 0.000, 0.000, 0.000, 14:39:32.218
169, 17.17, 13.51, 12.50, 11.96, 0.000, 0.000, 0.000, 14:39:32.231
170, 14.03, 12.15, 11.78, 14.81, 0.000, 0.000, 0.000, 14:39:32.231
171, 15.24, 10.65, 8.36, 15.28, 0.000, 0.000, 0.000, 14:39:32.247
172, 11.85, 11.48, 9.82, 16.06, 0.000, 0.000, 0.000, 14:39:32.247
173, 9.84, 13.39, 9.92, 14.42, 0.000, 0.000, 0.000, 14:39:32.247
174, 9.78, 11.97, 7.24, 17.14, 0.000, 0.000, 0.000, 14:39:32.247
175, 11.93, 11.73, 7.66, 16.16, 0.000, 0.000, 0.000, 14:39:32.262
176, 10.25, 10.84, 5.16, 11.31, 0.000, 0.000, 0.000, 14:39:32.262
177, 11.66, 11.12, 4.93, 17.28, 0.000, 0.000, 0.000, 14:39:32.277
178, 13.96, 11.30, 10.51, 9.04, 0.000, 0.000, 0.000, 14:39:32.277
179, 10.43, 11.30, 8.31, 14.88, 0.000, 0.000, 0.000, 14:39:32.277
180, 10.53, 12.05, 7.80, 7.08, 0.000, 0.000, 0.000, 14:39:32.277
181, 9.39, 10.06, 4.72, 11.40, 0.000, 0.000, 0.000, 14:39:32.291
182, 10.31, 10.94, 10.95, 13.45, 0.000, 0.000, 0.000, 14:39:32.292
183, 9.69, 7.46, 4.54, 13.15, 0.000, 0.000, 0.000, 14:39:32.307
184, 14.05, 9.11, 7.24, 12.75, 0.000, 0.000, 0.000, 14:39:32.307
185, 14.39, 10.46, 9.93, 15.35, 0.000, 0.000, 0.000, 14:39:32.307
186, 13.20, 12.21, 10.37, 13.62, 0.000, 0.000, 0.000, 14:39:32.307
187, 12.58, 12.41, 13.34, 16.87, 0.000, 0.000, 0.000, 14:39:32.324
188, 10.86, 8.88, 6.57, 7.26, 0.000, 0.000, 0.000, 14:39:32.325
189, 11.76, 15.21, 14.65, 14.94, 0.000, 0.000, 0.000, 14:39:32.340
190, 14.41, 14.88, 11.34, 12.02, 0.000, 0.000, 0.000, 14:39:32.340
191, 12.55, 11.04, 8.03, 10.53, 0.000, 0.000, 0.000, 14:39:32.340
192, 12.16, 10.57, 6.72, 12.57, 0.000, 0.000, 0.000, 14:39:32.340
193, 11.89, 11.93, 8.62, 13.43, 0.000, 0.000, 0.000, 14:39:32.352
194, 11.26, 14.53, 13.18, 10.97, 0.000, 0.000, 0.000, 14:39:32.353
195, 10.08, 11.80, 7.42, 8.77, 0.000, 0.000, 0.000, 14:39:32.367
196, 9.41, 10.22, 4.92, 15.07, 0.000, 0.000, 0.000, 14:39:32.367
197, 13.22, 13.07, 11.27, 10.55, 0.000, 0.000, 0.000, 14:39:32.367
198, 13.61, 12.36, 7.23, 14.74, 0.000, 0.000, 0.000, 14:39:32.367
199, 11.81, 8.67, 8.94, 11.70, 0.000, 0.000, 0.000, 14:39:32.381
200, 6.33, 7.35, 1.41, 16.48, 0.000, 0.000, 0.000, 14:39:32.381
0, 11.95, 16.17, 10.14, 13.91, 0.000, 0.000, 0.000, 14:39:32.389
1, 11.65, 17.49, 7.64, 17.00, 0.000, 0.000, 0.000, 14:39:32.397
2, 12.65, 10.53, 7.68, 12.42, 0.000, 0.000, 0.000, 14:39:32.397
3, 9.36, 9.01, 2.55, 12.34, 0.000, 0.000, 0.000, 14:39:32.411
4, 11.61, 12.65, 9.27, 15.65, 0.000, 0.000, 0.000, 14:39:32.411
5, 15.75, 13.83, 10.60, 14.65, 0.000, 0.000, 0.000, 14:39:32.412
6, 10.81, 13.56, 3.96, 9.82, 0.000, 0.000, 0.000, 14:39:32.412
7, 13.87, 11.47, 8.82, 12.67, 0.000, 0.000, 0.000, 14:39:32.427
8, 15.89, 11.85, 9.27, 13.30, 0.000, 0.000, 0.000, 14:39:32.427
9, 11.19, 13.89, 5.31, 14.93, 0.000, 0.000, 0.000, 14:39:32.442
10, 7.86, 9.58, 8.62, 12.40, 0.000, 0.000, 0.000, 14:39:32.442
11, 14.39, 13.62, 11.89, 11.53, 0.000, 0.000, 0.000, 14:39:32.442
12, 11.08, 12.76, 19.14, 13.89, 0.000, 0.000, 0.000, 14:39:32.442
13, 12.85, 11.25, 7.22, 13.14, 0.000, 0.000, 0.000, 14:39:32.457
14, 11.01, 9.87, 8.73, 10.32, 0.000, 0.000, 0.000, 14:39:32.457
15, 6.72, 12.37, 1.77, 9.04, 0.000, 0.000, 0.000, 14:39:32.472
16, 10.02, 13.09, 9.27, 13.78, 0.000, 0.000, 0.000, 14:39:32.472
17, 11.71, 9.42, 3.39, 12.04, 0.000, 0.000, 0.000, 14:39:32.472
18, 14.39, 10.22, 8.03, 14.39, 0.000, 0.000, 0.000, 14:39:32.473
19, 12.04, 14.48, 6.95, 13.77, 0.000, 0.000, 0.000, 14:39:32.487
20, 11.66, 10.84, 2.09, 16.14, 0.000, 0.000, 0.000, 14:39:32.487
21, 9.82, 13.83, 9.18, 12.65, 0.000, 0.000, 0.000, 14:39:32.502
22, 15.43, 13.06, 0.53, 13.56, 0.000, 0.000, 0.000, 14:39:32.503
23, 10.61, 11.50, 14.62, 16.11, 0.000, 0.000, 0.000, 14:39:32.503
24, 13.68, 13.07, 5.33, 14.48, 0.000, 0.000, 0.000, 14:39:32.503
25, 13.33, 12.26, 13.54, 18.82, 0.000, 0.000, 0.000, 14:39:32.517
26, 11.00, 13.94, 7.41, 14.83, 0.000, 0.000, 0.000, 14:39:32.517
27, 10.54, 9.73, 7.58, 12.73, 0.000, 0.000, 0.000, 14:39:32.532
28, 10.17, 12.93, 12.45, 12.92, 0.000, 0.000, 0.000, 14:39:32.532
29, 18.18, 12.30, 14.74, 16.02, 0.000, 0.000, 0.000, 14:39:32.532
30, 13.61, 14.17, 8.80, 14.65, 0.000, 0.000, 0.000, 14:39:32.532
31, 5.31, 9.13, 7.47, 9.32, 0.000, 0.000, 0.000, 14:39:32.547
32, 12.95, 10.49, 3.83, 13.92, 0.000, 0.000, 0.000, 14:39:32.547
33, 12.09, 10.65, 14.32, 15.27, 0.000, 0.000, 0.000, 14:39:32.561
34, 10.83, 9.44, 9.52, 14.69, 0.000, 0.000, 0.000, 14:39:32.561
35, 13.37, 10.42, 12.23, 12.58, 0.000, 0.000, 0.000, 14:39:32.562
36, 11.21, 13.52, 10.18, 12.91, 0.000, 0.000, 0.000, 14:39:32.562
37, 14.89, 15.68, 8.70, 13.79, 0.000, 0.000, 0.000, 14:39:32.576
38, 12.95, 12.49, 12.67, 16.29, 0.000, 0.000, 0.000, 14:39:32.576
39, 15.18, 11.66, 11.14, 11.22, 0.000, 0.000, 0.000, 14:39:32.592
40, 12.30, 12.66, 14.09, 14.25, 0.000, 0.000, 0.000, 14:39:32.592
41, 11.86, 11.13, 9.65, 14.76, 0.000, 0.000, 0.000, 14:39:32.592
42, 10.23, 8.83, 10.48, 12.84, 0.000, 0.000, 0.000, 14:39:32.592
43, 13.62, 9.92, 5.55, 9.02, 0.000, 0.000, 0.000, 14:39:32.607
44, 11.22, 10.33, 8.85, 12.49, 0.000, 0.000, 0.000, 14:39:32.607
45, 16.10, 12.64, 7.47, 16.51, 0.000, 0.000, 0.000, 14:39:32.622
46, 11.97, 11.28, 4.31, 14.92, 0.000, 0.000, 0.000, 14:39:32.622
47, 12.88, 6.80, 10.68, 14.13, 0.000, 0.000, 0.000, 14:39:32.622
48, 11.02, 12.73, 11.62, 16.65, 0.000, 0.000, 0.000, 14:39:32.623
49, 11.82, 14.82, 9.33, 13.68, 0.000, 0.000, 0.000, 14:39:32.637
50, 12.40, 14.66, 10.28, 15.43, 0.000, 0.000, 0.000, 14:39:32.637
51, 8.03, 13.41, 5.25, 7.79, 0.000, 0.000, 0.000, 14:39:32.652
52, 16.16, 11.94, 6.90, 15.91, 0.000, 0.000, 0.000, 14:39:32.653
53, 15.03, 9.93, 12.10, 14.38, 0.000, 0.000, 0.000, 14:39:32.653
54, 11.21, 8.89, 9.36, 13.72, 0.000, 0.000, 0.000, 14:39:32.653
55, 9.01, 11.66, 5.61, 8.00, 0.000, 0.000, 0.000, 14:39:32.667
56, 12.94, 9.82, 5.28, 14.18, 0.000, 0.000, 0.000, 14:39:32.667
57, 13.88, 15.67, 7.15, 17.01, 0.000, 0.000, 0.000, 14:39:32.682
58, 10.96, 9.08, 4.35, 9.23, 0.000, 0.000, 0.000, 14:39:32.682
59, 9.85, 10.63, 15.31, 14.08, 0.000, 0.000, 0.000, 14:39:32.682
60, 9.11, 11.60, 3.73, 15.03, 0.000, 0.000, 0.000, 14:39:32.682
61, 14.90, 12.87, 3.73, 14.51, 0.000, 0.000, 0.000, 14:39:32.697
62, 10.45, 15.46, 12.71, 14.35, 0.000, 0.000, 0.000, 14:39:32.697
63, 11.47, 11.51, 6.44, 10.44, 0.000, 0.000, 0.000, 14:39:32.711
64, 10.11, 10.53, 8.29, 12.46, 0.000, 0.000, 0.000, 14:39:32.712
65, 11.30, 13.21, 3.94, 16.57, 0.000, 0.000, 0.000, 14:39:32.712
66, 13.40, 9.71, 12.53, 9.81, 0.000, 0.000, 0.000, 14:39:32.712
67, 12.58, 10.75, 12.62, 13.68, 0.000, 0.000, 0.000, 14:39:32.726
68, 12.09, 12.23, 8.30, 13.54, 0.000, 0.000, 0.000, 14:39:32.727
69, 11.58, 13.70, 3.71, 13.68, 0.000, 0.000, 0.000, 14:39:32.741
70, 10.41, 13.87, -2.12, 8.81, 0.000, 0.000, 0.000, 14:39:32.742
71, 9.56, 12.96, 9.97, 11.91, 0.000, 0.000, 0.000, 14:39:32.742
72, 12.18, 12.18, 8.63, 11.57, 0.000, 0.000, 0.000, 14:39:32.742
73, 14.70, 8.96, 9.34, 13.29, 0.000, 0.000, 0.000, 14:39:32.759
74, 12.47, 12.87, 8.39, 17.67, 0.000, 0.000, 0.000, 14:39:32.759
75, 13.75, 13.12, 12.88, 15.69, 0.000, 0.000, 0.000, 14:39:32.773
76, 13.90, 12.38, 19.66, 14.72, 0.000, 0.000, 0.000, 14:39:32.773
77, 16.09, 16.68, 6.61, 14.10, 0.000, 0.000, 0.000, 14:39:32.773
78, 6.60, 10.65, 6.69, 12.97, 0.000, 0.000, 0.000, 14:39:32.773
79, 10.63, 12.94, 4.58, 16.32, 0.000, 0.000, 0.000, 14:39:32.786
80, 8.71, 14.13, 11.26, 17.08, 0.000, 0.000, 0.000, 14:39:32.787
81, 11.88, 12.38, 3.19, 13.99, 0.000, 0.000, 0.000, 14:39:32.802
82, 13.28, 11.83, 9.54, 8.03, 0.000, 0.000, 0.000, 14:39:32.803
83, 10.59, 10.05, 7.60, 7.75, 0.000, 0.000, 0.000, 14:39:32.803
84, 12.38, 10.59, 6.68, 17.02, 0.000, 0.000, 0.000, 14:39:32.803
85, 15.86, 13.42, 12.53, 13.43, 0.000, 0.000, 0.000, 14:39:32.817
86, 7.59, 10.87, 3.60, 10.31, 0.000, 0.000, 0.000, 14:39:32.817
87, 9.74, 8.57, 5.71, 11.50, 0.000, 0.000, 0.000, 14:39:32.832
88, 11.23, 13.99, 11.48, 15.37, 0.000, 0.000, 0.000, 14:39:32.832
89, 13.78, 12.31, 9.96, 9.15, 0.000, 0.000, 0.000, 14:39:32.832
90, 14.16, 11.70, 6.76, 10.52, 0.000, 0.000, 0.000, 14:39:32.832
91, 10.19, 10.62, 4.52, 16.95, 0.000, 0.000, 0.000, 14:39:32.847
92, 13.50, 15.38, 8.04, 17.34, 0.000, 0.000, 0.000, 14:39:32.847
93, 10.57, 13.39, 10.38, 14.09, 0.000, 0.000, 0.000, 14:39:32.862
94, 10.25, 9.99, 5.51, 4.38, 0.000, 0.000, 0.000, 14:39:32.862
95, 13.12, 13.86, 6.88, 17.33, 0.000, 0.000, 0.000, 14:39:32.862
96, 10.32, 7.30, 8.15, 17.24, 0.000, 0.000, 0.000, 14:39:32.862
97, 10.07, 12.13, 7.41, 14.14, 0.000, 0.000, 0.000, 14:39:32.877
98, 11.56, 8.13, 1.89, 12.47, 0.000, 0.000, 0.000, 14:39:32.877
99, 11.91, 11.61, 10.51, 8.83, 0.000, 0.000, 0.000, 14:39:32.891
100, 7.99, 10.28, 7.63, 14.70, 0.000, 0.000, 0.000, 14:39:32.892
101, 12.71, 14.20, 7.05, 10.45, 0.000, 0.000, 0.000, 14:39:32.892
102, 14.32, 9.95, 5.86, 13.15, 0.000, 0.000, 0.000, 14:39:32.892
103, 9.66, 12.93, 3.68, 10.81, 0.000, 0.000, 0.000, 14:39:32.907
104, 14.47, 11.85, 9.38, 9.52, 0.000, 0.000, 0.000, 14:39:32.907
105, 13.36, 12.89, 12.02, 13.04, 0.000, 0.000, 0.000, 14:39:32.924
106, 10.59, 14.37, 11.77, 10.61, 0.000, 0.000, 0.000, 14:39:32.924
107, 7.34, 10.21, 9.40, 15.21, 0.000, 0.000, 0.000, 14:39:32.925
108, 12.40, 10.84, 17.64, 15.21, 0.000, 0.000, 0.000, 14:39:32.925
109, 16.46, 14.99, 15.64, 15.23, 0.000, 0.000, 0.000, 14:39:32.937
110, 11.03, 12.08, 9.72, 11.71, 0.000, 0.000, 0.000, 14:39:32.938
111, 12.88, 11.10, 4.83, 12.17, 0.000, 0.000, 0.000, 14:39:32.952
112, 12.14, 11.40, 5.77, 15.56, 0.000, 0.000, 0.000, 14:39:32.953
113, 15.41, 11.92, 10.89, 14.60, 0.000, 0.000, 0.000, 14:39:32.953
114, 10.74, 9.76, 5.66, 11.40, 0.000, 0.000, 0.000, 14:39:32.954
115, 11.97, 8.38, 5.17, 14.40, 0.000, 0.000, 0.000, 14:39:32.967
116, 13.45, 12.56, 11.98, 15.12, 0.000, 0.000, 0.000, 14:39:32.967
117, 10.68, 14.37, 8.20, 15.98, 0.000, 0.000, 0.000, 14:39:32.982
118, 11.60, 11.28, 6.09, 14.23, 0.000, 0.000, 0.000, 14:39:32.982
119, 12.89, 13.20, 8.78, 11.81, 0.000, 0.000, 0.000, 14:39:32.982
120, 14.15, 8.71, 3.38, 12.20, 0.000, 0.000, 0.000, 14:39:32.982
121, 12.52, 16.96, 11.08, 16.04, 0.000, 0.000, 0.000, 14:39:32.997
122, 14.37, 9.98, 10.08, 13.57, 0.000, 0.000, 0.000, 14:39:32.997
123, 12.22, 12.48, 4.76, 12.39, 0.000, 0.000, 0.000, 14:39:33.011
124, 12.07, 12.03, 10.70, 10.79, 0.000, 0.000, 0.000, 14:39:33.012
125, 12.86, 16.41, 7.84, 12.97, 0.000, 0.000, 0.000, 14:39:33.012
126, 14.60, 13.19, 7.67, 16.98, 0.000, 0.000, 0.000, 14:39:33.012
127, 13.63, 10.89, 7.00, 13.69, 0.000, 0.000, 0.000, 14:39:33.026
128, 13.94, 15.09, 10.92, 13.22, 0.000, 0.000, 0.000, 14:39:33.027
129, 14.26, 14.93, 9.90, 11.01, 0.000, 0.000, 0.000, 14:39:33.041
130, 8.08, 11.63, 7.15, 10.82, 0.000, 0.000, 0.000, 14:39:33.041
131, 13.08, 11.97, 8.42, 16.39, 0.000, 0.000, 0.000, 14:39:33.042
132, 14.65, 16.52, 10.61, 15.11, 0.000, 0.000, 0.000, 14:39:33.042
133, 13.02, 11.72, 12.63, 14.71, 0.000, 0.000, 0.000, 14:39:33.056
134, 12.86, 16.46, 7.63, 15.80, 0.000, 0.000, 0.000, 14:39:33.057
135, 10.22, 13.53, 9.05, 15.11, 0.000, 0.000, 0.000, 14:39:33.072
136, 12.34, 14.36, 6.58, 17.73, 0.000, 0.000, 0.000, 14:39:33.072
137, 10.65, 11.13, 11.27, 14.58, 0.000, 0.000, 0.000, 14:39:33.072
138, 9.72, 12.35, 9.09, 13.28, 0.000, 0.000, 0.000, 14:39:33.072
139, 9.74, 10.70, 3.97, 12.57, 0.000, 0.000, 0.000, 14:39:33.087
140, 13.68, 9.62, 9.06, 13.85, 0.000, 0.000, 0.000, 14:39:33.088
141, 13.00, 14.15, 13.21, 12.25, 0.000, 0.000, 0.000, 14:39:33.102
142, 14.38, 14.24, 7.69, 15.35, 0.000, 0.000, 0.000, 14:39:33.103
143, 12.63, 12.96, 7.91, 14.87, 0.000, 0.000, 0.000, 14:39:33.103
144, 13.63, 12.17, 9.07, 19.83, 0.000, 0.000, 0.000, 14:39:33.103
145, 13.60, 11.33, 6.20, 10.32, 0.000, 0.000, 0.000, 14:39:33.116
146, 8.28, 8.23, 8.99, 11.46, 0.000, 0.000, 0.000, 14:39:33.117
147, 11.93, 8.40, 8.84, 14.51, 0.000, 0.000, 0.000, 14:39:33.131
148, 9.33, 10.28, 6.45, 13.39, 0.000, 0.000, 0.000, 14:39:33.132
149, 8.74, 13.42, 9.36, 10.66, 0.000, 0.000, 0.000, 14:39:33.132
150, 10.47, 10.22, 9.96, 10.19, 0.000, 0.000, 0.000, 14:39:33.132
151, 13.72, 11.57, 16.33, 10.29, 0.000, 0.000, 0.000, 14:39:33.146
152, 12.59, 13.41, 14.79, 13.55, 0.000, 0.000, 0.000, 14:39:33.146
153, 13.89, 16.07, 13.65, 15.21, 0.000, 0.000, 0.000, 14:39:33.162
154, 11.04, 7.06, 5.60, 11.36, 0.000, 0.000, 0.000, 14:39:33.162
155, 12.14, 8.55, 10.95, 10.41, 0.000, 0.000, 0.000, 14:39:33.162
156, 14.75, 10.42, 14.21, 14.36, 0.000, 0.000, 0.000, 14:39:33.163
157, 12.99, 12.81, 11.18, 16.83, 0.000, 0.000, 0.000, 14:39:33.183
158, 13.00, 10.69, 7.77, 15.10, 0.000, 0.000, 0.000, 14:39:33.183
159, 11.68, 11.77, 4.04, 8.90, 0.000, 0.000, 0.000, 14:39:33.193
160, 8.61, 9.14, 8.73, 13.85, 0.000, 0.000, 0.000, 14:39:33.193
161, 11.23, 12.23, 12.42, 15.06, 0.000, 0.000, 0.000, 14:39:33.194
162, 12.02, 12.42, 6.33, 10.33, 0.000, 0.000, 0.000, 14:39:33.194
163, 11.60, 12.22, 10.04, 12.31, 0.000, 0.000, 0.000, 14:39:33.207
164, 14.27, 15.04, 8.70, 13.76, 0.000, 0.000, 0.000, 14:39:33.208
165, 11.17, 10.81, 2.49, 11.37, 0.000, 0.000, 0.000, 14:39:33.222
166, 9.77, 12.48, 5.79, 11.88, 0.000, 0.000, 0.000, 14:39:33.222
167, 13.72, 13.49, 10.43, 13.89, 0.000, 0.000, 0.000, 14:39:33.223
168, 12.01, 8.59, 6.44, 11.46, 0.000, 0.000, 0.000, 14:39:33.223
169, 11.82, 14.27, 10.60, 11.55, 0.000, 0.000, 0.000, 14:39:33.237
170, 14.41, 12.04, 3.24, 11.58, 0.000, 0.000, 0.000, 14:39:33.238
171, 11.80, 10.24, 5.67, 13.99, 0.000, 0.000, 0.000, 14:39:33.253
172, 9.17, 11.23, 9.94, 14.88, 0.000, 0.000, 0.000, 14:39:33.253
173, 16.32, 15.23, 14.76, 19.20, 0.000, 0.000, 0.000, 14:39:33.254
174, 8.73, 9.90, 6.41, 10.71, 0.000, 0.000, 0.000, 14:39:33.255
175, 9.78, 7.73, 5.68, 11.13, 0.000, 0.000, 0.000, 14:39:33.267
176, 14.67, 12.12, 3.59, 19.66, 0.000, 0.000, 0.000, 14:39:33.267
177, 14.70, 14.99, 5.69, 15.93, 0.000, 0.000, 0.000, 14:39:33.282
178, 11.98, 9.51, 9.35, 12.27, 0.000, 0.000, 0.000, 14:39:33.282
179, 10.85, 9.13, 9.27, 15.25, 0.000, 0.000, 0.000, 14:39:33.282
180, 11.32, 17.94, 14.22, 18.17, 0.000, 0.000, 0.000, 14:39:33.282
181, 14.93, 16.63, 13.04, 13.16, 0.000, 0.000, 0.000, 14:39:33.296
182, 11.14, 11.31, 7.26, 12.73, 0.000, 0.000, 0.000, 14:39:33.297
183, 14.33, 11.71, 6.39, 14.15, 0.000, 0.000, 0.000, 14:39:33.311
184, 12.42, 13.45, 8.40, 18.79, 0.000, 0.000, 0.000, 14:39:33.311
185, 15.24, 15.54, 6.02, 16.23, 0.000, 0.000, 0.000, 14:39:33.312
186, 9.92, 12.19, 11.88, 10.12, 0.000, 0.000, 0.000, 14:39:33.312
187, 14.05, 11.78, 9.77, 11.95, 0.000, 0.000, 0.000, 14:39:33.327
188, 12.72, 12.34, 9.46, 17.11, 0.000, 0.000, 0.000, 14:39:33.327
189, 13.89, 10.81, 5.57, 11.93, 0.000, 0.000, 0.000, 14:39:33.342
190, 11.68, 9.62, 1.83, 10.87, 0.000, 0.000, 0.000, 14:39:33.342
191, 9.19, 11.20, 8.69, 15.80, 0.000, 0.000, 0.000, 14:39:33.342
192, 11.36, 9.85, 9.39, 13.94, 0.000, 0.000, 0.000, 14:39:33.342
193, 10.45, 10.86, 3.32, 8.99, 0.000, 0.000, 0.000, 14:39:33.357
194, 12.88, 13.18, 11.08, 13.68, 0.000, 0.000, 0.000, 14:39:33.357
195, 7.74, 11.89, 4.52, 10.46, 0.000, 0.000, 0.000, 14:39:33.372
196, 12.09, 11.98, 6.66, 15.27, 0.000, 0.000, 0.000, 14:39:33.372
197, 12.66, 13.95, 7.70, 15.17, 0.000, 0.000, 0.000, 14:39:33.373
198, 7.84, 9.10, 13.85, 13.79, 0.000, 0.000, 0.000, 14:39:33.373
199, 12.21, 9.89, 5.17, 10.44, 0.000, 0.000, 0.000, 14:39:33.388
200, 11.48, 13.34, 6.28, 12.70, 0.000, 0.000, 0.000, 14:39:33.388
0, 13.25, 11.25, 16.42, 12.57, 0.000, 0.000, 0.000, 14:39:33.390
1, 12.47, 13.63, 4.32, 11.95, 0.000, 0.000, 0.000, 14:39:33.403
2, 12.16, 9.26, 7.06, 10.90, 0.000, 0.000, 0.000, 14:39:33.404
3, 13.44, 12.15, 8.75, 13.91, 0.000, 0.000, 0.000, 14:39:33.416
4, 11.29, 14.35, 7.81, 12.25, 0.000, 0.000, 0.000, 14:39:33.417
5, 13.92, 7.71, 10.01, 14.48, 0.000, 0.000, 0.000, 14:39:33.426
6, 9.29, 8.99, 7.05, 11.71, 0.000, 0.000, 0.000, 14:39:33.426
7, 12.27, 13.50, 11.91, 13.42, 0.000, 0.000, 0.000, 14:39:33.432
8, 15.31, 15.03, 10.96, 14.73, 0.000, 0.000, 0.000, 14:39:33.432
9, 13.03, 12.24, 3.66, 14.91, 0.000, 0.000, 0.000, 14:39:33.446
10, 11.47, 9.88, 3.64, 19.40, 0.000, 0.000, 0.000, 14:39:33.446
11, 13.78, 12.14, 14.81, 14.06, 0.000, 0.000, 0.000, 14:39:33.447
12, 13.95, 13.73, 7.73, 10.57, 0.000, 0.000, 0.000, 14:39:33.447
13, 11.83, 12.59, 5.48, 16.32, 0.000, 0.000, 0.000, 14:39:33.461
14, 7.30, 12.04, 12.58, 11.65, 0.000, 0.000, 0.000, 14:39:33.461
15, 14.77, 14.07, 20.25, 12.64, 0.000, 0.000, 0.000, 14:39:33.476
16, 13.55, 14.34, 10.30, 9.48, 0.000, 0.000, 0.000, 14:39:33.476
17, 12.35, 12.41, -0.89, 13.81, 0.000, 0.000, 0.000, 14:39:33.477
18, 11.77, 13.88, 2.75, 11.13, 0.000, 0.000, 0.000, 14:39:33.477
19, 10.49, 13.84, 6.78, 8.31, 0.000, 0.000, 0.000, 14:39:33.498
20, 13.44, 8.37, 9.39, 12.53, 0.000, 0.000, 0.000, 14:39:33.498
21, 9.01, 4.37, 3.91, 10.97, 0.000, 0.000, 0.000, 14:39:33.506
22, 9.09, 9.44, 3.55, 14.14, 0.000, 0.000, 0.000, 14:39:33.506
23, 10.82, 12.13, 11.85, 17.08, 0.000, 0.000, 0.000, 14:39:33.507
24, 13.42, 12.61, 16.58, 14.52, 0.000, 0.000, 0.000, 14:39:33.507
25, 13.12, 9.93, 5.07, 14.28, 0.000, 0.000, 0.000, 14:39:33.523
26, 9.81, 8.76, -0.15, 12.95, 0.000, 0.000, 0.000, 14:39:33.523
27, 15.22, 17.13, 12.25, 19.62, 0.000, 0.000, 0.000, 14:39:33.537
28, 11.13, 15.13, 4.55, 9.47, 0.000, 0.000, 0.000, 14:39:33.537
29, 10.31, 14.17, 10.54, 16.86, 0.000, 0.000, 0.000, 14:39:33.537
30, 14.77, 14.55, 10.49, 14.16, 0.000, 0.000, 0.000, 14:39:33.537
31, 13.42, 13.49, 13.74, 14.62, 0.000, 0.000, 0.000, 14:39:33.552
32, 12.85, 10.37, 6.42, 11.52, 0.000, 0.000, 0.000, 14:39:33.553
33, 10.93, 8.95, 2.86, 14.14, 0.000, 0.000, 0.000, 14:39:33.567
34, 12.00, 9.48, 10.53, 9.92, 0.000, 0.000, 0.000, 14:39:33.567
35, 10.02, 10.33, 14.66, 9.18, 0.000, 0.000, 0.000, 14:39:33.567
36, 11.68, 15.04, 6.77, 15.12, 0.000, 0.000, 0.000, 14:39:33.567
37, 11.08, 10.11, 4.04, 11.66, 0.000, 0.000, 0.000, 14:39:33.581
38, 9.65, 14.21, 5.45, 8.66, 0.000, 0.000, 0.000, 14:39:33.581
39, 9.21, 14.77, 3.16, 13.36, 0.000, 0.000, 0.000, 14:39:33.597
40, 12.06, 10.39, 9.65, 13.01, 0.000, 0.000, 0.000, 14:39:33.598
41, 14.01, 11.35, 4.15, 15.77, 0.000, 0.000, 0.000, 14:39:33.598
42, 13.13, 12.59, 5.34, 14.84, 0.000, 0.000, 0.000, 14:39:33.598
43, 10.42, 12.90, 22.96, 12.57, 0.000, 0.000, 0.000, 14:39:33.612
44, 9.53, 12.28, 7.46, 15.87, 0.000, 0.000, 0.000, 14:39:33.612
45, 10.79, 10.60, 2.08, 12.81, 0.000, 0.000, 0.000, 14:39:33.626
46, 12.03, 11.49, 4.64, 15.54, 0.000, 0.000, 0.000, 14:39:33.626
47, 14.45, 11.37, 8.16, 15.41, 0.000, 0.000, 0.000, 14:39:33.627
48, 11.75, 10.38, -0.92, 12.91, 0.000, 0.000, 0.000, 14:39:33.627
49, 9.34, 8.57, 12.70, 13.53, 0.000, 0.000, 0.000, 14:39:33.642
50, 7.97, 11.92, 16.49, 15.06, 0.000, 0.000, 0.000, 14:39:33.642
51, 11.60, 9.53, 12.75, 13.47, 0.000, 0.000, 0.000, 14:39:33.657
52, 12.23, 8.51, -4.13, 11.75, 0.000, 0.000, 0.000, 14:39:33.657
53, 9.77, 10.29, 11.92, 10.14, 0.000, 0.000, 0.000, 14:39:33.657
54, 9.24, 13.74, 9.37, 14.03, 0.000, 0.000, 0.000, 14:39:33.657
55, 13.28, 12.35, 11.87, 16.00, 0.000, 0.000, 0.000, 14:39:33.672
56, 11.34, 12.42, 19.23, 11.87, 0.000, 0.000, 0.000, 14:39:33.673
57, 14.71, 13.99, 11.43, 10.63, 0.000, 0.000, 0.000, 14:39:33.687
58, 14.07, 17.12, 7.78, 13.04, 0.000, 0.000, 0.000, 14:39:33.687
59, 13.87, 13.43, 14.34, 18.02, 0.000, 0.000, 0.000, 14:39:33.688
60, 13.57, 11.37, 5.34, 10.91, 0.000, 0.000, 0.000, 14:39:33.688
61, 7.70, 12.69, 5.08, 11.61, 0.000, 0.000, 0.000, 14:39:33.703
62, 11.59, 10.37, 11.71, 11.43, 0.000, 0.000, 0.000, 14:39:33.703
63, 12.24, 10.41, 5.41, 14.88, 0.000, 0.000, 0.000, 14:39:33.717
64, 16.31, 13.88, 7.51, 11.78, 0.000, 0.000, 0.000, 14:39:33.717
65, 10.78, 11.46, 10.54, 11.70, 0.000, 0.000, 0.000, 14:39:33.717
66, 12.85, 12.37, 12.08, 11.61, 0.000, 0.000, 0.000, 14:39:33.717
67, 12.00, 11.92, 2.14, 14.31, 0.000, 0.000, 0.000, 14:39:33.732
68, 18.46, 12.33, 4.19, 16.20, 0.000, 0.000, 0.000, 14:39:33.732
69, 15.23, 13.31, 10.74, 14.54, 0.000, 0.000, 0.000, 14:39:33.746
70, 14.61, 14.03, 6.07, 17.37, 0.000, 0.000, 0.000, 14:39:33.747
71, 11.78, 14.63, 6.44, 16.67, 0.000, 0.000, 0.000, 14:39:33.747
72, 12.45, 11.24, 6.66, 11.76, 0.000, 0.000, 0.000, 14:39:33.748
73, 8.49, 11.74, 9.15, 11.39, 0.000, 0.000, 0.000, 14:39:33.762
74, 12.83, 10.25, 7.87, 14.76, 0.000, 0.000, 0.000, 14:39:33.762
75, 13.68, 12.01, 16.34, 13.95, 0.000, 0.000, 0.000, 14:39:33.777
76, 14.59, 11.45, 8.19, 11.96, 0.000, 0.000, 0.000, 14:39:33.777
77, 8.63, 12.12, 9.32, 14.13, 0.000, 0.000, 0.000, 14:39:33.777
78, 10.99, 14.11, 8.47, 13.84, 0.000, 0.000, 0.000, 14:39:33.777
79, 10.70, 15.47, 11.73, 13.54, 0.000, 0.000, 0.000, 14:39:33.792
80, 9.30, 9.81, 6.69, 14.27, 0.000, 0.000, 0.000, 14:39:33.792
81, 13.20, 12.57, 14.54, 16.03, 0.000, 0.000, 0.000, 14:39:33.807
82, 11.21, 11.53, 11.88, 11.68, 0.000, 0.000, 0.000, 14:39:33.807
83, 16.36, 16.57, 8.85, 15.03, 0.000, 0.000, 0.000, 14:39:33.823
84, 12.03, 13.15, 9.61, 10.60, 0.000, 0.000, 0.000, 14:39:33.823
85, 11.00, 8.88, 11.45, 11.30, 0.000, 0.000, 0.000, 14:39:33.837
86, 12.49, 8.77, 9.50, 14.58, 0.000, 0.000, 0.000, 14:39:33.838
87, 8.74, 12.32, 8.18, 9.13, 0.000, 0.000, 0.000, 14:39:33.839
88, 13.12, 13.49, 1.42, 14.11, 0.000, 0.000, 0.000, 14:39:33.840
89, 9.26, 9.01, 9.33, 9.59, 0.000, 0.000, 0.000, 14:39:33.840
90, 12.58, 10.59, 6.79, 9.51, 0.000, 0.000, 0.000, 14:39:33.840
91, 15.19, 12.34, 8.71, 12.94, 0.000, 0.000, 0.000, 14:39:33.858
92, 8.38, 8.48, 11.16, 7.17, 0.000, 0.000, 0.000, 14:39:33.859
93, 7.47, 10.08, 4.75, 13.19, 0.000, 0.000, 0.000, 14:39:33.866
94, 14.16, 8.64, 7.71, 12.02, 0.000, 0.000, 0.000, 14:39:33.867
95, 14.00, 13.70, 14.15, 14.33, 0.000, 0.000, 0.000, 14:39:33.867
96, 13.02, 12.16, 8.12, 11.90, 0.000, 0.000, 0.000, 14:39:33.867
97, 13.41, 10.14, -0.66, 13.63, 0.000, 0.000, 0.000, 14:39:33.881
98, 10.83, 10.71, 13.37, 15.82, 0.000, 0.000, 0.000, 14:39:33.882
99, 11.71, 12.76, 13.35, 11.31, 0.000, 0.000, 0.000, 14:39:33.896
100, 12.46, 12.78, 9.58, 12.38, 0.000, 0.000, 0.000, 14:39:33.897
101, 10.79, 12.73, 3.59, 13.60, 0.000, 0.000, 0.000, 14:39:33.897
102, 8.62, 9.52, 14.87, 16.55, 0.000, 0.000, 0.000, 14:39:33.897
103, 16.84, 11.18, 8.60, 14.42, 0.000, 0.000, 0.000, 14:39:33.912
104, 15.37, 13.31, 3.68, 14.49, 0.000, 0.000, 0.000, 14:39:33.912
105, 12.15, 11.73, 3.67, 11.55, 0.000, 0.000, 0.000, 14:39:33.926
106, 13.39, 11.99, 5.55, 12.16, 0.000, 0.000, 0.000, 14:39:33.927
107, 9.85, 13.56, 11.39, 13.77, 0.000, 0.000, 0.000, 14:39:33.927
108, 12.37, 10.17, 1.97, 12.87, 0.000, 0.000, 0.000, 14:39:33.927
109, 12.51, 9.07, 8.24, 13.52, 0.000, 0.000, 0.000, 14:39:33.942
110, 11.98, 12.82, 8.27, 12.40, 0.000, 0.000, 0.000, 14:39:33.942
111, 10.91, 12.11, 8.54, 15.32, 0.000, 0.000, 0.000, 14:39:33.957
112, 10.17, 9.91, 5.93, 16.93, 0.000, 0.000, 0.000, 14:39:33.957
113, 9.84, 14.31, 4.80, 11.65, 0.000, 0.000, 0.000, 14:39:33.957
114, 10.10, 13.28, 5.03, 12.82, 0.000, 0.000, 0.000, 14:39:33.957
115, 12.67, 14.77, 10.35, 16.69, 0.000, 0.000, 0.000, 14:39:33.973
116, 10.45, 10.98, 8.26, 14.37, 0.000, 0.000, 0.000, 14:39:33.973
117, 9.99, 12.11, 12.05, 16.25, 0.000, 0.000, 0.000, 14:39:33.987
118, 9.31, 14.83, 7.00, 13.41, 0.000, 0.000, 0.000, 14:39:33.988
119, 13.69, 15.05, 7.93, 14.09, 0.000, 0.000, 0.000, 14:39:33.990
120, 15.39, 15.63, 13.56, 19.32, 0.000, 0.000, 0.000, 14:39:33.990
121, 12.27, 7.33, 1.35, 14.03, 0.000, 0.000, 0.000, 14:39:34.003
122, 9.56, 10.65, 3.49, 11.65, 0.000, 0.000, 0.000, 14:39:34.003
123, 13.72, 9.43, 16.99, 12.88, 0.000, 0.000, 0.000, 14:39:34.017
124, 14.02, 12.64, 9.80, 11.89, 0.000, 0.000, 0.000, 14:39:34.017
125, 13.71, 9.30, 1.81, 12.30, 0.000, 0.000, 0.000, 14:39:34.032
126, 12.02, 11.12, 5.66, 12.43, 0.000, 0.000, 0.000, 14:39:34.032
127, 10.83, 8.88, 11.28, 10.97, 0.000, 0.000, 0.000, 14:39:34.032
128, 11.70, 11.26, 7.55, 14.17, 0.000, 0.000, 0.000, 14:39:34.032
129, 15.28, 9.87, 13.08, 12.64, 0.000, 0.000, 0.000, 14:39:34.047
130, 13.96, 9.49, 9.88, 16.95, 0.000, 0.000, 0.000, 14:39:34.047
131, 14.52, 12.41, 7.68, 16.92, 0.000, 0.000, 0.000, 14:39:34.047
132, 11.24, 11.53, 7.43, 12.98, 0.000, 0.000, 0.000, 14:39:34.047
133, 11.49, 13.14, 10.31, 15.23, 0.000, 0.000, 0.000, 14:39:34.062
134, 7.87, 11.67, 10.24, 11.07, 0.000, 0.000, 0.000, 14:39:34.062
135, 11.63, 15.28, 10.01, 13.24, 0.000, 0.000, 0.000, 14:39:34.077
136, 12.78, 11.39, 12.76, 15.05, 0.000, 0.000, 0.000, 14:39:34.077
137, 12.68, 12.92, 9.27, 10.69, 0.000, 0.000, 0.000, 14:39:34.077
138, 11.04, 12.24, 6.91, 11.92, 0.000, 0.000, 0.000, 14:39:34.077
139, 17.29, 13.67, 10.37, 15.52, 0.000, 0.000, 0.000, 14:39:34.092
140, 13.43, 12.80, 5.38, 18.54, 0.000, 0.000, 0.000, 14:39:34.092
141, 10.28, 13.34, 7.06, 13.19, 0.000, 0.000, 0.000, 14:39:34.107
142, 12.24, 13.14, 12.42, 9.07, 0.000, 0.000, 0.000, 14:39:34.107
143, 15.96, 14.54, 12.24, 14.46, 0.000, 0.000, 0.000, 14:39:34.107
144, 12.53, 12.72, 11.06, 14.27, 0.000, 0.000, 0.000, 14:39:34.107
145, 9.80, 8.92, 5.01, 11.83, 0.000, 0.000, 0.000, 14:39:34.122
146, 15.74, 14.99, 5.03, 15.88, 0.000, 0.000, 0.000, 14:39:34.122
147, 17.84, 16.11, 7.77, 20.97, 0.000, 0.000, 0.000, 14:39:34.137
148, 11.84, 14.79, 5.84, 7.85, 0.000, 0.000, 0.000, 14:39:34.138
149, 12.05, 12.89, 12.85, 10.43, 0.000, 0.000, 0.000, 14:39:34.140
150, 12.52, 9.80, 11.19, 11.17, 0.000, 0.000, 0.000, 14:39:34.140
151, 12.97, 12.79, 5.19, 16.33, 0.000, 0.000, 0.000, 14:39:34.153
152, 12.92, 11.95, 8.28, 16.24, 0.000, 0.000, 0.000, 14:39:34.154
153, 9.82, 10.84, 5.96, 7.71, 0.000, 0.000, 0.000, 14:39:34.167
154, 8.00, 10.09, 5.58, 12.87, 0.000, 0.000, 0.000, 14:39:34.167
155, 12.72, 11.20, 12.84, 12.96, 0.000, 0.000, 0.000, 14:39:34.168
156, 14.63, 13.17, 7.41, 21.69, 0.000, 0.000, 0.000, 14:39:34.168
157, 11.15, 13.09, 11.37, 12.86, 0.000, 0.000, 0.000, 14:39:34.182
158, 9.19, 13.21, 2.71, 13.51, 0.000, 0.000, 0.000, 14:39:34.182
159, 8.38, 11.50, 0.05, 9.81, 0.000, 0.000, 0.000, 14:39:34.197
160, 11.26, 13.80, 8.03, 12.78, 0.000, 0.000, 0.000, 14:39:34.197
161, 9.21, 6.70, -2.18, 8.39, 0.000, 0.000, 0.000, 14:39:34.197
162, 9.77, 10.17, 6.51, 8.54, 0.000, 0.000, 0.000, 14:39:34.197
163, 13.55, 13.14, 7.72, 16.71, 0.000, 0.000, 0.000, 14:39:34.211
164, 14.26, 9.40, 11.46, 16.77, 0.000, 0.000, 0.000, 14:39:34.212
165, 12.88, 12.20, 10.85, 11.05, 0.000, 0.000, 0.000, 14:39:34.227
166, 12.35, 12.64, 9.53, 11.75, 0.000, 0.000, 0.000, 14:39:34.227
167, 9.97, 12.75, 14.64, 14.17, 0.000, 0.000, 0.000, 14:39:34.227
168, 9.99, 10.59, 7.72, 17.58, 0.000, 0.000, 0.000, 14:39:34.227
169, 8.94, 8.97, 14.85, 13.53, 0.000, 0.000, 0.000, 14:39:34.241
170, 7.68, 8.83, 13.43, 12.28, 0.000, 0.000, 0.000, 14:39:34.242
171, 10.36, 10.70, 12.05, 10.18, 0.000, 0.000, 0.000, 14:39:34.256
172, 13.36, 12.24, 0.88, 13.71, 0.000, 0.000, 0.000, 14:39:34.256
173, 12.83, 9.96, 10.13, 12.16, 0.000, 0.000, 0.000, 14:39:34.257
174, 11.55, 9.90, 10.63, 9.24, 0.000, 0.000, 0.000, 14:39:34.257
175, 12.33, 12.22, 10.54, 9.39, 0.000, 0.000, 0.000, 14:39:34.272
176, 15.03, 12.61, 13.20, 14.36, 0.000, 0.000, 0.000, 14:39:34.272
177, 15.31, 13.18, 7.40, 14.13, 0.000, 0.000, 0.000, 14:39:34.287
178, 14.85, 12.72, 5.61, 13.94, 0.000, 0.000, 0.000, 14:39:34.287
179, 12.78, 9.48, 9.39, 14.31, 0.000, 0.000, 0.000, 14:39:34.289
180, 11.55, 9.20, 6.32, 15.04, 0.000, 0.000, 0.000, 14:39:34.289
181, 10.17, 12.82, -0.30, 15.33, 0.000, 0.000, 0.000, 14:39:34.302
182, 10.75, 11.15, 10.80, 11.55, 0.000, 0.000, 0.000, 14:39:34.302
183, 10.74, 15.12, 9.50, 14.50, 0.000, 0.000, 0.000, 14:39:34.316
184, 13.43, 11.09, 6.35, 12.70, 0.000, 0.000, 0.000, 14:39:34.316
185, 12.65, 15.29, 3.81, 12.37, 0.000, 0.000, 0.000, 14:39:34.317
186, 12.29, 13.33, 10.11, 17.27, 0.000, 0.000, 0.000, 14:39:34.317
187, 12.54, 15.39, 16.47, 15.69, 0.000, 0.000, 0.000, 14:39:34.340
188, 12.41, 10.94, 9.36, 15.75, 0.000, 0.000, 0.000, 14:39:34.340
189, 7.35, 7.49, 11.03, 6.59, 0.000, 0.000, 0.000, 14:39:34.346
190, 10.25, 12.02, 7.27, 12.57, 0.000, 0.000, 0.000, 14:39:34.347
191, 16.08, 16.66, 12.80, 17.05, 0.000, 0.000, 0.000, 14:39:34.347
192, 13.19, 13.53, 4.69, 13.08, 0.000, 0.000, 0.000, 14:39:34.347
193, 13.19, 12.27, 9.91, 11.78, 0.000, 0.000, 0.000, 14:39:34.362
194, 7.67, 10.60, -0.08, 13.56, 0.000, 0.000, 0.000, 14:39:34.362
195, 12.26, 9.70, 9.34, 10.27, 0.000, 0.000, 0.000, 14:39:34.377
196, 12.60, 10.31, 10.00, 15.03, 0.000, 0.000, 0.000, 14:39:34.377
197, 16.30, 12.94, 9.51, 11.53, 0.000, 0.000, 0.000, 14:39:34.377
198, 13.16, 12.00, 12.99, 12.85, 0.000, 0.000, 0.000, 14:39:34.377
199, 12.49, 14.15, 7.57, 11.99, 0.000, 0.000, 0.000, 14:39:34.392
200, 9.60, 8.91, 6.09, 14.14, 0.000, 0.000, 0.000, 14:39:34.392
0, 10.94, 10.43, 5.00, 9.28, 0.000, 0.000, 0.000, 14:39:34.392
1, 10.39, 11.00, 7.09, 11.30, 0.000, 0.000, 0.000, 14:39:34.406
2, 11.42, 13.59, 6.73, 17.79, 0.000, 0.000, 0.000, 14:39:34.407
3, 13.54, 13.69, 6.35, 15.05, 0.000, 0.000, 0.000, 14:39:34.422
4, 16.04, 7.17, 5.38, 15.55, 0.000, 0.000, 0.000, 14:39:34.423
5, 13.09, 8.46, 5.70, 15.03, 0.000, 0.000, 0.000, 14:39:34.423
6, 14.95, 15.80, 7.71, 18.49, 0.000, 0.000, 0.000, 14:39:34.423
7, 10.90, 16.28, 20.06, 15.44, 0.000, 0.000, 0.000, 14:39:34.437
8, 10.81, 14.47, 3.75, 14.31, 0.000, 0.000, 0.000, 14:39:34.437
9, 9.90, 12.78, 8.30, 9.82, 0.000, 0.000, 0.000, 14:39:34.453
10, 11.00, 11.92, 21.69, 12.00, 0.000, 0.000, 0.000, 14:39:34.453
11, 8.85, 13.01, 2.44, 11.94, 0.000, 0.000, 0.000, 14:39:34.454
12, 6.93, 9.64, 16.69, 12.63, 0.000, 0.000, 0.000, 14:39:34.455
13, 12.44, 12.43, 13.67, 12.50, 0.000, 0.000, 0.000, 14:39:34.467
14, 14.14, 13.80, 8.08, 12.01, 0.000, 0.000, 0.000, 14:39:34.467
15, 13.73, 10.34, 5.57, 21.15, 0.000, 0.000, 0.000, 14:39:34.482
16, 16.14, 9.27, 8.46, 17.06, 0.000, 0.000, 0.000, 14:39:34.482
17, 11.37, 12.59, 5.06, 11.94, 0.000, 0.000, 0.000, 14:39:34.482
18, 12.55, 12.50, 9.74, 17.78, 0.000, 0.000, 0.000, 14:39:34.482
19, 14.21, 14.04, 14.48, 16.16, 0.000, 0.000, 0.000, 14:39:34.497
20, 10.92, 10.44, 6.34, 9.16, 0.000, 0.000, 0.000, 14:39:34.497
21, 9.74, 12.39, 7.09, 12.38, 0.000, 0.000, 0.000, 14:39:34.512
22, 12.09, 13.35, 6.64, 15.41, 0.000, 0.000, 0.000, 14:39:34.512
23, 7.14, 12.26, 6.48, 14.60, 0.000, 0.000, 0.000, 14:39:34.512
24, 13.16, 11.17, 10.54, 11.78, 0.000, 0.000, 0.000, 14:39:34.512
25, 12.32, 10.76, 8.09, 15.43, 0.000, 0.000, 0.000, 14:39:34.526
26, 14.20, 17.33, 7.07, 12.62, 0.000, 0.000, 0.000, 14:39:34.526
27, 13.72, 12.60, 3.94, 9.72, 0.000, 0.000, 0.000, 14:39:34.542
28, 6.98, 9.61, 7.38, 12.88, 0.000, 0.000, 0.000, 14:39:34.542
29, 13.49, 13.06, 8.41, 16.45, 0.000, 0.000, 0.000, 14:39:34.542
30, 14.00, 13.64, 10.00, 16.94, 0.000, 0.000, 0.000, 14:39:34.543
31, 11.74, 14.94, 8.22, 15.40, 0.000, 0.000, 0.000, 14:39:34.557
32, 13.97, 11.14, 7.75, 10.78, 0.000, 0.000, 0.000, 14:39:34.557
33, 12.53, 14.21, 9.07, 13.11, 0.000, 0.000, 0.000, 14:39:34.572
34, 12.76, 13.66, 8.14, 12.77, 0.000, 0.000, 0.000, 14:39:34.572
35, 13.24, 14.94, 13.81, 10.46, 0.000, 0.000, 0.000, 14:39:34.573
36, 11.38, 9.87, 5.66, 13.06, 0.000, 0.000, 0.000, 14:39:34.573
37, 10.20, 11.89, 5.73, 12.78, 0.000, 0.000, 0.000, 14:39:34.588
38, 11.57, 8.68, 9.77, 10.68, 0.000, 0.000, 0.000, 14:39:34.589
39, 8.33, 9.68, 0.88, 6.97, 0.000, 0.000, 0.000, 14:39:34.603
40, 11.29, 8.59, 9.04, 16.40, 0.000, 0.000, 0.000, 14:39:34.603
41, 11.47, 9.82, 7.87, 17.30, 0.000, 0.000, 0.000, 14:39:34.603
42, 12.61, 15.08, 3.61, 10.15, 0.000, 0.000, 0.000, 14:39:34.603
43, 10.13, 14.82, 13.17, 12.30, 0.000, 0.000, 0.000, 14:39:34.616
44, 13.82, 10.10, 8.21, 9.15, 0.000, 0.000, 0.000, 14:39:34.616
45, 11.07, 9.48, 7.49, 10.17, 0.000, 0.000, 0.000, 14:39:34.632
46, 12.35, 15.37, 10.81, 15.23, 0.000, 0.000, 0.000, 14:39:34.632
47, 16.63, 10.52, 11.10, 15.14, 0.000, 0.000, 0.000, 14:39:34.632
48, 10.08, 8.13, 6.28, 10.55, 0.000, 0.000, 0.000, 14:39:34.632
49, 10.08, 14.27, 6.34, 15.69, 0.000, 0.000, 0.000, 14:39:34.647
50, 10.99, 10.49, 7.71, 14.98, 0.000, 0.000, 0.000, 14:39:34.647
51, 9.71, 11.57, 7.53, 12.82, 0.000, 0.000, 0.000, 14:39:34.662
52, 8.81, 11.70, -0.67, 8.79, 0.000, 0.000, 0.000, 14:39:34.662
53, 12.28, 10.28, 7.11, 11.28, 0.000, 0.000, 0.000, 14:39:34.662
54, 16.51, 12.99, 17.23, 19.53, 0.000, 0.000, 0.000, 14:39:34.662
55, 12.63, 11.05, 9.62, 18.31, 0.000, 0.000, 0.000, 14:39:34.677
56, 10.96, 7.75, 10.17, 17.79, 0.000, 0.000, 0.000, 14:39:34.677
57, 12.49, 15.31, 0.26, 12.63, 0.000, 0.000, 0.000, 14:39:34.691
58, 10.37, 12.08, 6.31, 10.46, 0.000, 0.000, 0.000, 14:39:34.692
59, 13.39, 13.32, 10.45, 12.60, 0.000, 0.000, 0.000, 14:39:34.692
60, 9.63, 13.51, 9.19, 10.73, 0.000, 0.000, 0.000, 14:39:34.692
61, 15.35, 12.14, 12.61, 15.97, 0.000, 0.000, 0.000, 14:39:34.707
62, 14.44, 12.35, 16.09, 12.21, 0.000, 0.000, 0.000, 14:39:34.707
63, 13.24, 11.76, 16.20, 14.13, 0.000, 0.000, 0.000, 14:39:34.723
64, 8.54, 8.64, 5.61, 12.79, 0.000, 0.000, 0.000, 14:39:34.723
65, 11.67, 9.86, 6.53, 19.22, 0.000, 0.000, 0.000, 14:39:34.724
66, 13.50, 13.54, 12.87, 16.19, 0.000, 0.000, 0.000, 14:39:34.724
67, 12.04, 14.06, 16.99, 13.04, 0.000, 0.000, 0.000, 14:39:34.737
68, 11.67, 12.15, 6.63, 12.67, 0.000, 0.000, 0.000, 14:39:34.737
69, 10.77, 12.47, 7.37, 12.57, 0.000, 0.000, 0.000, 14:39:34.752
70, 14.29, 10.72, 12.87, 11.02, 0.000, 0.000, 0.000, 14:39:34.753
71, 12.59, 10.95, 14.13, 13.96, 0.000, 0.000, 0.000, 14:39:34.754
72, 11.82, 14.12, 11.10, 16.19, 0.000, 0.000, 0.000, 14:39:34.755
73, 11.19, 13.20, 11.13, 10.98, 0.000, 0.000, 0.000, 14:39:34.767
74, 9.30, 14.11, 14.32, 16.39, 0.000, 0.000, 0.000, 14:39:34.767
75, 10.50, 7.89, 5.92, 7.13, 0.000, 0.000, 0.000, 14:39:34.782
76, 12.11, 8.38, 1.68, 12.57, 0.000, 0.000, 0.000, 14:39:34.782
77, 13.39, 13.30, 4.30, 11.50, 0.000, 0.000, 0.000, 14:39:34.782
78, 15.35, 14.45, 12.56, 15.46, 0.000, 0.000, 0.000, 14:39:34.782
79, 13.44, 13.57, -1.76, 12.26, 0.000, 0.000, 0.000, 14:39:34.796
80, 10.33, 10.06, 13.41, 10.52, 0.000, 0.000, 0.000, 14:39:34.797
81, 12.09, 9.00, 7.88, 13.90, 0.000, 0.000, 0.000, 14:39:34.812
82, 15.28, 11.08, 7.82, 8.40, 0.000, 0.000, 0.000, 14:39:34.812
83, 15.79, 14.10, 10.16, 11.72, 0.000, 0.000, 0.000, 14:39:34.819
84, 7.77, 11.06, 5.41, 10.44, 0.000, 0.000, 0.000, 14:39:34.820
85, 14.53, 12.78, 10.54, 13.83, 0.000, 0.000, 0.000, 14:39:34.827
86, 12.23, 8.70, 8.22, 13.68, 0.000, 0.000, 0.000, 14:39:34.827
87, 10.04, 15.55, 4.75, 12.83, 0.000, 0.000, 0.000, 14:39:34.842
88, 13.37, 9.64, 0.73, 14.01, 0.000, 0.000, 0.000, 14:39:34.842
89, 11.65, 11.25, 12.48, 12.49, 0.000, 0.000, 0.000, 14:39:34.842
90, 10.96, 12.37, 2.40, 14.90, 0.000, 0.000, 0.000, 14:39:34.842
91, 12.23, 14.38, 11.35, 14.10, 0.000, 0.000, 0.000, 14:39:34.856
92, 10.95, 15.22, 6.05, 10.87, 0.000, 0.000, 0.000, 14:39:34.857
93, 12.18, 12.14, 7.51, 16.29, 0.000, 0.000, 0.000, 14:39:34.873
94, 14.47, 10.57, 10.86, 9.11, 0.000, 0.000, 0.000, 14:39:34.873
95, 11.61, 12.90, 21.06, 17.73, 0.000, 0.000, 0.000, 14:39:34.873
96, 8.59, 8.61, 8.89, 14.58, 0.000, 0.000, 0.000, 14:39:34.873
97, 10.11, 10.48, 0.43, 13.88, 0.000, 0.000, 0.000, 14:39:34.887
98, 12.64, 12.21, 4.24, 15.41, 0.000, 0.000, 0.000, 14:39:34.887
99, 14.35, 15.94, -4.02, 11.88, 0.000, 0.000, 0.000, 14:39:34.902
100, 8.50, 10.54, 6.88, 11.06, 0.000, 0.000, 0.000, 14:39:34.903
101, 12.78, 13.61, 13.82, 9.68, 0.000, 0.000, 0.000, 14:39:34.903
102, 11.95, 9.98, 4.59, 10.90, 0.000, 0.000, 0.000, 14:39:34.904
103, 14.94, 8.22, 16.02, 13.85, 0.000, 0.000, 0.000, 14:39:34.916
104, 13.42, 10.65, 6.37, 17.41, 0.000, 0.000, 0.000, 14:39:34.916
105, 8.49, 13.95, 13.44, 16.62, 0.000, 0.000, 0.000, 14:39:34.931
106, 11.62, 14.36, 8.20, 17.56, 0.000, 0.000, 0.000, 14:39:34.931
107, 10.74, 8.78, 8.21, 8.28, 0.000, 0.000, 0.000, 14:39:34.932
108, 11.03, 9.26, 8.39, 8.22, 0.000, 0.000, 0.000, 14:39:34.932
109, 13.57, 12.34, 7.03, 11.87, 0.000, 0.000, 0.000, 14:39:34.946
110, 15.50, 14.37, 12.27, 13.62, 0.000, 0.000, 0.000, 14:39:34.946
111, 14.04, 11.40, 6.07, 9.61, 0.000, 0.000, 0.000, 14:39:34.962
112, 9.63, 7.97, 8.44, 15.69, 0.000, 0.000, 0.000, 14:39:34.962
113, 12.33, 8.29, 11.40, 11.89, 0.000, 0.000, 0.000, 14:39:34.963
114, 14.59, 13.94, 10.61, 18.56, 0.000, 0.000, 0.000, 14:39:34.963
115, 10.25, 9.47, 8.68, 9.74, 0.000, 0.000, 0.000, 14:39:34.977
116, 8.71, 13.50, 3.85, 15.47, 0.000, 0.000, 0.000, 14:39:34.977
117, 11.23, 13.17, 5.72, 14.13, 0.000, 0.000, 0.000, 14:39:34.992
118, 12.42, 11.57, 10.32, 14.02, 0.000, 0.000, 0.000, 14:39:34.992
119, 12.04, 12.12, 4.92, 15.87, 0.000, 0.000, 0.000, 14:39:34.992
120, 10.76, 16.39, 10.18, 16.34, 0.000, 0.000, 0.000, 14:39:34.992
121, 13.47, 12.70, 7.87, 18.45, 0.000, 0.000, 0.000, 14:39:35.007
122, 15.08, 16.35, 10.25, 12.90, 0.000, 0.000, 0.000, 14:39:35.007
123, 9.31, 11.71, 9.32, 10.91, 0.000, 0.000, 0.000, 14:39:35.022
124, 6.88, 9.53, 7.32, 8.03, 0.000, 0.000, 0.000, 14:39:35.022
125, 13.31, 12.58, 9.37, 19.29, 0.000, 0.000, 0.000, 14:39:35.022
126, 13.61, 16.99, 9.84, 14.48, 0.000, 0.000, 0.000, 14:39:35.022
127, 13.92, 10.08, 12.76, 12.84, 0.000, 0.000, 0.000, 14:39:35.037
128, 11.41, 11.31, 11.80, 11.60, 0.000, 0.000, 0.000, 14:39:35.037
129, 10.38, 13.04, 12.13, 8.67, 0.000, 0.000, 0.000, 14:39:35.052
130, 13.46, 10.91, 9.28, 11.15, 0.000, 0.000, 0.000, 14:39:35.053
131, 13.72, 15.87, 5.84, 14.74, 0.000, 0.000, 0.000, 14:39:35.053
132, 11.98, 12.00, 10.15, 11.07, 0.000, 0.000, 0.000, 14:39:35.053
133, 14.04, 14.62, 4.97, 13.35, 0.000, 0.000, 0.000, 14:39:35.067
134, 11.70, 11.58, 3.09, 17.63, 0.000, 0.000, 0.000, 14:39:35.067
135, 12.51, 10.67, 12.00, 13.96, 0.000, 0.000, 0.000, 14:39:35.082
136, 12.13, 9.57, 5.93, 10.83, 0.000, 0.000, 0.000, 14:39:35.082
137, 12.82, 11.81, 12.43, 9.81, 0.000, 0.000, 0.000, 14:39:35.082
138, 10.01, 12.61, 7.29, 17.13, 0.000, 0.000, 0.000, 14:39:35.082
139, 11.03, 11.31, 7.91, 15.69, 0.000, 0.000, 0.000, 14:39:35.097
140, 6.79, 11.16, 3.96, 11.91, 0.000, 0.000, 0.000, 14:39:35.097
141, 9.68, 8.47, 7.21, 11.07, 0.000, 0.000, 0.000, 14:39:35.113
142, 11.49, 11.90, 12.42, 15.76, 0.000, 0.000, 0.000, 14:39:35.114
143, 10.68, 12.81, 11.62, 16.75, 0.000, 0.000, 0.000, 14:39:35.114
144, 10.44, 10.73, 2.12, 11.58, 0.000, 0.000, 0.000, 14:39:35.114
145, 11.60, 10.72, -2.77, 10.97, 0.000, 0.000, 0.000, 14:39:35.128
146, 10.80, 16.29, 3.65, 14.81, 0.000, 0.000, 0.000, 14:39:35.128
147, 13.77, 12.47, 6.76, 11.29, 0.000, 0.000, 0.000, 14:39:35.142
148, 11.38, 10.52, 6.21, 13.35, 0.000, 0.000, 0.000, 14:39:35.142
149, 9.23, 9.43, 2.92, 10.35, 0.000, 0.000, 0.000, 14:39:35.142
150, 14.97, 12.58, 6.58, 10.30, 0.000, 0.000, 0.000, 14:39:35.142
151, 14.03, 11.80, 7.59, 10.60, 0.000, 0.000, 0.000, 14:39:35.157
152, 11.05, 12.93, 10.87, 11.43, 0.000, 0.000, 0.000, 14:39:35.157
153, 9.28, 12.13, 11.48, 15.79, 0.000, 0.000, 0.000, 14:39:35.172
154, 10.10, 10.06, 9.58, 13.12, 0.000, 0.000, 0.000, 14:39:35.172
155, 10.91, 11.01, 8.88, 16.27, 0.000, 0.000, 0.000, 14:39:35.172
156, 13.70, 12.43, 9.39, 14.48, 0.000, 0.000, 0.000, 14:39:35.172
157, 14.23, 12.94, 11.30, 18.35, 0.000, 0.000, 0.000, 14:39:35.187
158, 17.23, 15.36, 8.55, 13.84, 0.000, 0.000, 0.000, 14:39:35.188
159, 12.77, 13.38, 15.18, 12.55, 0.000, 0.000, 0.000, 14:39:35.203
160, 12.30, 12.38, 3.72, 15.27, 0.000, 0.000, 0.000, 14:39:35.203
161, 13.82, 14.14, 10.15, 15.87, 0.000, 0.000, 0.000, 14:39:35.204
162, 14.94, 14.67, 6.98, 15.67, 0.000, 0.000, 0.000, 14:39:35.204
163, 7.17, 9.25, 10.95, 9.05, 0.000, 0.000, 0.000, 14:39:35.216
164, 10.59, 10.27, 7.10, 12.84, 0.000, 0.000, 0.000, 14:39:35.216
165, 11.35, 12.88, 7.55, 12.75, 0.000, 0.000, 0.000, 14:39:35.232
166, 12.82, 12.90, 8.95, 11.91, 0.000, 0.000, 0.000, 14:39:35.232
167, 10.65, 7.54, 11.61, 14.85, 0.000, 0.000, 0.000, 14:39:35.232
168, 8.36, 8.46, 9.35, 9.35, 0.000, 0.000, 0.000, 14:39:35.233
169, 13.10, 9.14, 7.74, 11.97, 0.000, 0.000, 0.000, 14:39:35.246
170, 13.13, 12.92, 16.84, 17.66, 0.000, 0.000, 0.000, 14:39:35.246
171, 12.28, 13.62, 14.80, 10.02, 0.000, 0.000, 0.000, 14:39:35.261
172, 8.47, 10.58, 10.43, 12.47, 0.000, 0.000, 0.000, 14:39:35.262
173, 12.93, 12.68, 9.85, 11.21, 0.000, 0.000, 0.000, 14:39:35.269
174, 11.84, 12.65, 2.32, 18.67, 0.000, 0.000, 0.000, 14:39:35.269
175, 14.99, 13.84, 7.80, 15.45, 0.000, 0.000, 0.000, 14:39:35.277
176, 11.10, 14.69, 5.34, 16.05, 0.000, 0.000, 0.000, 14:39:35.277
177, 10.40, 11.48, 6.69, 16.37, 0.000, 0.000, 0.000, 14:39:35.292
178, 11.04, 12.93, 10.26, 8.77, 0.000, 0.000, 0.000, 14:39:35.292
179, 14.40, 8.98, 10.21, 15.18, 0.000, 0.000, 0.000, 14:39:35.292
180, 10.66, 11.86, 0.39, 8.81, 0.000, 0.000, 0.000, 14:39:35.292
181, 12.17, 13.65, 4.85, 8.55, 0.000, 0.000, 0.000, 14:39:35.307
182, 11.75, 14.54, 13.12, 15.79, 0.000, 0.000, 0.000, 14:39:35.307
183, 14.39, 7.58, 6.67, 12.25, 0.000, 0.000, 0.000, 14:39:35.322
184, 8.59, 11.11, 10.97, 13.26, 0.000, 0.000, 0.000, 14:39:35.322
185, 10.23, 9.86, 7.42, 12.46, 0.000, 0.000, 0.000, 14:39:35.322
186, 13.74, 12.09, 10.33, 15.36, 0.000, 0.000, 0.000, 14:39:35.322
187, 12.01, 13.20, 4.66, 11.82, 0.000, 0.000, 0.000, 14:39:35.337
188, 11.34, 11.25, 9.14, 12.12, 0.000, 0.000, 0.000, 14:39:35.338
189, 8.97, 8.54, 10.53, 11.46, 0.000, 0.000, 0.000, 14:39:35.353
190, 15.33, 13.65, 12.61, 15.70, 0.000, 0.000, 0.000, 14:39:35.353
191, 12.51, 10.87, 10.09, 16.38, 0.000, 0.000, 0.000, 14:39:35.353
192, 9.20, 11.57, 17.50, 10.23, 0.000, 0.000, 0.000, 14:39:35.353
193, 11.08, 7.26, 1.12, 13.53, 0.000, 0.000, 0.000, 14:39:35.366
194, 13.06, 11.35, 6.57, 11.99, 0.000, 0.000, 0.000, 14:39:35.367
195, 13.70, 12.42, 10.95, 16.12, 0.000, 0.000, 0.000, 14:39:35.381
196, 12.13, 8.52, 6.17, 14.89, 0.000, 0.000, 0.000, 14:39:35.382
197, 13.65, 8.27, 14.08, 11.68, 0.000, 0.000, 0.000, 14:39:35.382
198, 11.84, 12.23, 2.40, 12.88, 0.000, 0.000, 0.000, 14:39:35.382
199, 16.82, 18.27, 6.53, 14.26, 0.000, 0.000, 0.000, 14:39:35.397
200, 11.28, 11.59, 6.83, 13.41, 0.000, 0.000, 0.000, 14:39:35.397
0, 12.51, 10.74, 12.44, 16.02, 0.000, 0.000, 0.000, 14:39:35.397
1, 9.88, 14.86, 11.75, 19.55, 0.000, 0.000, 0.000, 14:39:35.411
2, 9.98, 13.00, 10.13, 8.49, 0.000, 0.000, 0.000, 14:39:35.411
3, 11.03, 11.14, 5.80, 12.34, 0.000, 0.000, 0.000, 14:39:35.426
4, 12.49, 12.20, 12.82, 14.61, 0.000, 0.000, 0.000, 14:39:35.426
5, 13.51, 16.50, 2.50, 14.61, 0.000, 0.000, 0.000, 14:39:35.427
6, 15.14, 12.15, 13.65, 9.41, 0.000, 0.000, 0.000, 14:39:35.427
7, 13.54, 13.15, 5.06, 10.65, 0.000, 0.000, 0.000, 14:39:35.443
8, 11.61, 11.86, 3.67, 16.15, 0.000, 0.000, 0.000, 14:39:35.444
9, 16.38, 15.49, 12.85, 17.66, 0.000, 0.000, 0.000, 14:39:35.457
10, 11.52, 15.05, 15.28, 14.06, 0.000, 0.000, 0.000, 14:39:35.457
11, 8.62, 10.92, 9.31, 15.93, 0.000, 0.000, 0.000, 14:39:35.472
12, 10.29, 13.24, 7.43, 11.45, 0.000, 0.000, 0.000, 14:39:35.472
13, 15.48, 13.06, 13.01, 15.25, 0.000, 0.000, 0.000, 14:39:35.473
14, 13.67, 13.76, 10.71, 13.72, 0.000, 0.000, 0.000, 14:39:35.473
15, 9.37, 11.23, 9.31, 11.50, 0.000, 0.000, 0.000, 14:39:35.487
16, 10.90, 11.80, 3.68, 11.39, 0.000, 0.000, 0.000, 14:39:35.488
17, 7.65, 8.39, 4.83, 12.93, 0.000, 0.000, 0.000, 14:39:35.490
18, 9.26, 8.71, 10.29, 14.47, 0.000, 0.000, 0.000, 14:39:35.490
19, 10.91, 12.51, 2.00, 13.87, 0.000, 0.000, 0.000, 14:39:35.503
20, 8.60, 9.89, 11.69, 14.24, 0.000, 0.000, 0.000, 14:39:35.503
21, 13.38, 6.07, 14.20, 12.73, 0.000, 0.000, 0.000, 14:39:35.517
22, 10.44, 6.46, 5.13, 11.62, 0.000, 0.000, 0.000, 14:39:35.517
23, 9.85, 9.92, 6.15, 7.93, 0.000, 0.000, 0.000, 14:39:35.518
24, 14.05, 12.36, 14.97, 17.14, 0.000, 0.000, 0.000, 14:39:35.519
25, 15.91, 14.82, 13.18, 16.59, 0.000, 0.000, 0.000, 14:39:35.532
26, 11.10, 11.66, 10.18, 7.52, 0.000, 0.000, 0.000, 14:39:35.532
27, 14.07, 11.40, 12.47, 10.56, 0.000, 0.000, 0.000, 14:39:35.546
28, 12.09, 16.18, 3.28, 19.37, 0.000, 0.000, 0.000, 14:39:35.546
29, 13.27, 15.27, 7.65, 16.55,