%No., CH1, CH2, CH3, CH4, Accel X, Accel Y, Accel Z, 2017-05-31_10-36-20
0, 17.90, 0.00, 22.50, 25.26, 0.000, 0.000, 0.000, 10:36:24.373
1, 20.16, 0.00, 24.01, 27.21, 0.000, 0.000, 0.000, 10:36:24.388
2, 5.67, 0.00, 10.01, 13.85, 0.000, 0.000, 0.000, 10:36:24.389
3, 1.97, 0.00, 5.76, 9.68, 0.000, 0.000, 0.000, 10:36:24.399
4, 16.53, 0.00, 19.87, 23.48, 0.000, 0.000, 0.000, 10:36:24.400
5, 18.91, 0.00, 28.63, 32.06, 0.000, 0.000, 0.000, 10:36:24.404
6, 3.09, 0.00, 9.21, 15.88, 0.000, 0.000, 0.000, 10:36:24.406
7, 4.19, 0.00, 2.50, 7.83, 0.000, 0.000, 0.000, 10:36:24.413
8, 18.32, 0.00, 23.80, 27.93, 0.000, 0.000, 0.000, 10:36:24.414
9, 19.01, 0.00, 22.99, 28.06, 0.000, 0.000, 0.000, 10:36:24.428
10, 6.47, 0.00, 10.56, 12.62, 0.000, 0.000, 0.000, 10:36:24.430
11, 3.28, 0.00, 6.97, 8.11, 0.000, 0.000, 0.000, 10:36:24.431
12, 18.83, 0.00, 20.23, 23.97, 0.000, 0.000, 0.000, 10:36:24.434
13, 19.49, 0.00, 30.12, 28.14, 0.000, 0.000, 0.000, 10:36:24.448
14, 6.36, 0.00, 6.44, 10.96, 0.000, 0.000, 0.000, 10:36:24.449
15, 7.02, 0.00, 7.09, 8.16, 0.000, 0.000, 0.000, 10:36:24.458
16, 15.64, 0.00, 18.19, 23.77, 0.000, 0.000, 0.000, 10:36:24.460
17, 21.54, 0.00, 25.99, 24.13, 0.000, 0.000, 0.000, 10:36:24.461
18, 7.20, 0.00, 12.17, 9.06, 0.000, 0.000, 0.000, 10:36:24.461
19, 1.86, 0.00, 9.63, 8.30, 0.000, 0.000, 0.000, 10:36:24.481
20, 10.57, 0.00, 18.82, 19.81, 0.000, 0.000, 0.000, 10:36:24.482
21, 25.34, 0.00, 28.14, 29.30, 0.000, 0.000, 0.000, 10:36:24.502
22, 9.29, 0.00, 5.97, 13.85, 0.000, 0.000, 0.000, 10:36:24.503
23, 2.59, 0.00, 5.85, 8.15, 0.000, 0.000, 0.000, 10:36:24.503
24, 17.56, 0.00, 20.35, 23.85, 0.000, 0.000, 0.000, 10:36:24.504
25, 20.65, 0.00, 28.93, 25.25, 0.000, 0.000, 0.000, 10:36:24.504
26, 9.10, 0.00, 8.92, 12.79, 0.000, 0.000, 0.000, 10:36:24.505
27, 5.52, 0.00, 3.73, 9.37, 0.000, 0.000, 0.000, 10:36:24.505
28, 17.68, 0.00, 16.91, 20.79, 0.000, 0.000, 0.000, 10:36:24.506
29, 27.63, 0.00, 26.91, 29.57, 0.000, 0.000, 0.000, 10:36:24.517
30, 11.32, 0.00, 9.88, 13.63, 0.000, 0.000, 0.000, 10:36:24.518
31, 2.64, 0.00, 5.55, 6.57, 0.000, 0.000, 0.000, 10:36:24.532
32, 18.55, 0.00, 22.95, 27.31, 0.000, 0.000, 0.000, 10:36:24.533
33, 23.75, 0.00, 26.55, 30.31, 0.000, 0.000, 0.000, 10:36:24.548
34, 9.53, 0.00, 10.91, 12.59, 0.000, 0.000, 0.000, 10:36:24.549
35, 4.34, 0.00, 4.05, 6.10, 0.000, 0.000, 0.000, 10:36:24.549
36, 18.48, 0.00, 23.72, 24.68, 0.000, 0.000, 0.000, 10:36:24.550
37, 22.34, 0.00, 30.03, 30.60, 0.000, 0.000, 0.000, 10:36:24.562
38, 7.46, 0.00, 11.41, 15.23, 0.000, 0.000, 0.000, 10:36:24.565
39, 1.41, 0.00, 8.73, 11.60, 0.000, 0.000, 0.000, 10:36:24.577
40, 16.28, 0.00, 13.58, 21.14, 0.000, 0.000, 0.000, 10:36:24.577
41, 21.42, 0.00, 31.95, 26.21, 0.000, 0.000, 0.000, 10:36:24.578
42, 7.26, 0.00, 7.91, 11.34, 0.000, 0.000, 0.000, 10:36:24.578
43, -0.80, 0.00, 6.52, 3.81, 0.000, 0.000, 0.000, 10:36:24.593
44, 15.28, 0.00, 19.00, 21.61, 0.000, 0.000, 0.000, 10:36:24.593
45, 22.81, 0.00, 27.25, 28.50, 0.000, 0.000, 0.000, 10:36:24.608
46, 7.93, 0.00, 11.34, 13.58, 0.000, 0.000, 0.000, 10:36:24.609
47, 0.96, 0.00, 2.61, 11.47, 0.000, 0.000, 0.000, 10:36:24.609
48, 18.02, 0.00, 14.27, 24.87, 0.000, 0.000, 0.000, 10:36:24.610
49, 21.03, 0.00, 21.85, 25.78, 0.000, 0.000, 0.000, 10:36:24.622
50, 8.72, 0.00, 14.23, 12.03, 0.000, 0.000, 0.000, 10:36:24.623
51, 2.38, 0.00, 8.29, 6.32, 0.000, 0.000, 0.000, 10:36:24.638
52, 15.25, 0.00, 24.73, 23.66, 0.000, 0.000, 0.000, 10:36:24.639
53, 22.63, 0.00, 29.00, 30.45, 0.000, 0.000, 0.000, 10:36:24.639
54, 9.88, 0.00, -3.15, 11.33, 0.000, 0.000, 0.000, 10:36:24.640
55, 1.55, 0.00, 7.94, 3.71, 0.000, 0.000, 0.000, 10:36:24.653
56, 15.69, 0.00, 25.03, 22.45, 0.000, 0.000, 0.000, 10:36:24.653
57, 22.61, 0.00, 25.98, 34.07, 0.000, 0.000, 0.000, 10:36:24.669
58, 8.19, 0.00, 7.27, 15.55, 0.000, 0.000, 0.000, 10:36:24.670
59, 2.92, 0.00, 0.22, 5.56, 0.000, 0.000, 0.000, 10:36:24.670
60, 19.99, 0.00, 23.49, 21.91, 0.000, 0.000, 0.000, 10:36:24.671
61, 22.88, 0.00, 26.58, 25.66, 0.000, 0.000, 0.000, 10:36:24.682
62, 8.61, 0.00, 14.89, 13.43, 0.000, 0.000, 0.000, 10:36:24.682
63, 3.24, 0.00, 4.18, 7.27, 0.000, 0.000, 0.000, 10:36:24.697
64, 16.29, 0.00, 17.19, 21.62, 0.000, 0.000, 0.000, 10:36:24.698
65, 20.56, 0.00, 28.64, 26.90, 0.000, 0.000, 0.000, 10:36:24.707
66, 7.68, 0.00, 14.40, 13.73, 0.000, 0.000, 0.000, 10:36:24.707
67, 0.49, 0.00, 6.69, 11.56, 0.000, 0.000, 0.000, 10:36:24.712
68, 17.24, 0.00, 15.58, 20.69, 0.000, 0.000, 0.000, 10:36:24.712
69, 21.40, 0.00, 23.38, 26.00, 0.000, 0.000, 0.000, 10:36:24.727
70, 9.04, 0.00, 16.63, 13.30, 0.000, 0.000, 0.000, 10:36:24.727
71, 7.44, 0.00, 3.66, 8.83, 0.000, 0.000, 0.000, 10:36:24.728
72, 16.28, 0.00, 26.46, 23.50, 0.000, 0.000, 0.000, 10:36:24.729
73, 24.79, 0.00, 27.63, 30.72, 0.000, 0.000, 0.000, 10:36:24.744
74, 13.29, 0.00, 9.70, 11.16, 0.000, 0.000, 0.000, 10:36:24.745
75, 6.60, 0.00, 8.38, 7.14, 0.000, 0.000, 0.000, 10:36:24.758
76, 14.41, 0.00, 16.16, 21.71, 0.000, 0.000, 0.000, 10:36:24.760
77, 18.77, 0.00, 27.25, 31.31, 0.000, 0.000, 0.000, 10:36:24.760
78, 13.21, 0.00, 10.29, 12.59, 0.000, 0.000, 0.000, 10:36:24.760
79, 3.36, 0.00, 11.15, 9.79, 0.000, 0.000, 0.000, 10:36:24.772
80, 13.65, 0.00, 20.18, 23.57, 0.000, 0.000, 0.000, 10:36:24.772
81, 25.46, 0.00, 26.62, 27.61, 0.000, 0.000, 0.000, 10:36:24.787
82, 9.85, 0.00, 10.60, 11.34, 0.000, 0.000, 0.000, 10:36:24.787
83, 1.53, 0.00, -2.35, 7.40, 0.000, 0.000, 0.000, 10:36:24.787
84, 15.86, 0.00, 23.35, 27.70, 0.000, 0.000, 0.000, 10:36:24.788
85, 22.89, 0.00, 29.54, 24.86, 0.000, 0.000, 0.000, 10:36:24.802
86, 11.88, 0.00, 9.74, 8.85, 0.000, 0.000, 0.000, 10:36:24.802
87, 3.23, 0.00, 6.46, 6.42, 0.000, 0.000, 0.000, 10:36:24.819
88, 18.55, 0.00, 16.81, 25.03, 0.000, 0.000, 0.000, 10:36:24.819
89, 19.83, 0.00, 21.28, 28.41, 0.000, 0.000, 0.000, 10:36:24.819
90, 9.59, 0.00, 10.81, 12.40, 0.000, 0.000, 0.000, 10:36:24.820
91, -0.93, 0.00, 4.95, 8.91, 0.000, 0.000, 0.000, 10:36:24.832
92, 17.15, 0.00, 17.68, 23.35, 0.000, 0.000, 0.000, 10:36:24.832
93, 20.41, 0.00, 28.66, 28.79, 0.000, 0.000, 0.000, 10:36:24.850
94, 8.39, 0.00, 12.72, 10.34, 0.000, 0.000, 0.000, 10:36:24.851
95, 0.25, 0.00, 6.38, 4.29, 0.000, 0.000, 0.000, 10:36:24.851
96, 17.61, 0.00, 21.09, 23.65, 0.000, 0.000, 0.000, 10:36:24.851
97, 20.19, 0.00, 26.10, 25.58, 0.000, 0.000, 0.000, 10:36:24.863
98, 7.63, 0.00, 5.16, 10.54, 0.000, 0.000, 0.000, 10:36:24.863
99, 4.04, 0.00, 7.68, 7.02, 0.000, 0.000, 0.000, 10:36:24.877
100, 16.05, 0.00, 24.05, 27.04, 0.000, 0.000, 0.000, 10:36:24.877
101, 24.10, 0.00, 30.06, 29.75, 0.000, 0.000, 0.000, 10:36:24.877
102, 6.85, 0.00, 8.30, 11.68, 0.000, 0.000, 0.000, 10:36:24.878
103, 6.96, 0.00, 7.74, 12.01, 0.000, 0.000, 0.000, 10:36:24.892
104, 19.99, 0.00, 18.79, 21.95, 0.000, 0.000, 0.000, 10:36:24.893
105, 24.62, 0.00, 27.16, 27.59, 0.000, 0.000, 0.000, 10:36:24.908
106, 4.91, 0.00, 9.62, 13.09, 0.000, 0.000, 0.000, 10:36:24.908
107, 1.01, 0.00, 6.52, 3.04, 0.000, 0.000, 0.000, 10:36:24.909
108, 18.48, 0.00, 21.72, 23.03, 0.000, 0.000, 0.000, 10:36:24.909
109, 15.53, 0.00, 16.95, 25.69, 0.000, 0.000, 0.000, 10:36:24.922
110, 3.49, 0.00, 9.35, 12.96, 0.000, 0.000, 0.000, 10:36:24.922
111, 0.68, 0.00, 2.30, 11.31, 0.000, 0.000, 0.000, 10:36:24.937
112, 15.77, 0.00, 21.64, 22.79, 0.000, 0.000, 0.000, 10:36:24.937
113, 24.49, 0.00, 24.16, 28.77, 0.000, 0.000, 0.000, 10:36:24.937
114, 9.94, 0.00, 9.36, 11.63, 0.000, 0.000, 0.000, 10:36:24.938
115, 3.25, 0.00, 5.84, 8.72, 0.000, 0.000, 0.000, 10:36:24.952
116, 17.37, 0.00, 20.72, 24.72, 0.000, 0.000, 0.000, 10:36:24.953
117, 22.10, 0.00, 22.98, 28.80, 0.000, 0.000, 0.000, 10:36:24.983
118, 9.83, 0.00, 13.14, 13.03, 0.000, 0.000, 0.000, 10:36:24.984
119, 2.34, 0.00, 12.57, 7.63, 0.000, 0.000, 0.000, 10:36:25.000
120, 17.93, 0.00, 15.03, 21.81, 0.000, 0.000, 0.000, 10:36:25.000
121, 26.51, 0.00, 35.33, 31.58, 0.000, 0.000, 0.000, 10:36:25.001
122, 8.65, 0.00, 9.16, 11.16, 0.000, 0.000, 0.000, 10:36:25.001
123, 2.28, 0.00, 3.92, 3.86, 0.000, 0.000, 0.000, 10:36:25.002
124, 19.37, 0.00, 21.12, 20.50, 0.000, 0.000, 0.000, 10:36:25.003
125, 23.40, 0.00, 21.99, 25.66, 0.000, 0.000, 0.000, 10:36:25.006
126, 8.12, 0.00, 7.07, 13.91, 0.000, 0.000, 0.000, 10:36:25.032
127, 2.28, 0.00, 6.04, 9.65, 0.000, 0.000, 0.000, 10:36:25.033
128, 14.99, 0.00, 26.16, 23.69, 0.000, 0.000, 0.000, 10:36:25.033
129, 23.70, 0.00, 28.80, 28.42, 0.000, 0.000, 0.000, 10:36:25.043
130, 9.55, 0.00, 5.44, 11.86, 0.000, 0.000, 0.000, 10:36:25.043
131, 1.75, 0.00, 3.77, 7.27, 0.000, 0.000, 0.000, 10:36:25.044
132, 15.84, 0.00, 22.50, 22.99, 0.000, 0.000, 0.000, 10:36:25.044
133, 23.26, 0.00, 29.52, 30.59, 0.000, 0.000, 0.000, 10:36:25.044
134, 10.69, 0.00, 8.42, 10.80, 0.000, 0.000, 0.000, 10:36:25.044
135, 2.23, 0.00, 3.33, 6.76, 0.000, 0.000, 0.000, 10:36:25.044
136, 16.76, 0.00, 20.35, 21.47, 0.000, 0.000, 0.000, 10:36:25.045
137, 24.18, 0.00, 26.22, 32.82, 0.000, 0.000, 0.000, 10:36:25.057
138, 6.50, 0.00, 4.54, 11.23, 0.000, 0.000, 0.000, 10:36:25.058
139, 3.30, 0.00, 4.55, 8.81, 0.000, 0.000, 0.000, 10:36:25.073
140, 16.44, 0.00, 20.30, 25.20, 0.000, 0.000, 0.000, 10:36:25.074
141, 22.58, 0.00, 19.93, 28.74, 0.000, 0.000, 0.000, 10:36:25.087
142, 12.09, 0.00, 14.07, 13.40, 0.000, 0.000, 0.000, 10:36:25.087
143, 5.22, 0.00, 3.14, 5.55, 0.000, 0.000, 0.000, 10:36:25.087
144, 15.30, 0.00, 23.41, 24.39, 0.000, 0.000, 0.000, 10:36:25.087
145, 23.13, 0.00, 25.08, 31.37, 0.000, 0.000, 0.000, 10:36:25.102
146, 5.39, 0.00, 12.66, 14.99, 0.000, 0.000, 0.000, 10:36:25.102
147, -2.28, 0.00, 4.08, 6.37, 0.000, 0.000, 0.000, 10:36:25.118
148, 16.12, 0.00, 17.09, 22.45, 0.000, 0.000, 0.000, 10:36:25.118
149, 26.59, 0.00, 31.69, 28.77, 0.000, 0.000, 0.000, 10:36:25.119
150, 8.73, 0.00, 6.73, 11.99, 0.000, 0.000, 0.000, 10:36:25.119
151, 4.86, 0.00, 3.51, 8.07, 0.000, 0.000, 0.000, 10:36:25.132
152, 14.93, 0.00, 22.21, 21.21, 0.000, 0.000, 0.000, 10:36:25.134
153, 22.82, 0.00, 32.47, 30.44, 0.000, 0.000, 0.000, 10:36:25.149
154, 10.14, 0.00, 17.49, 14.85, 0.000, 0.000, 0.000, 10:36:25.149
155, 4.37, 0.00, 9.39, 9.33, 0.000, 0.000, 0.000, 10:36:25.150
156, 14.34, 0.00, 23.42, 20.87, 0.000, 0.000, 0.000, 10:36:25.150
157, 23.59, 0.00, 27.08, 29.23, 0.000, 0.000, 0.000, 10:36:25.162
158, 5.33, 0.00, 14.44, 12.91, 0.000, 0.000, 0.000, 10:36:25.162
159, 4.43, 0.00, -1.65, 8.58, 0.000, 0.000, 0.000, 10:36:25.177
160, 14.94, 0.00, 13.77, 19.98, 0.000, 0.000, 0.000, 10:36:25.177
161, 19.77, 0.00, 27.93, 25.50, 0.000, 0.000, 0.000, 10:36:25.178
162, 9.09, 0.00, 14.41, 11.50, 0.000, 0.000, 0.000, 10:36:25.178
163, 5.62, 0.00, 12.46, 12.37, 0.000, 0.000, 0.000, 10:36:25.192
164, 16.04, 0.00, 22.79, 18.79, 0.000, 0.000, 0.000, 10:36:25.192
165, 24.37, 0.00, 29.89, 29.55, 0.000, 0.000, 0.000, 10:36:25.207
166, 7.09, 0.00, 12.98, 15.68, 0.000, 0.000, 0.000, 10:36:25.208
167, 4.34, 0.00, -10.09, 5.64, 0.000, 0.000, 0.000, 10:36:25.208
168, 17.35, 0.00, 19.86, 18.28, 0.000, 0.000, 0.000, 10:36:25.209
169, 19.01, 0.00, 28.09, 28.19, 0.000, 0.000, 0.000, 10:36:25.237
170, 10.74, 0.00, 7.60, 11.16, 0.000, 0.000, 0.000, 10:36:25.237
171, 2.04, 0.00, 13.42, 7.89, 0.000, 0.000, 0.000, 10:36:25.237
172, 15.65, 0.00, 14.11, 22.92, 0.000, 0.000, 0.000, 10:36:25.238
173, 20.28, 0.00, 24.63, 28.81, 0.000, 0.000, 0.000, 10:36:25.239
174, 9.70, 0.00, 13.35, 12.95, 0.000, 0.000, 0.000, 10:36:25.239
175, 1.77, 0.00, 8.90, 6.28, 0.000, 0.000, 0.000, 10:36:25.252
176, 18.70, 0.00, 10.51, 26.55, 0.000, 0.000, 0.000, 10:36:25.252
177, 25.21, 0.00, 28.72, 23.74, 0.000, 0.000, 0.000, 10:36:25.267
178, 6.69, 0.00, 18.47, 14.02, 0.000, 0.000, 0.000, 10:36:25.267
179, 2.89, 0.00, -2.98, 5.52, 0.000, 0.000, 0.000, 10:36:25.268
180, 16.06, 0.00, 16.83, 24.75, 0.000, 0.000, 0.000, 10:36:25.268
181, 20.54, 0.00, 34.89, 27.37, 0.000, 0.000, 0.000, 10:36:25.282
182, 9.25, 0.00, 3.80, 15.67, 0.000, 0.000, 0.000, 10:36:25.282
183, 2.40, 0.00, 2.55, 8.50, 0.000, 0.000, 0.000, 10:36:25.297
184, 17.20, 0.00, 24.04, 23.76, 0.000, 0.000, 0.000, 10:36:25.297
185, 24.11, 0.00, 24.97, 27.81, 0.000, 0.000, 0.000, 10:36:25.314
186, 9.40, 0.00, 14.43, 11.49, 0.000, 0.000, 0.000, 10:36:25.314
187, 2.08, 0.00, 1.54, 6.84, 0.000, 0.000, 0.000, 10:36:25.314
188, 16.17, 0.00, 25.49, 19.83, 0.000, 0.000, 0.000, 10:36:25.314
189, 28.25, 0.00, 27.12, 31.56, 0.000, 0.000, 0.000, 10:36:25.329
190, 5.64, 0.00, 6.43, 9.88, 0.000, 0.000, 0.000, 10:36:25.329
191, 0.59, 0.00, 7.44, 2.95, 0.000, 0.000, 0.000, 10:36:25.329
192, 18.10, 0.00, 25.07, 22.25, 0.000, 0.000, 0.000, 10:36:25.330
193, 19.76, 0.00, 31.51, 32.22, 0.000, 0.000, 0.000, 10:36:25.346
194, 8.37, 0.00, 10.92, 11.91, 0.000, 0.000, 0.000, 10:36:25.348
195, 1.53, 0.00, 2.83, 8.26, 0.000, 0.000, 0.000, 10:36:25.358
196, 19.13, 0.00, 18.24, 24.76, 0.000, 0.000, 0.000, 10:36:25.359
197, 24.34, 0.00, 25.54, 35.13, 0.000, 0.000, 0.000, 10:36:25.361
198, 6.67, 0.00, 9.35, 15.59, 0.000, 0.000, 0.000, 10:36:25.361
199, 1.91, 0.00, 1.23, 7.03, 0.000, 0.000, 0.000, 10:36:25.372
200, 17.96, 0.00, 21.88, 24.37, 0.000, 0.000, 0.000, 10:36:25.373
0, 19.10, 0.00, 29.83, 27.17, 0.000, 0.000, 0.000, 10:36:25.373
1, 8.58, 0.00, 13.89, 13.27, 0.000, 0.000, 0.000, 10:36:25.388
2, 1.82, 0.00, 0.64, 8.57, 0.000, 0.000, 0.000, 10:36:25.388
3, 11.06, 0.00, 22.64, 21.60, 0.000, 0.000, 0.000, 10:36:25.403
4, 24.26, 0.00, 24.86, 31.16, 0.000, 0.000, 0.000, 10:36:25.403
5, 10.57, 0.00, 12.21, 18.82, 0.000, 0.000, 0.000, 10:36:25.403
6, 3.24, 0.00, 2.93, 7.66, 0.000, 0.000, 0.000, 10:36:25.404
7, 14.60, 0.00, 20.92, 22.86, 0.000, 0.000, 0.000, 10:36:25.417
8, 23.25, 0.00, 26.62, 25.11, 0.000, 0.000, 0.000, 10:36:25.418
9, 10.89, 0.00, 10.05, 13.47, 0.000, 0.000, 0.000, 10:36:25.433
10, 1.42, 0.00, 3.93, 7.47, 0.000, 0.000, 0.000, 10:36:25.433
11, 18.97, 0.00, 23.37, 19.88, 0.000, 0.000, 0.000, 10:36:25.449
12, 23.31, 0.00, 24.71, 29.20, 0.000, 0.000, 0.000, 10:36:25.449
13, 6.03, 0.00, 7.06, 12.92, 0.000, 0.000, 0.000, 10:36:25.449
14, 3.40, 0.00, 10.64, 9.98, 0.000, 0.000, 0.000, 10:36:25.449
15, 17.09, 0.00, 29.41, 23.97, 0.000, 0.000, 0.000, 10:36:25.466
16, 21.61, 0.00, 27.44, 30.16, 0.000, 0.000, 0.000, 10:36:25.466
17, 6.25, 0.00, 13.29, 11.24, 0.000, 0.000, 0.000, 10:36:25.468
18, 7.39, 0.00, 5.02, 9.56, 0.000, 0.000, 0.000, 10:36:25.468
19, 16.28, 0.00, 20.68, 21.77, 0.000, 0.000, 0.000, 10:36:25.477
20, 23.89, 0.00, 25.91, 32.14, 0.000, 0.000, 0.000, 10:36:25.478
21, 11.86, 0.00, 9.06, 14.68, 0.000, 0.000, 0.000, 10:36:25.493
22, 2.90, 0.00, 0.10, 6.19, 0.000, 0.000, 0.000, 10:36:25.493
23, 17.21, 0.00, 24.04, 21.65, 0.000, 0.000, 0.000, 10:36:25.494
24, 23.97, 0.00, 26.22, 28.73, 0.000, 0.000, 0.000, 10:36:25.494
25, 9.11, 0.00, 7.60, 12.80, 0.000, 0.000, 0.000, 10:36:25.509
26, 2.55, 0.00, 2.85, 7.81, 0.000, 0.000, 0.000, 10:36:25.509
27, 15.42, 0.00, 27.96, 22.16, 0.000, 0.000, 0.000, 10:36:25.522
28, 18.82, 0.00, 29.76, 27.31, 0.000, 0.000, 0.000, 10:36:25.522
29, 6.87, 0.00, 12.62, 12.43, 0.000, 0.000, 0.000, 10:36:25.523
30, 2.10, 0.00, 5.77, 6.82, 0.000, 0.000, 0.000, 10:36:25.523
31, 18.30, 0.00, 22.46, 19.35, 0.000, 0.000, 0.000, 10:36:25.538
32, 21.02, 0.00, 27.90, 27.11, 0.000, 0.000, 0.000, 10:36:25.538
33, 9.20, 0.00, 10.52, 8.76, 0.000, 0.000, 0.000, 10:36:25.553
34, 1.51, 0.00, 4.36, 6.26, 0.000, 0.000, 0.000, 10:36:25.554
35, 16.93, 0.00, 22.86, 25.23, 0.000, 0.000, 0.000, 10:36:25.554
36, 22.82, 0.00, 27.15, 28.01, 0.000, 0.000, 0.000, 10:36:25.554
37, 10.75, 0.00, 12.53, 14.76, 0.000, 0.000, 0.000, 10:36:25.568
38, 2.01, 0.00, 1.08, 9.20, 0.000, 0.000, 0.000, 10:36:25.568
39, 15.19, 0.00, 25.19, 21.28, 0.000, 0.000, 0.000, 10:36:25.583
40, 25.93, 0.00, 16.66, 25.48, 0.000, 0.000, 0.000, 10:36:25.583
41, 7.35, 0.00, 14.64, 12.87, 0.000, 0.000, 0.000, 10:36:25.583
42, 2.62, 0.00, 7.12, 7.72, 0.000, 0.000, 0.000, 10:36:25.584
43, 16.06, 0.00, 12.55, 26.20, 0.000, 0.000, 0.000, 10:36:25.597
44, 20.54, 0.00, 29.78, 30.37, 0.000, 0.000, 0.000, 10:36:25.597
45, 9.16, 0.00, 10.08, 12.42, 0.000, 0.000, 0.000, 10:36:25.614
46, -1.28, 0.00, -5.15, 4.37, 0.000, 0.000, 0.000, 10:36:25.615
47, 16.58, 0.00, 17.70, 18.36, 0.000, 0.000, 0.000, 10:36:25.615
48, 26.57, 0.00, 26.91, 29.91, 0.000, 0.000, 0.000, 10:36:25.615
49, 6.86, 0.00, 8.38, 19.45, 0.000, 0.000, 0.000, 10:36:25.627
50, 2.38, 0.00, 4.34, 4.30, 0.000, 0.000, 0.000, 10:36:25.627
51, 14.56, 0.00, 12.72, 18.08, 0.000, 0.000, 0.000, 10:36:25.658
52, 25.29, 0.00, 27.33, 30.54, 0.000, 0.000, 0.000, 10:36:25.659
53, 10.96, 0.00, 4.63, 15.20, 0.000, 0.000, 0.000, 10:36:25.659
54, -0.31, 0.00, 3.98, 4.35, 0.000, 0.000, 0.000, 10:36:25.660
55, 12.15, 0.00, 14.13, 19.45, 0.000, 0.000, 0.000, 10:36:25.664
56, 18.43, 0.00, 35.59, 32.49, 0.000, 0.000, 0.000, 10:36:25.666
57, 7.72, 0.00, 12.91, 13.78, 0.000, 0.000, 0.000, 10:36:25.666
58, 2.17, 0.00, -6.17, 7.59, 0.000, 0.000, 0.000, 10:36:25.667
59, 13.59, 0.00, 17.85, 21.76, 0.000, 0.000, 0.000, 10:36:25.674
60, 24.78, 0.00, 30.10, 32.03, 0.000, 0.000, 0.000, 10:36:25.674
61, 9.65, 0.00, 17.86, 13.84, 0.000, 0.000, 0.000, 10:36:25.687
62, 7.16, 0.00, 4.78, 6.32, 0.000, 0.000, 0.000, 10:36:25.688
63, 18.38, 0.00, 20.92, 23.28, 0.000, 0.000, 0.000, 10:36:25.702
64, 23.42, 0.00, 30.45, 29.38, 0.000, 0.000, 0.000, 10:36:25.703
65, 10.87, 0.00, 21.73, 10.24, 0.000, 0.000, 0.000, 10:36:25.703
66, 6.10, 0.00, 1.23, 7.41, 0.000, 0.000, 0.000, 10:36:25.703
67, 12.05, 0.00, 24.90, 21.36, 0.000, 0.000, 0.000, 10:36:25.725
68, 22.49, 0.00, 24.41, 30.13, 0.000, 0.000, 0.000, 10:36:25.725
69, 9.13, 0.00, 10.49, 10.91, 0.000, 0.000, 0.000, 10:36:25.732
70, -1.51, 0.00, 4.97, 6.10, 0.000, 0.000, 0.000, 10:36:25.732
71, 12.22, 0.00, 25.56, 21.01, 0.000, 0.000, 0.000, 10:36:25.733
72, 22.47, 0.00, 28.93, 31.67, 0.000, 0.000, 0.000, 10:36:25.733
73, 12.15, 0.00, -1.07, 15.20, 0.000, 0.000, 0.000, 10:36:25.748
74, 1.45, 0.00, 5.50, 5.31, 0.000, 0.000, 0.000, 10:36:25.748
75, 16.67, 0.00, 23.51, 24.29, 0.000, 0.000, 0.000, 10:36:25.762
76, 21.18, 0.00, 26.84, 25.42, 0.000, 0.000, 0.000, 10:36:25.762
77, 12.28, 0.00, 1.24, 14.31, 0.000, 0.000, 0.000, 10:36:25.763
78, 1.07, 0.00, -5.51, 8.68, 0.000, 0.000, 0.000, 10:36:25.763
79, 14.89, 0.00, 21.65, 19.54, 0.000, 0.000, 0.000, 10:36:25.777
80, 21.49, 0.00, 36.58, 26.71, 0.000, 0.000, 0.000, 10:36:25.777
81, 10.22, 0.00, 17.00, 17.74, 0.000, 0.000, 0.000, 10:36:25.792
82, 0.67, 0.00, 0.56, 4.36, 0.000, 0.000, 0.000, 10:36:25.792
83, 14.03, 0.00, 10.34, 21.84, 0.000, 0.000, 0.000, 10:36:25.792
84, 24.08, 0.00, 31.74, 29.78, 0.000, 0.000, 0.000, 10:36:25.793
85, 8.45, 0.00, 15.82, 14.76, 0.000, 0.000, 0.000, 10:36:25.822
86, 3.84, 0.00, 7.43, 9.67, 0.000, 0.000, 0.000, 10:36:25.822
87, 15.26, 0.00, 21.86, 23.32, 0.000, 0.000, 0.000, 10:36:25.822
88, 23.11, 0.00, 24.02, 29.50, 0.000, 0.000, 0.000, 10:36:25.822
89, 11.61, 0.00, 16.86, 13.48, 0.000, 0.000, 0.000, 10:36:25.823
90, 0.47, 0.00, 2.55, 6.26, 0.000, 0.000, 0.000, 10:36:25.824
91, 16.04, 0.00, 20.90, 18.24, 0.000, 0.000, 0.000, 10:36:25.838
92, 23.78, 0.00, 29.98, 28.59, 0.000, 0.000, 0.000, 10:36:25.839
93, 11.40, 0.00, 5.35, 17.43, 0.000, 0.000, 0.000, 10:36:25.853
94, 0.76, 0.00, 6.87, 3.55, 0.000, 0.000, 0.000, 10:36:25.853
95, 16.56, 0.00, 19.71, 20.26, 0.000, 0.000, 0.000, 10:36:25.853
96, 24.86, 0.00, 33.73, 29.83, 0.000, 0.000, 0.000, 10:36:25.853
97, 8.36, 0.00, 15.72, 10.25, 0.000, 0.000, 0.000, 10:36:25.868
98, 1.34, 0.00, 3.68, 7.62, 0.000, 0.000, 0.000, 10:36:25.869
99, 12.32, 0.00, 17.83, 22.45, 0.000, 0.000, 0.000, 10:36:25.884
100, 23.88, 0.00, 23.46, 32.82, 0.000, 0.000, 0.000, 10:36:25.884
101, 12.49, 0.00, 15.74, 18.65, 0.000, 0.000, 0.000, 10:36:25.884
102, 4.64, 0.00, -7.04, 8.54, 0.000, 0.000, 0.000, 10:36:25.884
103, 13.48, 0.00, 18.74, 21.12, 0.000, 0.000, 0.000, 10:36:25.898
104, 26.17, 0.00, 31.49, 30.78, 0.000, 0.000, 0.000, 10:36:25.898
105, 9.94, 0.00, 10.45, 13.47, 0.000, 0.000, 0.000, 10:36:25.915
106, 1.09, 0.00, 1.99, 4.54, 0.000, 0.000, 0.000, 10:36:25.916
107, 18.16, 0.00, 24.76, 25.38, 0.000, 0.000, 0.000, 10:36:25.916
108, 23.87, 0.00, 30.58, 30.60, 0.000, 0.000, 0.000, 10:36:25.916
109, 10.16, 0.00, 12.21, 16.56, 0.000, 0.000, 0.000, 10:36:25.927
110, 0.28, 0.00, 4.99, 4.76, 0.000, 0.000, 0.000, 10:36:25.927
111, 15.33, 0.00, 14.81, 17.14, 0.000, 0.000, 0.000, 10:36:25.943
112, 24.99, 0.00, 28.18, 30.06, 0.000, 0.000, 0.000, 10:36:25.943
113, 10.30, 0.00, 13.73, 18.20, 0.000, 0.000, 0.000, 10:36:25.943
114, 2.65, 0.00, -2.80, 12.19, 0.000, 0.000, 0.000, 10:36:25.943
115, 14.69, 0.00, 9.91, 20.38, 0.000, 0.000, 0.000, 10:36:25.958
116, 21.50, 0.00, 31.30, 26.18, 0.000, 0.000, 0.000, 10:36:25.959
117, 6.65, 0.00, 17.03, 14.34, 0.000, 0.000, 0.000, 10:36:25.972
118, 0.14, 0.00, 1.36, 8.31, 0.000, 0.000, 0.000, 10:36:25.972
119, 15.82, 0.00, 23.69, 16.05, 0.000, 0.000, 0.000, 10:36:25.973
120, 25.36, 0.00, 27.55, 29.58, 0.000, 0.000, 0.000, 10:36:25.974
121, 11.68, 0.00, 11.20, 13.48, 0.000, 0.000, 0.000, 10:36:25.987
122, -1.74, 0.00, -1.48, 5.69, 0.000, 0.000, 0.000, 10:36:25.987
123, 14.07, 0.00, 12.10, 14.91, 0.000, 0.000, 0.000, 10:36:26.002
124, 26.08, 0.00, 28.18, 28.13, 0.000, 0.000, 0.000, 10:36:26.002
125, 6.16, 0.00, 11.14, 14.66, 0.000, 0.000, 0.000, 10:36:26.002
126, 3.69, 0.00, 6.70, 6.86, 0.000, 0.000, 0.000, 10:36:26.002
127, 13.69, 0.00, 22.16, 18.48, 0.000, 0.000, 0.000, 10:36:26.032
128, 23.41, 0.00, 29.35, 28.60, 0.000, 0.000, 0.000, 10:36:26.032
129, 10.63, 0.00, 23.30, 15.90, 0.000, 0.000, 0.000, 10:36:26.032
130, 1.29, 0.00, 5.54, 5.91, 0.000, 0.000, 0.000, 10:36:26.032
131, 11.62, 0.00, 18.57, 21.10, 0.000, 0.000, 0.000, 10:36:26.033
132, 19.91, 0.00, 28.86, 29.10, 0.000, 0.000, 0.000, 10:36:26.033
133, 6.72, 0.00, 0.44, 12.67, 0.000, 0.000, 0.000, 10:36:26.049
134, 1.49, 0.00, 1.60, 5.54, 0.000, 0.000, 0.000, 10:36:26.049
135, 17.12, 0.00, 20.23, 18.33, 0.000, 0.000, 0.000, 10:36:26.063
136, 25.39, 0.00, 26.05, 32.09, 0.000, 0.000, 0.000, 10:36:26.063
137, 11.12, 0.00, 15.40, 15.72, 0.000, 0.000, 0.000, 10:36:26.063
138, 3.07, 0.00, 11.62, 6.82, 0.000, 0.000, 0.000, 10:36:26.063
139, 16.05, 0.00, 22.26, 20.73, 0.000, 0.000, 0.000, 10:36:26.078
140, 24.05, 0.00, 25.16, 29.43, 0.000, 0.000, 0.000, 10:36:26.078
141, 7.47, 0.00, 7.95, 13.21, 0.000, 0.000, 0.000, 10:36:26.093
142, 1.92, 0.00, 10.56, 5.37, 0.000, 0.000, 0.000, 10:36:26.093
143, 13.16, 0.00, 20.37, 18.06, 0.000, 0.000, 0.000, 10:36:26.100
144, 22.25, 0.00, 27.56, 24.92, 0.000, 0.000, 0.000, 10:36:26.101
145, 11.09, 0.00, 12.48, 15.46, 0.000, 0.000, 0.000, 10:36:26.108
146, 2.62, 0.00, 3.87, 7.23, 0.000, 0.000, 0.000, 10:36:26.108
147, 16.87, 0.00, 16.66, 21.85, 0.000, 0.000, 0.000, 10:36:26.122
148, 23.09, 0.00, 24.95, 31.84, 0.000, 0.000, 0.000, 10:36:26.123
149, 12.00, 0.00, 2.71, 14.55, 0.000, 0.000, 0.000, 10:36:26.123
150, 1.44, 0.00, 10.11, 7.91, 0.000, 0.000, 0.000, 10:36:26.123
151, 14.39, 0.00, 21.93, 19.70, 0.000, 0.000, 0.000, 10:36:26.152
152, 22.79, 0.00, 23.38, 28.25, 0.000, 0.000, 0.000, 10:36:26.153
153, 10.32, 0.00, 11.47, 15.67, 0.000, 0.000, 0.000, 10:36:26.153
154, 5.57, 0.00, 2.25, 8.79, 0.000, 0.000, 0.000, 10:36:26.153
155, 19.24, 0.00, 22.40, 20.71, 0.000, 0.000, 0.000, 10:36:26.154
156, 21.74, 0.00, 27.77, 26.82, 0.000, 0.000, 0.000, 10:36:26.154
157, 9.32, 0.00, 12.24, 15.91, 0.000, 0.000, 0.000, 10:36:26.167
158, -1.65, 0.00, -0.79, 7.98, 0.000, 0.000, 0.000, 10:36:26.167
159, 11.96, 0.00, 19.40, 18.73, 0.000, 0.000, 0.000, 10:36:26.183
160, 24.39, 0.00, 26.70, 30.14, 0.000, 0.000, 0.000, 10:36:26.184
161, 10.49, 0.00, 5.50, 16.08, 0.000, 0.000, 0.000, 10:36:26.184
162, 5.57, 0.00, 8.24, 7.12, 0.000, 0.000, 0.000, 10:36:26.184
163, 16.41, 0.00, 22.26, 24.32, 0.000, 0.000, 0.000, 10:36:26.198
164, 21.27, 0.00, 26.26, 28.43, 0.000, 0.000, 0.000, 10:36:26.199
165, 6.28, 0.00, 10.10, 12.95, 0.000, 0.000, 0.000, 10:36:26.214
166, 1.06, 0.00, 0.84, 5.20, 0.000, 0.000, 0.000, 10:36:26.215
167, 16.55, 0.00, 19.36, 19.43, 0.000, 0.000, 0.000, 10:36:26.215
168, 20.06, 0.00, 27.97, 26.15, 0.000, 0.000, 0.000, 10:36:26.215
169, 8.67, 0.00, 12.49, 15.52, 0.000, 0.000, 0.000, 10:36:26.227
170, 3.02, 0.00, 2.64, 8.17, 0.000, 0.000, 0.000, 10:36:26.227
171, 12.81, 0.00, 15.71, 19.40, 0.000, 0.000, 0.000, 10:36:26.242
172, 22.27, 0.00, 23.85, 29.84, 0.000, 0.000, 0.000, 10:36:26.243
173, 7.15, 0.00, 10.09, 13.68, 0.000, 0.000, 0.000, 10:36:26.243
174, 3.83, 0.00, 5.58, 6.79, 0.000, 0.000, 0.000, 10:36:26.243
175, 11.81, 0.00, 22.08, 21.10, 0.000, 0.000, 0.000, 10:36:26.258
176, 21.35, 0.00, 25.81, 26.90, 0.000, 0.000, 0.000, 10:36:26.258
177, 13.67, 0.00, 18.65, 13.63, 0.000, 0.000, 0.000, 10:36:26.272
178, 4.09, 0.00, 6.37, 5.72, 0.000, 0.000, 0.000, 10:36:26.272
179, 13.45, 0.00, 20.24, 20.43, 0.000, 0.000, 0.000, 10:36:26.272
180, 21.55, 0.00, 30.31, 29.57, 0.000, 0.000, 0.000, 10:36:26.272
181, 13.90, 0.00, 10.61, 19.41, 0.000, 0.000, 0.000, 10:36:26.287
182, 6.90, 0.00, 5.11, 6.29, 0.000, 0.000, 0.000, 10:36:26.287
183, 15.20, 0.00, 21.00, 28.22, 0.000, 0.000, 0.000, 10:36:26.302
184, 21.62, 0.00, 25.34, 32.02, 0.000, 0.000, 0.000, 10:36:26.303
185, 11.02, 0.00, 8.44, 14.56, 0.000, 0.000, 0.000, 10:36:26.303
186, 5.19, 0.00, 3.00, 5.39, 0.000, 0.000, 0.000, 10:36:26.304
187, 17.34, 0.00, 15.59, 20.23, 0.000, 0.000, 0.000, 10:36:26.317
188, 18.64, 0.00, 29.77, 29.19, 0.000, 0.000, 0.000, 10:36:26.317
189, 8.17, 0.00, 18.98, 14.37, 0.000, 0.000, 0.000, 10:36:26.332
190, 1.54, 0.00, 3.87, 7.58, 0.000, 0.000, 0.000, 10:36:26.332
191, 14.60, 0.00, 16.87, 20.52, 0.000, 0.000, 0.000, 10:36:26.347
192, 20.92, 0.00, 27.53, 31.26, 0.000, 0.000, 0.000, 10:36:26.348
193, 9.45, 0.00, 8.46, 14.16, 0.000, 0.000, 0.000, 10:36:26.348
194, 4.06, 0.00, 7.74, 5.71, 0.000, 0.000, 0.000, 10:36:26.348
195, 13.25, 0.00, 20.63, 17.53, 0.000, 0.000, 0.000, 10:36:26.364
196, 23.46, 0.00, 28.13, 29.32, 0.000, 0.000, 0.000, 10:36:26.364
197, 13.14, 0.00, 14.04, 14.40, 0.000, 0.000, 0.000, 10:36:26.364
198, 3.92, 0.00, 2.08, 9.01, 0.000, 0.000, 0.000, 10:36:26.364
199, 13.67, 0.00, 23.68, 18.57, 0.000, 0.000, 0.000, 10:36:26.379
200, 19.75, 0.00, 25.82, 28.16, 0.000, 0.000, 0.000, 10:36:26.379
0, 10.27, 0.00, 13.19, 17.56, 0.000, 0.000, 0.000, 10:36:26.382
1, 2.13, 0.00, 3.60, 6.38, 0.000, 0.000, 0.000, 10:36:26.395
2, 18.40, 0.00, 17.73, 23.49, 0.000, 0.000, 0.000, 10:36:26.398
3, 18.82, 0.00, 20.80, 28.81, 0.000, 0.000, 0.000, 10:36:26.409
4, 9.37, 0.00, 12.49, 13.43, 0.000, 0.000, 0.000, 10:36:26.409
5, 1.10, 0.00, 6.97, 5.36, 0.000, 0.000, 0.000, 10:36:26.409
6, 12.80, 0.00, 18.51, 18.42, 0.000, 0.000, 0.000, 10:36:26.410
7, 20.01, 0.00, 25.30, 29.14, 0.000, 0.000, 0.000, 10:36:26.423
8, 10.44, 0.00, 10.95, 13.38, 0.000, 0.000, 0.000, 10:36:26.423
9, 2.57, 0.00, 5.53, 8.30, 0.000, 0.000, 0.000, 10:36:26.438
10, 19.76, 0.00, 14.69, 22.75, 0.000, 0.000, 0.000, 10:36:26.438
11, 24.11, 0.00, 28.09, 29.00, 0.000, 0.000, 0.000, 10:36:26.438
12, 10.93, 0.00, 19.27, 13.69, 0.000, 0.000, 0.000, 10:36:26.439
13, 4.27, 0.00, 6.69, 8.49, 0.000, 0.000, 0.000, 10:36:26.452
14, 15.55, 0.00, 19.30, 21.03, 0.000, 0.000, 0.000, 10:36:26.453
15, 21.74, 0.00, 23.54, 32.41, 0.000, 0.000, 0.000, 10:36:26.467
16, 13.41, 0.00, 14.72, 11.84, 0.000, 0.000, 0.000, 10:36:26.468
17, 0.91, 0.00, 3.33, 5.17, 0.000, 0.000, 0.000, 10:36:26.468
18, 19.46, 0.00, 26.10, 21.27, 0.000, 0.000, 0.000, 10:36:26.468
19, 23.28, 0.00, 27.99, 32.49, 0.000, 0.000, 0.000, 10:36:26.482
20, 12.83, 0.00, 11.40, 16.20, 0.000, 0.000, 0.000, 10:36:26.482
21, -1.75, 0.00, 4.93, 6.74, 0.000, 0.000, 0.000, 10:36:26.499
22, 11.70, 0.00, 18.45, 19.41, 0.000, 0.000, 0.000, 10:36:26.499
23, 19.37, 0.00, 29.40, 27.86, 0.000, 0.000, 0.000, 10:36:26.499
24, 10.18, 0.00, 9.54, 15.56, 0.000, 0.000, 0.000, 10:36:26.500
25, 3.04, 0.00, 4.56, 6.45, 0.000, 0.000, 0.000, 10:36:26.515
26, 13.04, 0.00, 17.28, 21.74, 0.000, 0.000, 0.000, 10:36:26.516
27, 23.53, 0.00, 29.68, 29.40, 0.000, 0.000, 0.000, 10:36:26.529
28, 10.54, 0.00, 16.49, 15.62, 0.000, 0.000, 0.000, 10:36:26.529
29, 1.49, 0.00, 3.77, 7.84, 0.000, 0.000, 0.000, 10:36:26.530
30, 12.79, 0.00, 16.06, 20.11, 0.000, 0.000, 0.000, 10:36:26.530
31, 22.19, 0.00, 24.94, 28.65, 0.000, 0.000, 0.000, 10:36:26.547
32, 9.44, 0.00, 10.54, 14.63, 0.000, 0.000, 0.000, 10:36:26.548
33, 5.88, 0.00, 7.74, 10.50, 0.000, 0.000, 0.000, 10:36:26.559
34, 13.99, 0.00, 11.78, 18.63, 0.000, 0.000, 0.000, 10:36:26.560
35, 23.28, 0.00, 23.49, 27.40, 0.000, 0.000, 0.000, 10:36:26.562
36, 11.06, 0.00, 9.26, 11.12, 0.000, 0.000, 0.000, 10:36:26.563
37, 3.58, 0.00, 5.72, 7.62, 0.000, 0.000, 0.000, 10:36:26.578
38, 11.64, 0.00, 17.42, 17.73, 0.000, 0.000, 0.000, 10:36:26.579
39, 21.41, 0.00, 22.32, 28.67, 0.000, 0.000, 0.000, 10:36:26.588
40, 10.73, 0.00, 9.62, 17.17, 0.000, 0.000, 0.000, 10:36:26.588
41, -1.30, 0.00, 4.27, 7.19, 0.000, 0.000, 0.000, 10:36:26.594
42, 11.45, 0.00, 16.54, 18.31, 0.000, 0.000, 0.000, 10:36:26.596
43, 18.92, 0.00, 28.89, 26.64, 0.000, 0.000, 0.000, 10:36:26.602
44, 12.50, 0.00, 14.26, 16.62, 0.000, 0.000, 0.000, 10:36:26.602
45, 7.26, 0.00, 5.58, 13.22, 0.000, 0.000, 0.000, 10:36:26.617
46, 16.13, 0.00, 23.68, 18.33, 0.000, 0.000, 0.000, 10:36:26.617
47, 22.85, 0.00, 27.88, 28.44, 0.000, 0.000, 0.000, 10:36:26.618
48, 8.15, 0.00, 8.90, 16.85, 0.000, 0.000, 0.000, 10:36:26.618
49, 6.87, 0.00, 7.47, 6.76, 0.000, 0.000, 0.000, 10:36:26.648
50, 16.20, 0.00, 16.70, 23.92, 0.000, 0.000, 0.000, 10:36:26.648
51, 22.95, 0.00, 24.36, 31.24, 0.000, 0.000, 0.000, 10:36:26.649
52, 11.12, 0.00, 9.96, 14.97, 0.000, 0.000, 0.000, 10:36:26.649
53, 7.06, 0.00, 5.30, 4.00, 0.000, 0.000, 0.000, 10:36:26.649
54, 12.93, 0.00, 27.27, 19.23, 0.000, 0.000, 0.000, 10:36:26.649
55, 21.03, 0.00, 26.45, 27.82, 0.000, 0.000, 0.000, 10:36:26.663
56, 11.61, 0.00, 8.90, 17.07, 0.000, 0.000, 0.000, 10:36:26.663
57, 6.31, 0.00, 10.53, 9.43, 0.000, 0.000, 0.000, 10:36:26.679
58, 12.33, 0.00, 18.98, 18.58, 0.000, 0.000, 0.000, 10:36:26.679
59, 19.58, 0.00, 27.44, 28.72, 0.000, 0.000, 0.000, 10:36:26.679
60, 10.15, 0.00, 12.56, 19.22, 0.000, 0.000, 0.000, 10:36:26.679
61, 3.41, 0.00, 6.17, 2.78, 0.000, 0.000, 0.000, 10:36:26.694
62, 13.84, 0.00, 15.04, 19.92, 0.000, 0.000, 0.000, 10:36:26.695
63, 22.52, 0.00, 17.84, 28.00, 0.000, 0.000, 0.000, 10:36:26.708
64, 10.17, 0.00, 11.69, 14.14, 0.000, 0.000, 0.000, 10:36:26.709
65, 4.03, 0.00, 14.12, 12.04, 0.000, 0.000, 0.000, 10:36:26.710
66, 14.68, 0.00, 20.61, 20.91, 0.000, 0.000, 0.000, 10:36:26.711
67, 23.36, 0.00, 19.50, 28.69, 0.000, 0.000, 0.000, 10:36:26.723
68, 13.95, 0.00, 13.46, 17.53, 0.000, 0.000, 0.000, 10:36:26.723
69, 6.17, 0.00, 6.29, 7.28, 0.000, 0.000, 0.000, 10:36:26.767
70, 13.53, 0.00, 19.39, 19.66, 0.000, 0.000, 0.000, 10:36:26.767
71, 24.78, 0.00, 30.40, 31.94, 0.000, 0.000, 0.000, 10:36:26.768
72, 9.25, 0.00, 13.21, 15.08, 0.000, 0.000, 0.000, 10:36:26.768
73, -1.10, 0.00, 1.44, 9.03, 0.000, 0.000, 0.000, 10:36:26.768
74, 9.96, 0.00, 15.15, 21.16, 0.000, 0.000, 0.000, 10:36:26.769
75, 17.21, 0.00, 35.02, 29.31, 0.000, 0.000, 0.000, 10:36:26.797
76, 11.28, 0.00, 14.20, 16.18, 0.000, 0.000, 0.000, 10:36:26.797
77, 5.49, 0.00, 8.32, 7.00, 0.000, 0.000, 0.000, 10:36:26.815
78, 13.01, 0.00, 20.23, 22.75, 0.000, 0.000, 0.000, 10:36:26.815
79, 19.07, 0.00, 27.36, 26.93, 0.000, 0.000, 0.000, 10:36:26.816
80, 7.76, 0.00, 10.78, 14.44, 0.000, 0.000, 0.000, 10:36:26.816
81, 0.59, 0.00, 7.68, 3.09, 0.000, 0.000, 0.000, 10:36:26.816
82, 12.39, 0.00, 19.25, 21.47, 0.000, 0.000, 0.000, 10:36:26.816
83, 24.68, 0.00, 26.22, 32.38, 0.000, 0.000, 0.000, 10:36:26.817
84, 12.38, 0.00, 15.17, 16.08, 0.000, 0.000, 0.000, 10:36:26.817
85, 3.35, 0.00, 1.68, 5.97, 0.000, 0.000, 0.000, 10:36:26.817
86, 14.30, 0.00, 21.26, 17.91, 0.000, 0.000, 0.000, 10:36:26.817
87, 20.60, 0.00, 24.95, 27.73, 0.000, 0.000, 0.000, 10:36:26.818
88, 16.23, 0.00, 12.71, 17.07, 0.000, 0.000, 0.000, 10:36:26.818
89, 4.10, 0.00, -0.18, 7.09, 0.000, 0.000, 0.000, 10:36:26.829
90, 14.62, 0.00, 19.70, 22.51, 0.000, 0.000, 0.000, 10:36:26.830
91, 21.18, 0.00, 25.78, 26.98, 0.000, 0.000, 0.000, 10:36:26.844
92, 13.83, 0.00, 20.60, 19.43, 0.000, 0.000, 0.000, 10:36:26.845
93, 3.80, 0.00, 6.25, 6.14, 0.000, 0.000, 0.000, 10:36:26.858
94, 12.61, 0.00, 14.74, 18.48, 0.000, 0.000, 0.000, 10:36:26.859
95, 23.36, 0.00, 26.31, 31.11, 0.000, 0.000, 0.000, 10:36:26.868
96, 11.13, 0.00, 16.32, 10.86, 0.000, 0.000, 0.000, 10:36:26.868
97, 3.71, 0.00, 3.69, 5.36, 0.000, 0.000, 0.000, 10:36:26.872
98, 14.64, 0.00, 15.64, 20.37, 0.000, 0.000, 0.000, 10:36:26.872
99, 26.55, 0.00, 28.81, 30.40, 0.000, 0.000, 0.000, 10:36:26.892
100, 12.46, 0.00, 11.68, 19.55, 0.000, 0.000, 0.000, 10:36:26.892
101, 2.39, 0.00, 3.86, 5.16, 0.000, 0.000, 0.000, 10:36:26.893
102, 13.76, 0.00, 15.44, 19.72, 0.000, 0.000, 0.000, 10:36:26.893
103, 22.83, 0.00, 29.85, 27.32, 0.000, 0.000, 0.000, 10:36:26.902
104, 9.91, 0.00, 12.36, 15.98, 0.000, 0.000, 0.000, 10:36:26.902
105, -0.47, 0.00, 5.07, 7.23, 0.000, 0.000, 0.000, 10:36:26.917
106, 13.33, 0.00, 13.89, 17.48, 0.000, 0.000, 0.000, 10:36:26.917
107, 23.88, 0.00, 30.24, 24.39, 0.000, 0.000, 0.000, 10:36:26.918
108, 10.44, 0.00, 18.99, 15.69, 0.000, 0.000, 0.000, 10:36:26.918
109, 1.54, 0.00, 1.35, 5.93, 0.000, 0.000, 0.000, 10:36:26.932
110, 10.56, 0.00, 19.52, 15.06, 0.000, 0.000, 0.000, 10:36:26.932
111, 24.25, 0.00, 27.26, 27.41, 0.000, 0.000, 0.000, 10:36:26.947
112, 11.31, 0.00, 5.12, 15.73, 0.000, 0.000, 0.000, 10:36:26.948
113, 0.53, 0.00, 7.57, 8.36, 0.000, 0.000, 0.000, 10:36:26.948
114, 7.45, 0.00, 18.40, 15.49, 0.000, 0.000, 0.000, 10:36:26.948
115, 24.75, 0.00, 16.66, 30.46, 0.000, 0.000, 0.000, 10:36:26.963
116, 14.53, 0.00, 9.33, 18.56, 0.000, 0.000, 0.000, 10:36:26.963
117, 5.16, 0.00, 12.73, 7.03, 0.000, 0.000, 0.000, 10:36:26.978
118, 12.65, 0.00, 20.14, 15.85, 0.000, 0.000, 0.000, 10:36:26.978
119, 21.08, 0.00, 32.08, 30.88, 0.000, 0.000, 0.000, 10:36:26.978
120, 10.24, 0.00, 12.40, 17.94, 0.000, 0.000, 0.000, 10:36:26.979
121, 5.33, 0.00, 6.40, 10.26, 0.000, 0.000, 0.000, 10:36:26.999
122, 9.80, 0.00, 15.52, 15.65, 0.000, 0.000, 0.000, 10:36:26.999
123, 22.90, 0.00, 26.20, 27.69, 0.000, 0.000, 0.000, 10:36:27.008
124, 7.84, 0.00, 17.11, 14.17, 0.000, 0.000, 0.000, 10:36:27.008
125, 3.03, 0.00, 1.77, 5.24, 0.000, 0.000, 0.000, 10:36:27.009
126, 14.27, 0.00, 15.67, 18.51, 0.000, 0.000, 0.000, 10:36:27.009
127, 21.52, 0.00, 23.81, 32.30, 0.000, 0.000, 0.000, 10:36:27.022
128, 13.93, 0.00, 13.84, 16.57, 0.000, 0.000, 0.000, 10:36:27.022
129, 1.80, 0.00, 2.63, 9.30, 0.000, 0.000, 0.000, 10:36:27.037
130, 10.69, 0.00, 14.44, 17.84, 0.000, 0.000, 0.000, 10:36:27.037
131, 23.62, 0.00, 26.81, 32.48, 0.000, 0.000, 0.000, 10:36:27.037
132, 12.76, 0.00, 10.29, 19.05, 0.000, 0.000, 0.000, 10:36:27.037
133, 2.92, 0.00, 4.07, 10.41, 0.000, 0.000, 0.000, 10:36:27.052
134, 12.21, 0.00, 15.07, 16.66, 0.000, 0.000, 0.000, 10:36:27.052
135, 23.31, 0.00, 35.14, 29.51, 0.000, 0.000, 0.000, 10:36:27.067
136, 12.90, 0.00, 14.83, 19.48, 0.000, 0.000, 0.000, 10:36:27.067
137, 4.01, 0.00, 3.18, 7.84, 0.000, 0.000, 0.000, 10:36:27.067
138, 13.69, 0.00, 14.17, 18.53, 0.000, 0.000, 0.000, 10:36:27.067
139, 23.13, 0.00, 33.35, 29.97, 0.000, 0.000, 0.000, 10:36:27.082
140, 8.28, 0.00, 13.25, 9.77, 0.000, 0.000, 0.000, 10:36:27.082
141, 3.21, 0.00, -1.15, 4.15, 0.000, 0.000, 0.000, 10:36:27.097
142, 11.36, 0.00, 19.24, 21.30, 0.000, 0.000, 0.000, 10:36:27.097
143, 24.60, 0.00, 26.24, 33.19, 0.000, 0.000, 0.000, 10:36:27.097
144, 11.41, 0.00, 19.33, 17.41, 0.000, 0.000, 0.000, 10:36:27.097
145, 7.85, 0.00, -3.01, 5.80, 0.000, 0.000, 0.000, 10:36:27.114
146, 13.09, 0.00, 28.34, 17.45, 0.000, 0.000, 0.000, 10:36:27.114
147, 20.16, 0.00, 35.65, 29.78, 0.000, 0.000, 0.000, 10:36:27.129
148, 11.17, 0.00, 9.86, 21.48, 0.000, 0.000, 0.000, 10:36:27.129
149, 5.83, 0.00, 4.14, 11.86, 0.000, 0.000, 0.000, 10:36:27.130
150, 13.54, 0.00, 19.91, 17.34, 0.000, 0.000, 0.000, 10:36:27.130
151, 22.50, 0.00, 21.05, 34.08, 0.000, 0.000, 0.000, 10:36:27.142
152, 14.49, 0.00, 10.61, 17.86, 0.000, 0.000, 0.000, 10:36:27.143
153, 3.35, 0.00, -9.33, 2.78, 0.000, 0.000, 0.000, 10:36:27.159
154, 16.50, 0.00, 16.93, 19.47, 0.000, 0.000, 0.000, 10:36:27.159
155, 21.97, 0.00, 33.41, 32.39, 0.000, 0.000, 0.000, 10:36:27.159
156, 10.39, 0.00, 15.30, 12.86, 0.000, 0.000, 0.000, 10:36:27.159
157, 4.33, 0.00, 7.99, 5.55, 0.000, 0.000, 0.000, 10:36:27.172
158, 12.22, 0.00, 15.80, 15.78, 0.000, 0.000, 0.000, 10:36:27.173
159, 22.36, 0.00, 29.27, 28.10, 0.000, 0.000, 0.000, 10:36:27.187
160, 12.35, 0.00, 15.97, 12.59, 0.000, 0.000, 0.000, 10:36:27.187
161, 0.49, 0.00, 5.96, 5.64, 0.000, 0.000, 0.000, 10:36:27.188
162, 13.23, 0.00, 14.17, 17.57, 0.000, 0.000, 0.000, 10:36:27.188
163, 20.75, 0.00, 19.09, 30.05, 0.000, 0.000, 0.000, 10:36:27.202
164, 12.02, 0.00, -1.76, 14.77, 0.000, 0.000, 0.000, 10:36:27.203
165, 3.97, 0.00, 6.74, 6.27, 0.000, 0.000, 0.000, 10:36:27.217
166, 11.82, 0.00, 12.65, 18.55, 0.000, 0.000, 0.000, 10:36:27.218
167, 19.10, 0.00, 32.54, 27.93, 0.000, 0.000, 0.000, 10:36:27.218
168, 13.12, 0.00, 21.57, 19.58, 0.000, 0.000, 0.000, 10:36:27.218
169, 0.47, 0.00, 2.52, 6.02, 0.000, 0.000, 0.000, 10:36:27.232
170, 14.66, 0.00, 17.11, 18.02, 0.000, 0.000, 0.000, 10:36:27.232
171, 18.64, 0.00, 23.79, 30.90, 0.000, 0.000, 0.000, 10:36:27.247
172, 14.63, 0.00, 10.30, 17.86, 0.000, 0.000, 0.000, 10:36:27.248
173, 3.38, 0.00, 2.68, 8.42, 0.000, 0.000, 0.000, 10:36:27.248
174, 16.66, 0.00, 23.08, 20.69, 0.000, 0.000, 0.000, 10:36:27.248
175, 24.57, 0.00, 26.52, 29.28, 0.000, 0.000, 0.000, 10:36:27.263
176, 15.31, 0.00, 20.69, 18.15, 0.000, 0.000, 0.000, 10:36:27.264
177, 0.98, 0.00, 6.01, 5.86, 0.000, 0.000, 0.000, 10:36:27.279
178, 10.71, 0.00, 15.14, 16.57, 0.000, 0.000, 0.000, 10:36:27.279
179, 21.44, 0.00, 24.05, 31.33, 0.000, 0.000, 0.000, 10:36:27.285
180, 11.91, 0.00, 14.68, 16.56, 0.000, 0.000, 0.000, 10:36:27.285
181, -1.66, 0.00, 4.26, 4.55, 0.000, 0.000, 0.000, 10:36:27.296
182, 13.66, 0.00, 20.72, 21.15, 0.000, 0.000, 0.000, 10:36:27.296
183, 21.51, 0.00, 29.50, 28.55, 0.000, 0.000, 0.000, 10:36:27.308
184, 14.38, 0.00, 19.14, 15.69, 0.000, 0.000, 0.000, 10:36:27.308
185, 1.27, 0.00, 6.73, 6.23, 0.000, 0.000, 0.000, 10:36:27.310
186, 8.52, 0.00, 6.17, 17.21, 0.000, 0.000, 0.000, 10:36:27.310
187, 24.52, 0.00, 22.22, 25.56, 0.000, 0.000, 0.000, 10:36:27.323
188, 10.15, 0.00, 27.17, 14.95, 0.000, 0.000, 0.000, 10:36:27.323
189, 1.00, 0.00, -1.48, 7.97, 0.000, 0.000, 0.000, 10:36:27.337
190, 15.77, 0.00, 15.05, 14.86, 0.000, 0.000, 0.000, 10:36:27.337
191, 24.95, 0.00, 30.61, 30.52, 0.000, 0.000, 0.000, 10:36:27.338
192, 13.21, 0.00, 6.96, 16.22, 0.000, 0.000, 0.000, 10:36:27.338
193, 5.62, 0.00, 9.59, 12.40, 0.000, 0.000, 0.000, 10:36:27.352
194, 15.19, 0.00, 14.94, 20.21, 0.000, 0.000, 0.000, 10:36:27.352
195, 22.93, 0.00, 29.98, 29.21, 0.000, 0.000, 0.000, 10:36:27.367
196, 12.57, 0.00, 12.87, 17.64, 0.000, 0.000, 0.000, 10:36:27.368
197, 6.34, 0.00, -3.97, 4.92, 0.000, 0.000, 0.000, 10:36:27.368
198, 13.24, 0.00, 14.87, 16.66, 0.000, 0.000, 0.000, 10:36:27.368
199, 23.32, 0.00, 31.46, 26.11, 0.000, 0.000, 0.000, 10:36:27.382
200, 11.27, 0.00, 14.14, 14.27, 0.000, 0.000, 0.000, 10:36:27.382
0, 3.40, 0.00, 2.13, 5.23, 0.000, 0.000, 0.000, 10:36:27.383
1, 12.09, 0.00, 23.26, 17.03, 0.000, 0.000, 0.000, 10:36:27.398
2, 20.42, 0.00, 33.80, 28.89, 0.000, 0.000, 0.000, 10:36:27.398
3, 11.09, 0.00, 22.37, 22.03, 0.000, 0.000, 0.000, 10:36:27.413
4, 3.89, 0.00, 5.21, 8.69, 0.000, 0.000, 0.000, 10:36:27.413
5, 12.96, 0.00, 14.92, 15.43, 0.000, 0.000, 0.000, 10:36:27.414
6, 20.61, 0.00, 31.60, 25.03, 0.000, 0.000, 0.000, 10:36:27.414
7, 12.03, 0.00, 11.00, 20.71, 0.000, 0.000, 0.000, 10:36:27.430
8, 1.72, 0.00, 1.39, 8.30, 0.000, 0.000, 0.000, 10:36:27.430
9, 13.21, 0.00, 19.31, 19.44, 0.000, 0.000, 0.000, 10:36:27.444
10, 20.31, 0.00, 19.62, 34.13, 0.000, 0.000, 0.000, 10:36:27.445
11, 13.92, 0.00, 14.34, 18.03, 0.000, 0.000, 0.000, 10:36:27.445
12, 4.65, 0.00, 6.89, 6.73, 0.000, 0.000, 0.000, 10:36:27.445
13, 11.55, 0.00, 12.33, 16.94, 0.000, 0.000, 0.000, 10:36:27.459
14, 21.61, 0.00, 25.02, 29.82, 0.000, 0.000, 0.000, 10:36:27.459
15, 12.38, 0.00, 19.14, 18.76, 0.000, 0.000, 0.000, 10:36:27.472
16, 2.08, 0.00, -0.99, 3.70, 0.000, 0.000, 0.000, 10:36:27.472
17, 13.21, 0.00, 22.96, 19.57, 0.000, 0.000, 0.000, 10:36:27.473
18, 24.82, 0.00, 35.23, 28.78, 0.000, 0.000, 0.000, 10:36:27.473
19, 13.83, 0.00, 15.17, 17.30, 0.000, 0.000, 0.000, 10:36:27.488
20, -0.25, 0.00, -1.52, 6.38, 0.000, 0.000, 0.000, 10:36:27.488
21, 11.35, 0.00, 21.87, 19.83, 0.000, 0.000, 0.000, 10:36:27.502
22, 22.37, 0.00, 24.48, 25.80, 0.000, 0.000, 0.000, 10:36:27.503
23, 13.02, 0.00, 13.84, 17.48, 0.000, 0.000, 0.000, 10:36:27.503
24, 3.83, 0.00, -1.28, 6.82, 0.000, 0.000, 0.000, 10:36:27.503
25, 7.99, 0.00, 18.60, 16.88, 0.000, 0.000, 0.000, 10:36:27.518
26, 20.03, 0.00, 30.88, 27.95, 0.000, 0.000, 0.000, 10:36:27.518
27, 14.00, 0.00, 3.80, 19.02, 0.000, 0.000, 0.000, 10:36:27.532
28, 4.12, 0.00, 15.07, 8.31, 0.000, 0.000, 0.000, 10:36:27.532
29, 13.60, 0.00, 13.51, 15.70, 0.000, 0.000, 0.000, 10:36:27.533
30, 21.82, 0.00, 24.84, 29.94, 0.000, 0.000, 0.000, 10:36:27.533
31, 13.27, 0.00, 17.41, 22.09, 0.000, 0.000, 0.000, 10:36:27.548
32, 3.65, 0.00, 11.20, 7.98, 0.000, 0.000, 0.000, 10:36:27.548
33, 10.87, 0.00, 17.89, 14.37, 0.000, 0.000, 0.000, 10:36:27.563
34, 21.66, 0.00, 30.63, 28.86, 0.000, 0.000, 0.000, 10:36:27.563
35, 10.48, 0.00, 3.80, 15.75, 0.000, 0.000, 0.000, 10:36:27.564
36, 6.22, 0.00, 0.64, 7.88, 0.000, 0.000, 0.000, 10:36:27.564
37, 12.22, 0.00, 24.28, 12.41, 0.000, 0.000, 0.000, 10:36:27.579
38, 24.62, 0.00, 25.17, 31.98, 0.000, 0.000, 0.000, 10:36:27.579
39, 13.45, 0.00, 17.57, 15.86, 0.000, 0.000, 0.000, 10:36:27.592
40, 2.20, 0.00, -0.70, 3.44, 0.000, 0.000, 0.000, 10:36:27.592
41, 8.11, 0.00, 20.55, 14.82, 0.000, 0.000, 0.000, 10:36:27.594
42, 22.67, 0.00, 31.87, 28.65, 0.000, 0.000, 0.000, 10:36:27.595
43, 13.10, 0.00, 13.42, 18.28, 0.000, 0.000, 0.000, 10:36:27.609
44, 0.95, 0.00, -6.04, 6.89, 0.000, 0.000, 0.000, 10:36:27.609
45, 12.58, 0.00, 14.97, 17.03, 0.000, 0.000, 0.000, 10:36:27.622
46, 21.29, 0.00, 20.02, 24.71, 0.000, 0.000, 0.000, 10:36:27.622
47, 16.00, 0.00, 23.35, 17.78, 0.000, 0.000, 0.000, 10:36:27.623
48, 4.53, 0.00, 11.95, 4.46, 0.000, 0.000, 0.000, 10:36:27.624
49, 9.92, 0.00, 7.06, 19.06, 0.000, 0.000, 0.000, 10:36:27.637
50, 20.16, 0.00, 16.17, 28.83, 0.000, 0.000, 0.000, 10:36:27.637
51, 14.74, 0.00, 14.13, 18.91, 0.000, 0.000, 0.000, 10:36:27.652
52, 3.65, 0.00, 5.90, 5.75, 0.000, 0.000, 0.000, 10:36:27.652
53, 12.86, 0.00, 16.32, 19.66, 0.000, 0.000, 0.000, 10:36:27.653
54, 24.52, 0.00, 23.98, 32.45, 0.000, 0.000, 0.000, 10:36:27.653
55, 10.13, 0.00, 16.68, 20.83, 0.000, 0.000, 0.000, 10:36:27.667
56, 1.12, 0.00, 7.63, 5.14, 0.000, 0.000, 0.000, 10:36:27.667
57, 11.07, 0.00, 17.69, 17.36, 0.000, 0.000, 0.000, 10:36:27.682
58, 23.20, 0.00, 30.79, 31.03, 0.000, 0.000, 0.000, 10:36:27.683
59, 12.81, 0.00, 18.42, 19.01, 0.000, 0.000, 0.000, 10:36:27.683
60, 4.99, 0.00, 6.37, 8.18, 0.000, 0.000, 0.000, 10:36:27.683
61, 14.48, 0.00, 11.24, 20.85, 0.000, 0.000, 0.000, 10:36:27.697
62, 23.01, 0.00, 24.56, 31.21, 0.000, 0.000, 0.000, 10:36:27.698
63, 10.74, 0.00, 20.50, 20.95, 0.000, 0.000, 0.000, 10:36:27.715
64, 6.24, 0.00, 0.50, 8.41, 0.000, 0.000, 0.000, 10:36:27.715
65, 16.24, 0.00, 19.45, 16.12, 0.000, 0.000, 0.000, 10:36:27.715
66, 24.87, 0.00, 32.29, 27.95, 0.000, 0.000, 0.000, 10:36:27.715
67, 9.99, 0.00, 17.74, 17.41, 0.000, 0.000, 0.000, 10:36:27.729
68, 1.96, 0.00, 12.36, 5.88, 0.000, 0.000, 0.000, 10:36:27.730
69, 11.16, 0.00, 5.90, 18.91, 0.000, 0.000, 0.000, 10:36:27.742
70, 20.92, 0.00, 21.05, 31.73, 0.000, 0.000, 0.000, 10:36:27.742
71, 11.43, 0.00, 17.35, 19.30, 0.000, 0.000, 0.000, 10:36:27.743
72, 1.23, 0.00, 8.76, 8.82, 0.000, 0.000, 0.000, 10:36:27.743
73, 8.77, 0.00, 6.30, 14.46, 0.000, 0.000, 0.000, 10:36:27.764
74, 24.54, 0.00, 23.27, 26.71, 0.000, 0.000, 0.000, 10:36:27.764
75, 15.60, 0.00, 18.98, 20.48, 0.000, 0.000, 0.000, 10:36:27.774
76, 1.65, 0.00, 1.16, 8.87, 0.000, 0.000, 0.000, 10:36:27.774
77, 12.85, 0.00, 15.25, 19.76, 0.000, 0.000, 0.000, 10:36:27.780
78, 21.23, 0.00, 29.29, 27.26, 0.000, 0.000, 0.000, 10:36:27.780
79, 12.62, 0.00, 21.11, 17.31, 0.000, 0.000, 0.000, 10:36:27.788
80, 3.20, 0.00, 7.86, 4.41, 0.000, 0.000, 0.000, 10:36:27.788
81, 14.25, 0.00, 13.88, 14.53, 0.000, 0.000, 0.000, 10:36:27.802
82, 20.32, 0.00, 29.51, 23.70, 0.000, 0.000, 0.000, 10:36:27.803
83, 14.95, 0.00, 21.78, 19.88, 0.000, 0.000, 0.000, 10:36:27.803
84, -0.56, 0.00, -2.18, 4.59, 0.000, 0.000, 0.000, 10:36:27.803
85, 11.09, 0.00, 12.47, 12.65, 0.000, 0.000, 0.000, 10:36:27.817
86, 24.29, 0.00, 18.52, 30.49, 0.000, 0.000, 0.000, 10:36:27.817
87, 9.48, 0.00, 18.71, 19.66, 0.000, 0.000, 0.000, 10:36:27.832
88, 3.44, 0.00, 5.52, 6.93, 0.000, 0.000, 0.000, 10:36:27.832
89, 11.55, 0.00, 11.21, 17.44, 0.000, 0.000, 0.000, 10:36:27.832
90, 19.77, 0.00, 13.19, 29.83, 0.000, 0.000, 0.000, 10:36:27.833
91, 14.14, 0.00, 7.43, 20.90, 0.000, 0.000, 0.000, 10:36:27.847
92, 2.39, 0.00, 6.55, 9.39, 0.000, 0.000, 0.000, 10:36:27.848
93, 8.90, 0.00, 15.35, 14.21, 0.000, 0.000, 0.000, 10:36:27.863
94, 20.96, 0.00, 27.65, 23.86, 0.000, 0.000, 0.000, 10:36:27.863
95, 17.97, 0.00, 21.90, 17.37, 0.000, 0.000, 0.000, 10:36:27.863
96, 4.86, 0.00, 7.39, 0.32, 0.000, 0.000, 0.000, 10:36:27.863
97, 11.71, 0.00, 18.99, 18.72, 0.000, 0.000, 0.000, 10:36:27.878
98, 26.13, 0.00, 33.22, 29.41, 0.000, 0.000, 0.000, 10:36:27.878
99, 10.12, 0.00, 18.31, 23.80, 0.000, 0.000, 0.000, 10:36:27.892
100, -1.31, 0.00, 6.89, 8.58, 0.000, 0.000, 0.000, 10:36:27.893
101, 8.91, 0.00, 16.80, 15.55, 0.000, 0.000, 0.000, 10:36:27.894
102, 22.73, 0.00, 27.54, 30.90, 0.000, 0.000, 0.000, 10:36:27.895
103, 15.38, 0.00, 21.87, 17.17, 0.000, 0.000, 0.000, 10:36:27.909
104, 6.19, 0.00, 5.35, 6.03, 0.000, 0.000, 0.000, 10:36:27.909
105, 15.84, 0.00, 5.28, 17.92, 0.000, 0.000, 0.000, 10:36:27.922
106, 18.55, 0.00, 28.33, 30.83, 0.000, 0.000, 0.000, 10:36:27.922
107, 14.60, 0.00, 12.97, 19.68, 0.000, 0.000, 0.000, 10:36:27.922
108, 0.53, 0.00, -0.09, 6.69, 0.000, 0.000, 0.000, 10:36:27.922
109, 9.40, 0.00, 9.34, 14.04, 0.000, 0.000, 0.000, 10:36:27.937
110, 21.39, 0.00, 30.01, 26.12, 0.000, 0.000, 0.000, 10:36:27.937
111, 11.96, 0.00, 17.65, 21.70, 0.000, 0.000, 0.000, 10:36:27.953
112, 4.82, 0.00, 3.64, 2.93, 0.000, 0.000, 0.000, 10:36:27.953
113, 13.57, 0.00, 9.34, 17.06, 0.000, 0.000, 0.000, 10:36:27.953
114, 26.10, 0.00, 29.38, 26.25, 0.000, 0.000, 0.000, 10:36:27.953
115, 16.76, 0.00, 18.31, 19.38, 0.000, 0.000, 0.000, 10:36:27.967
116, -1.11, 0.00, 2.80, 8.04, 0.000, 0.000, 0.000, 10:36:27.968
117, 10.31, 0.00, 20.07, 17.82, 0.000, 0.000, 0.000, 10:36:27.982
118, 21.63, 0.00, 28.59, 32.60, 0.000, 0.000, 0.000, 10:36:27.982
119, 15.37, 0.00, 19.93, 18.22, 0.000, 0.000, 0.000, 10:36:27.983
120, 7.42, 0.00, 4.46, 8.39, 0.000, 0.000, 0.000, 10:36:27.983
121, 6.99, 0.00, 6.61, 15.82, 0.000, 0.000, 0.000, 10:36:27.998
122, 17.80, 0.00, 25.54, 24.75, 0.000, 0.000, 0.000, 10:36:27.998
123, 12.08, 0.00, 18.68, 20.53, 0.000, 0.000, 0.000, 10:36:28.015
124, 0.32, 0.00, 7.69, 6.73, 0.000, 0.000, 0.000, 10:36:28.016
125, 11.44, 0.00, 12.34, 16.92, 0.000, 0.000, 0.000, 10:36:28.016
126, 25.07, 0.00, 26.73, 28.61, 0.000, 0.000, 0.000, 10:36:28.016
127, 14.99, 0.00, 24.20, 16.46, 0.000, 0.000, 0.000, 10:36:28.029
128, 3.18, 0.00, 7.05, 9.08, 0.000, 0.000, 0.000, 10:36:28.029
129, 10.83, 0.00, 6.88, 16.13, 0.000, 0.000, 0.000, 10:36:28.042
130, 26.66, 0.00, 27.15, 29.38, 0.000, 0.000, 0.000, 10:36:28.043
131, 18.13, 0.00, 20.23, 23.77, 0.000, 0.000, 0.000, 10:36:28.045
132, 6.49, 0.00, 4.75, 6.73, 0.000, 0.000, 0.000, 10:36:28.045
133, 11.68, 0.00, 17.59, 15.77, 0.000, 0.000, 0.000, 10:36:28.058
134, 22.04, 0.00, 25.24, 24.26, 0.000, 0.000, 0.000, 10:36:28.059
135, 17.15, 0.00, 17.60, 21.36, 0.000, 0.000, 0.000, 10:36:28.072
136, 2.31, 0.00, 4.14, 7.34, 0.000, 0.000, 0.000, 10:36:28.073
137, 8.75, 0.00, 16.52, 17.68, 0.000, 0.000, 0.000, 10:36:28.073
138, 21.17, 0.00, 27.73, 28.21, 0.000, 0.000, 0.000, 10:36:28.074
139, 11.71, 0.00, 17.98, 22.85, 0.000, 0.000, 0.000, 10:36:28.088
140, -1.11, 0.00, 2.71, 7.72, 0.000, 0.000, 0.000, 10:36:28.088
141, 12.07, 0.00, 16.40, 12.44, 0.000, 0.000, 0.000, 10:36:28.103
142, 22.79, 0.00, 27.44, 30.14, 0.000, 0.000, 0.000, 10:36:28.103
143, 14.13, 0.00, 10.96, 21.49, 0.000, 0.000, 0.000, 10:36:28.103
144, 4.71, 0.00, 1.40, 4.65, 0.000, 0.000, 0.000, 10:36:28.104
145, 12.85, 0.00, 16.49, 18.39, 0.000, 0.000, 0.000, 10:36:28.118
146, 21.96, 0.00, 25.40, 30.21, 0.000, 0.000, 0.000, 10:36:28.118
147, 11.18, 0.00, 15.37, 17.80, 0.000, 0.000, 0.000, 10:36:28.133
148, 3.60, 0.00, 7.95, 7.04, 0.000, 0.000, 0.000, 10:36:28.133
149, 8.94, 0.00, 10.11, 19.01, 0.000, 0.000, 0.000, 10:36:28.133
150, 22.59, 0.00, 23.21, 34.31, 0.000, 0.000, 0.000, 10:36:28.134
151, 12.89, 0.00, 15.40, 16.66, 0.000, 0.000, 0.000, 10:36:28.147
152, 0.63, 0.00, 1.50, 3.92, 0.000, 0.000, 0.000, 10:36:28.148
153, 10.09, 0.00, 16.23, 19.69, 0.000, 0.000, 0.000, 10:36:28.166
154, 25.39, 0.00, 25.12, 29.81, 0.000, 0.000, 0.000, 10:36:28.166
155, 16.04, 0.00, 10.49, 18.88, 0.000, 0.000, 0.000, 10:36:28.167
156, 2.54, 0.00, 7.99, 7.11, 0.000, 0.000, 0.000, 10:36:28.167
157, 9.12, 0.00, 9.75, 16.96, 0.000, 0.000, 0.000, 10:36:28.180
158, 23.38, 0.00, 29.54, 33.69, 0.000, 0.000, 0.000, 10:36:28.180
159, 14.11, 0.00, 19.32, 17.81, 0.000, 0.000, 0.000, 10:36:28.193
160, 4.81, 0.00, 12.23, 8.87, 0.000, 0.000, 0.000, 10:36:28.193
161, 7.40, 0.00, 14.88, 17.05, 0.000, 0.000, 0.000, 10:36:28.195
162, 22.98, 0.00, 27.03, 32.65, 0.000, 0.000, 0.000, 10:36:28.195
163, 12.42, 0.00, 15.59, 19.66, 0.000, 0.000, 0.000, 10:36:28.209
164, 5.79, 0.00, 5.83, 9.26, 0.000, 0.000, 0.000, 10:36:28.209
165, 7.80, 0.00, 15.02, 12.23, 0.000, 0.000, 0.000, 10:36:28.222
166, 23.70, 0.00, 26.89, 30.13, 0.000, 0.000, 0.000, 10:36:28.223
167, 16.68, 0.00, 8.57, 20.25, 0.000, 0.000, 0.000, 10:36:28.225
168, 5.90, 0.00, 3.51, 6.37, 0.000, 0.000, 0.000, 10:36:28.225
169, 16.42, 0.00, 25.78, 16.78, 0.000, 0.000, 0.000, 10:36:28.237
170, 20.96, 0.00, 26.19, 29.50, 0.000, 0.000, 0.000, 10:36:28.238
171, 17.18, 0.00, 16.91, 17.54, 0.000, 0.000, 0.000, 10:36:28.253
172, 4.78, 0.00, 3.23, 4.60, 0.000, 0.000, 0.000, 10:36:28.253
173, 10.92, 0.00, 6.67, 14.61, 0.000, 0.000, 0.000, 10:36:28.253
174, 19.82, 0.00, 26.69, 26.31, 0.000, 0.000, 0.000, 10:36:28.253
175, 12.45, 0.00, 18.99, 21.24, 0.000, 0.000, 0.000, 10:36:28.268
176, 2.37, 0.00, -1.20, 7.13, 0.000, 0.000, 0.000, 10:36:28.268
177, 7.11, 0.00, 16.24, 14.89, 0.000, 0.000, 0.000, 10:36:28.282
178, 22.83, 0.00, 17.60, 29.30, 0.000, 0.000, 0.000, 10:36:28.283
179, 12.28, 0.00, 14.86, 19.54, 0.000, 0.000, 0.000, 10:36:28.283
180, 4.38, 0.00, 12.18, 7.01, 0.000, 0.000, 0.000, 10:36:28.283
