0, 9.59, 7.92, 4.76, 12.49, 0.000, 0.000, 0.000, 14:33:19.796
1, 9.93, 15.04, 6.06, 15.65, 0.000, 0.000, 0.000, 14:33:19.809
2, 13.73, 13.08, 8.49, 17.84, 0.000, 0.000, 0.000, 14:33:19.813
3, 11.19, 14.11, 9.13, 14.05, 0.000, 0.000, 0.000, 14:33:19.822
4, 11.62, 11.88, 8.87, 14.28, 0.000, 0.000, 0.000, 14:33:19.823
5, 15.63, 15.40, 8.08, 14.25, 0.000, 0.000, 0.000, 14:33:19.823
6, 12.28, 12.24, 9.78, 15.84, 0.000, 0.000, 0.000, 14:33:19.824
7, 5.84, 11.16, 8.15, 16.10, 0.000, 0.000, 0.000, 14:33:19.837
8, 11.96, 13.46, 7.09, 16.78, 0.000, 0.000, 0.000, 14:33:19.838
9, 11.53, 14.82, 10.15, 15.59, 0.000, 0.000, 0.000, 14:33:19.853
10, 9.21, 13.47, 6.33, 14.16, 0.000, 0.000, 0.000, 14:33:19.853
11, 7.42, 10.39, 6.93, 10.28, 0.000, 0.000, 0.000, 14:33:19.854
12, 14.72, 12.22, 10.56, 10.07, 0.000, 0.000, 0.000, 14:33:19.854
13, 13.83, 14.10, 6.63, 11.96, 0.000, 0.000, 0.000, 14:33:19.867
14, 12.68, 9.78, 11.50, 16.69, 0.000, 0.000, 0.000, 14:33:19.868
15, 11.64, 11.19, 6.96, 16.64, 0.000, 0.000, 0.000, 14:33:19.884
16, 10.24, 11.01, 8.42, 14.54, 0.000, 0.000, 0.000, 14:33:19.884
17, 10.98, 13.34, 4.01, 12.78, 0.000, 0.000, 0.000, 14:33:19.885
18, 13.23, 10.31, 9.22, 14.02, 0.000, 0.000, 0.000, 14:33:19.885
19, 17.14, 12.19, 11.72, 15.54, 0.000, 0.000, 0.000, 14:33:19.897
20, 13.40, 14.41, 11.14, 13.98, 0.000, 0.000, 0.000, 14:33:19.898
21, 14.16, 11.62, 6.54, 14.14, 0.000, 0.000, 0.000, 14:33:19.913
22, 10.89, 12.46, 6.53, 12.97, 0.000, 0.000, 0.000, 14:33:19.913
23, 12.94, 12.34, 9.64, 13.04, 0.000, 0.000, 0.000, 14:33:19.914
24, 11.26, 11.24, 8.62, 14.03, 0.000, 0.000, 0.000, 14:33:19.914
25, 11.95, 13.89, 11.25, 17.46, 0.000, 0.000, 0.000, 14:33:19.934
26, 14.41, 13.21, 8.93, 11.66, 0.000, 0.000, 0.000, 14:33:19.935
27, 16.11, 10.22, 8.19, 7.66, 0.000, 0.000, 0.000, 14:33:19.942
28, 14.79, 14.19, 11.14, 17.72, 0.000, 0.000, 0.000, 14:33:19.943
29, 15.56, 9.30, 8.54, 13.07, 0.000, 0.000, 0.000, 14:33:19.943
30, 15.30, 12.60, 9.27, 19.33, 0.000, 0.000, 0.000, 14:33:19.943
31, 11.75, 11.31, 8.48, 12.62, 0.000, 0.000, 0.000, 14:33:19.957
32, 10.58, 13.34, 8.13, 12.93, 0.000, 0.000, 0.000, 14:33:19.958
33, 8.52, 13.10, 9.41, 10.47, 0.000, 0.000, 0.000, 14:33:19.973
34, 10.50, 13.83, 6.19, 15.28, 0.000, 0.000, 0.000, 14:33:19.973
35, 13.98, 13.39, 8.65, 11.10, 0.000, 0.000, 0.000, 14:33:19.974
36, 14.99, 15.89, 9.16, 16.89, 0.000, 0.000, 0.000, 14:33:19.974
37, 13.88, 12.18, 9.55, 13.68, 0.000, 0.000, 0.000, 14:33:19.988
38, 13.23, 9.66, 10.99, 15.49, 0.000, 0.000, 0.000, 14:33:19.988
39, 11.59, 10.93, 6.80, 12.18, 0.000, 0.000, 0.000, 14:33:20.002
40, 7.99, 13.81, 9.44, 11.57, 0.000, 0.000, 0.000, 14:33:20.003
41, 11.21, 10.25, 8.19, 12.78, 0.000, 0.000, 0.000, 14:33:20.003
42, 13.70, 13.94, 10.91, 13.01, 0.000, 0.000, 0.000, 14:33:20.003
43, 14.01, 11.22, 8.83, 11.97, 0.000, 0.000, 0.000, 14:33:20.019
44, 7.51, 8.06, 8.62, 15.90, 0.000, 0.000, 0.000, 14:33:20.019
45, 14.39, 13.08, 10.63, 15.31, 0.000, 0.000, 0.000, 14:33:20.034
46, 8.19, 10.46, 10.26, 9.57, 0.000, 0.000, 0.000, 14:33:20.035
47, 7.69, 6.99, 5.01, 12.65, 0.000, 0.000, 0.000, 14:33:20.035
48, 7.62, 13.22, 6.01, 12.19, 0.000, 0.000, 0.000, 14:33:20.036
49, 9.61, 14.40, 10.37, 14.18, 0.000, 0.000, 0.000, 14:33:20.047
50, 11.27, 14.57, 10.07, 15.51, 0.000, 0.000, 0.000, 14:33:20.050
51, 13.00, 10.81, 9.59, 13.48, 0.000, 0.000, 0.000, 14:33:20.064
52, 9.75, 12.93, 10.07, 15.98, 0.000, 0.000, 0.000, 14:33:20.064
53, 14.28, 16.38, 11.04, 18.36, 0.000, 0.000, 0.000, 14:33:20.065
54, 9.16, 14.68, 7.01, 8.35, 0.000, 0.000, 0.000, 14:33:20.066
55, 12.05, 13.28, 5.93, 8.67, 0.000, 0.000, 0.000, 14:33:20.078
56, 9.84, 8.43, 2.36, 13.19, 0.000, 0.000, 0.000, 14:33:20.079
57, 12.79, 12.89, 7.75, 16.40, 0.000, 0.000, 0.000, 14:33:20.094
58, 15.81, 12.86, 10.91, 14.79, 0.000, 0.000, 0.000, 14:33:20.094
59, 15.40, 12.38, 9.65, 15.47, 0.000, 0.000, 0.000, 14:33:20.097
60, 11.95, 11.02, 4.90, 11.11, 0.000, 0.000, 0.000, 14:33:20.098
61, 17.34, 14.49, 13.76, 17.56, 0.000, 0.000, 0.000, 14:33:20.108
62, 12.29, 12.34, 8.00, 16.29, 0.000, 0.000, 0.000, 14:33:20.108
63, 10.74, 11.14, 7.58, 14.84, 0.000, 0.000, 0.000, 14:33:20.122
64, 9.86, 8.82, 7.50, 13.46, 0.000, 0.000, 0.000, 14:33:20.123
65, 13.68, 13.60, 9.78, 13.52, 0.000, 0.000, 0.000, 14:33:20.123
66, 12.52, 13.11, 4.79, 14.57, 0.000, 0.000, 0.000, 14:33:20.123
67, 11.68, 14.38, 7.27, 11.39, 0.000, 0.000, 0.000, 14:33:20.137
68, 8.96, 10.33, 6.19, 17.70, 0.000, 0.000, 0.000, 14:33:20.137
69, 12.51, 10.07, 10.59, 9.07, 0.000, 0.000, 0.000, 14:33:20.152
70, 8.61, 11.96, 5.65, 10.45, 0.000, 0.000, 0.000, 14:33:20.153
71, 11.10, 9.73, 7.51, 12.59, 0.000, 0.000, 0.000, 14:33:20.153
72, 9.97, 10.73, 8.79, 11.57, 0.000, 0.000, 0.000, 14:33:20.153
73, 15.99, 12.07, 11.49, 13.71, 0.000, 0.000, 0.000, 14:33:20.169
74, 12.55, 10.46, 10.79, 12.91, 0.000, 0.000, 0.000, 14:33:20.171
75, 13.45, 11.25, 11.58, 10.40, 0.000, 0.000, 0.000, 14:33:20.184
76, 12.76, 10.83, 4.97, 12.70, 0.000, 0.000, 0.000, 14:33:20.185
77, 14.38, 13.12, 6.96, 14.28, 0.000, 0.000, 0.000, 14:33:20.185
78, 13.62, 13.12, 12.41, 14.85, 0.000, 0.000, 0.000, 14:33:20.185
79, 12.56, 8.71, 8.55, 15.06, 0.000, 0.000, 0.000, 14:33:20.199
80, 12.31, 14.96, 7.50, 11.56, 0.000, 0.000, 0.000, 14:33:20.200
81, 14.68, 13.16, 8.86, 15.17, 0.000, 0.000, 0.000, 14:33:20.213
82, 10.41, 13.33, 8.69, 14.96, 0.000, 0.000, 0.000, 14:33:20.214
83, 9.21, 13.73, 8.69, 13.04, 0.000, 0.000, 0.000, 14:33:20.218
84, 11.46, 14.96, 8.15, 12.24, 0.000, 0.000, 0.000, 14:33:20.219
85, 15.77, 14.87, 10.57, 12.06, 0.000, 0.000, 0.000, 14:33:20.227
86, 11.16, 12.09, 9.35, 15.49, 0.000, 0.000, 0.000, 14:33:20.227
87, 13.40, 10.77, 9.13, 14.26, 0.000, 0.000, 0.000, 14:33:20.242
88, 13.03, 14.21, 11.89, 13.55, 0.000, 0.000, 0.000, 14:33:20.242
89, 13.42, 12.84, 12.11, 10.92, 0.000, 0.000, 0.000, 14:33:20.243
90, 10.84, 14.34, 7.81, 13.91, 0.000, 0.000, 0.000, 14:33:20.243
91, 10.09, 13.43, 2.76, 12.86, 0.000, 0.000, 0.000, 14:33:20.257
92, 10.55, 12.72, 10.14, 15.80, 0.000, 0.000, 0.000, 14:33:20.258
93, 13.98, 11.66, 7.33, 16.88, 0.000, 0.000, 0.000, 14:33:20.272
94, 13.78, 14.77, 10.05, 10.60, 0.000, 0.000, 0.000, 14:33:20.272
95, 11.49, 13.72, 9.56, 13.58, 0.000, 0.000, 0.000, 14:33:20.272
96, 13.11, 11.50, 9.91, 14.77, 0.000, 0.000, 0.000, 14:33:20.273
97, 14.36, 13.43, 12.67, 19.07, 0.000, 0.000, 0.000, 14:33:20.288
98, 11.61, 13.96, 7.81, 16.21, 0.000, 0.000, 0.000, 14:33:20.288
99, 13.97, 8.61, 7.90, 10.64, 0.000, 0.000, 0.000, 14:33:20.303
100, 11.23, 12.63, 9.67, 13.77, 0.000, 0.000, 0.000, 14:33:20.303
101, 13.50, 12.73, 9.46, 12.48, 0.000, 0.000, 0.000, 14:33:20.303
102, 10.43, 10.58, 7.65, 9.34, 0.000, 0.000, 0.000, 14:33:20.303
103, 11.94, 10.83, 5.17, 11.71, 0.000, 0.000, 0.000, 14:33:20.318
104, 11.21, 12.34, 6.96, 9.73, 0.000, 0.000, 0.000, 14:33:20.318
105, 13.62, 9.40, 11.35, 16.88, 0.000, 0.000, 0.000, 14:33:20.334
106, 17.19, 16.78, 12.58, 11.93, 0.000, 0.000, 0.000, 14:33:20.335
107, 13.15, 14.74, 4.44, 15.70, 0.000, 0.000, 0.000, 14:33:20.335
108, 11.48, 12.24, 6.09, 14.77, 0.000, 0.000, 0.000, 14:33:20.335
109, 12.75, 13.67, 7.76, 13.15, 0.000, 0.000, 0.000, 14:33:20.347
110, 9.90, 12.88, 5.92, 16.57, 0.000, 0.000, 0.000, 14:33:20.349
111, 8.29, 11.47, 8.27, 13.04, 0.000, 0.000, 0.000, 14:33:20.363
112, 13.56, 9.39, 3.72, 13.41, 0.000, 0.000, 0.000, 14:33:20.364
113, 14.85, 11.93, 11.45, 19.09, 0.000, 0.000, 0.000, 14:33:20.364
114, 11.34, 9.58, 9.24, 14.28, 0.000, 0.000, 0.000, 14:33:20.364
115, 9.17, 15.62, 11.07, 13.50, 0.000, 0.000, 0.000, 14:33:20.377
116, 10.02, 12.43, 8.56, 15.52, 0.000, 0.000, 0.000, 14:33:20.378
117, 16.92, 14.18, 9.83, 15.52, 0.000, 0.000, 0.000, 14:33:20.392
118, 11.08, 13.87, 6.10, 13.37, 0.000, 0.000, 0.000, 14:33:20.393
119, 14.15, 12.84, 7.88, 14.27, 0.000, 0.000, 0.000, 14:33:20.393
120, 8.88, 10.77, 8.15, 14.37, 0.000, 0.000, 0.000, 14:33:20.393
121, 12.39, 9.50, 8.31, 8.83, 0.000, 0.000, 0.000, 14:33:20.407
122, 11.19, 13.59, 9.96, 12.53, 0.000, 0.000, 0.000, 14:33:20.408
123, 14.08, 11.54, 7.44, 11.96, 0.000, 0.000, 0.000, 14:33:20.422
124, 14.06, 13.62, 8.80, 16.63, 0.000, 0.000, 0.000, 14:33:20.423
125, 17.97, 16.12, 11.72, 17.82, 0.000, 0.000, 0.000, 14:33:20.424
126, 18.78, 18.60, 10.01, 13.79, 0.000, 0.000, 0.000, 14:33:20.425
127, 12.02, 9.59, 8.76, 12.66, 0.000, 0.000, 0.000, 14:33:20.444
128, 9.28, 11.61, 4.70, 10.69, 0.000, 0.000, 0.000, 14:33:20.446
129, 13.98, 14.11, 9.90, 16.84, 0.000, 0.000, 0.000, 14:33:20.452
130, 11.84, 12.24, 9.94, 11.96, 0.000, 0.000, 0.000, 14:33:20.453
131, 13.85, 10.46, 7.35, 12.92, 0.000, 0.000, 0.000, 14:33:20.453
132, 10.31, 12.09, 5.49, 10.96, 0.000, 0.000, 0.000, 14:33:20.453
133, 13.57, 13.00, 10.20, 14.60, 0.000, 0.000, 0.000, 14:33:20.469
134, 6.44, 8.90, 10.31, 10.02, 0.000, 0.000, 0.000, 14:33:20.469
135, 11.25, 12.98, 8.41, 12.56, 0.000, 0.000, 0.000, 14:33:20.483
136, 13.72, 12.35, 7.80, 12.29, 0.000, 0.000, 0.000, 14:33:20.484
137, 13.63, 14.05, 9.59, 16.96, 0.000, 0.000, 0.000, 14:33:20.484
138, 13.36, 13.10, 9.04, 15.31, 0.000, 0.000, 0.000, 14:33:20.484
139, 15.05, 9.38, 8.10, 14.88, 0.000, 0.000, 0.000, 14:33:20.500
140, 11.22, 14.92, 8.01, 13.76, 0.000, 0.000, 0.000, 14:33:20.500
141, 13.92, 11.92, 11.88, 17.19, 0.000, 0.000, 0.000, 14:33:20.513
142, 10.99, 11.98, 5.88, 12.61, 0.000, 0.000, 0.000, 14:33:20.513
143, 11.69, 8.79, 4.33, 16.12, 0.000, 0.000, 0.000, 14:33:20.513
144, 11.52, 13.01, 9.22, 13.74, 0.000, 0.000, 0.000, 14:33:20.513
145, 10.48, 9.62, 10.71, 12.86, 0.000, 0.000, 0.000, 14:33:20.527
146, 14.01, 11.17, 8.26, 15.39, 0.000, 0.000, 0.000, 14:33:20.527
147, 10.27, 11.45, 9.95, 16.44, 0.000, 0.000, 0.000, 14:33:20.542
148, 15.19, 13.58, 12.07, 12.91, 0.000, 0.000, 0.000, 14:33:20.543
149, 6.20, 9.96, 6.70, 9.71, 0.000, 0.000, 0.000, 14:33:20.543
150, 12.24, 14.21, 10.49, 12.24, 0.000, 0.000, 0.000, 14:33:20.543
151, 10.33, 13.05, 6.12, 12.65, 0.000, 0.000, 0.000, 14:33:20.557
152, 12.02, 13.72, 3.96, 13.55, 0.000, 0.000, 0.000, 14:33:20.558
153, 13.46, 12.19, 14.35, 18.70, 0.000, 0.000, 0.000, 14:33:20.572
154, 15.44, 14.76, 11.10, 16.28, 0.000, 0.000, 0.000, 14:33:20.573
155, 11.32, 12.97, 11.13, 12.49, 0.000, 0.000, 0.000, 14:33:20.573
156, 12.26, 15.02, 12.09, 15.02, 0.000, 0.000, 0.000, 14:33:20.573
157, 11.99, 15.84, 13.85, 17.52, 0.000, 0.000, 0.000, 14:33:20.588
158, 8.76, 10.18, 5.00, 13.86, 0.000, 0.000, 0.000, 14:33:20.588
159, 11.60, 6.51, 4.50, 11.21, 0.000, 0.000, 0.000, 14:33:20.602
160, 15.07, 8.35, 7.61, 14.02, 0.000, 0.000, 0.000, 14:33:20.603
161, 14.99, 11.12, 7.89, 10.49, 0.000, 0.000, 0.000, 14:33:20.603
162, 13.51, 14.02, 8.82, 11.71, 0.000, 0.000, 0.000, 14:33:20.603
163, 13.19, 9.40, 6.67, 9.75, 0.000, 0.000, 0.000, 14:33:20.618
164, 12.46, 10.91, 8.22, 9.52, 0.000, 0.000, 0.000, 14:33:20.618
165, 11.91, 14.38, 6.87, 16.05, 0.000, 0.000, 0.000, 14:33:20.633
166, 10.19, 12.20, 8.35, 15.47, 0.000, 0.000, 0.000, 14:33:20.634
167, 11.68, 14.93, 6.74, 16.61, 0.000, 0.000, 0.000, 14:33:20.634
168, 10.86, 13.65, 8.28, 16.51, 0.000, 0.000, 0.000, 14:33:20.634
169, 14.61, 14.51, 12.37, 11.16, 0.000, 0.000, 0.000, 14:33:20.649
170, 11.54, 12.72, 11.54, 18.74, 0.000, 0.000, 0.000, 14:33:20.649
171, 9.86, 12.18, 5.26, 12.74, 0.000, 0.000, 0.000, 14:33:20.663
172, 14.24, 12.54, 7.67, 9.87, 0.000, 0.000, 0.000, 14:33:20.664
173, 10.98, 9.88, 11.74, 14.22, 0.000, 0.000, 0.000, 14:33:20.665
174, 9.72, 11.80, 10.44, 12.37, 0.000, 0.000, 0.000, 14:33:20.665
175, 13.04, 9.05, 7.72, 15.35, 0.000, 0.000, 0.000, 14:33:20.678
176, 13.95, 11.00, 9.22, 13.97, 0.000, 0.000, 0.000, 14:33:20.682
177, 14.79, 16.54, 9.22, 12.22, 0.000, 0.000, 0.000, 14:33:20.692
178, 14.41, 10.38, 10.33, 12.23, 0.000, 0.000, 0.000, 14:33:20.693
179, 13.29, 11.43, 8.39, 14.56, 0.000, 0.000, 0.000, 14:33:20.693
180, 12.22, 12.75, 6.19, 13.10, 0.000, 0.000, 0.000, 14:33:20.693
181, 15.64, 16.29, 10.97, 20.02, 0.000, 0.000, 0.000, 14:33:20.708
182, 8.32, 10.40, 4.74, 12.41, 0.000, 0.000, 0.000, 14:33:20.708
183, 12.00, 13.52, 6.77, 15.88, 0.000, 0.000, 0.000, 14:33:20.722
184, 13.22, 11.23, 6.20, 12.65, 0.000, 0.000, 0.000, 14:33:20.723
185, 10.45, 11.91, 10.61, 12.82, 0.000, 0.000, 0.000, 14:33:20.723
186, 11.72, 7.46, 7.97, 12.39, 0.000, 0.000, 0.000, 14:33:20.723
187, 15.28, 12.10, 5.27, 10.37, 0.000, 0.000, 0.000, 14:33:20.737
188, 12.90, 14.49, 10.55, 11.52, 0.000, 0.000, 0.000, 14:33:20.738
189, 11.79, 10.65, 12.45, 14.16, 0.000, 0.000, 0.000, 14:33:20.752
190, 8.21, 10.28, 7.58, 13.07, 0.000, 0.000, 0.000, 14:33:20.752
191, 9.25, 7.58, 8.17, 10.65, 0.000, 0.000, 0.000, 14:33:20.752
192, 13.50, 10.75, 10.90, 16.12, 0.000, 0.000, 0.000, 14:33:20.753
193, 14.60, 11.21, 8.01, 15.12, 0.000, 0.000, 0.000, 14:33:20.768
194, 12.68, 14.72, 8.16, 12.68, 0.000, 0.000, 0.000, 14:33:20.768
195, 10.03, 13.72, 6.53, 9.61, 0.000, 0.000, 0.000, 14:33:20.783
196, 11.04, 11.59, 10.37, 13.99, 0.000, 0.000, 0.000, 14:33:20.783
197, 15.94, 14.57, 11.97, 13.56, 0.000, 0.000, 0.000, 14:33:20.784
198, 13.73, 10.17, 7.32, 13.25, 0.000, 0.000, 0.000, 14:33:20.784
199, 6.49, 9.75, 4.52, 13.06, 0.000, 0.000, 0.000, 14:33:20.799
200, 9.45, 10.91, 11.51, 16.59, 0.000, 0.000, 0.000, 14:33:20.800
0, 12.74, 16.06, 10.28, 14.56, 0.000, 0.000, 0.000, 14:33:20.800
1, 10.61, 7.61, 4.63, 12.48, 0.000, 0.000, 0.000, 14:33:20.813
2, 9.31, 7.05, 6.76, 11.02, 0.000, 0.000, 0.000, 14:33:20.813
3, 12.47, 12.02, 7.56, 12.04, 0.000, 0.000, 0.000, 14:33:20.827
4, 16.12, 12.41, 10.90, 15.88, 0.000, 0.000, 0.000, 14:33:20.828
5, 10.15, 13.22, 6.69, 14.24, 0.000, 0.000, 0.000, 14:33:20.828
6, 10.71, 9.66, 4.07, 12.36, 0.000, 0.000, 0.000, 14:33:20.828
7, 10.12, 8.49, 7.38, 14.49, 0.000, 0.000, 0.000, 14:33:20.843
8, 14.36, 12.84, 12.99, 15.21, 0.000, 0.000, 0.000, 14:33:20.843
9, 11.17, 13.84, 8.05, 11.68, 0.000, 0.000, 0.000, 14:33:20.857
10, 13.63, 11.66, 8.70, 12.94, 0.000, 0.000, 0.000, 14:33:20.857
11, 9.36, 11.72, 9.72, 15.33, 0.000, 0.000, 0.000, 14:33:20.858
12, 14.68, 14.31, 12.79, 15.92, 0.000, 0.000, 0.000, 14:33:20.858
13, 12.64, 8.56, 5.06, 15.32, 0.000, 0.000, 0.000, 14:33:20.880
14, 12.60, 12.35, 9.14, 13.21, 0.000, 0.000, 0.000, 14:33:20.880
15, 10.67, 12.26, 10.72, 11.92, 0.000, 0.000, 0.000, 14:33:20.888
16, 9.88, 13.81, 8.50, 14.11, 0.000, 0.000, 0.000, 14:33:20.888
17, 13.73, 14.57, 10.63, 12.59, 0.000, 0.000, 0.000, 14:33:20.888
18, 10.25, 9.68, 8.84, 10.70, 0.000, 0.000, 0.000, 14:33:20.888
19, 14.46, 17.24, 8.69, 18.35, 0.000, 0.000, 0.000, 14:33:20.902
20, 14.40, 13.15, 10.65, 15.97, 0.000, 0.000, 0.000, 14:33:20.903
21, 13.54, 16.59, 4.75, 14.60, 0.000, 0.000, 0.000, 14:33:20.917
22, 16.25, 10.83, 4.36, 14.69, 0.000, 0.000, 0.000, 14:33:20.918
23, 11.17, 11.81, 6.92, 10.22, 0.000, 0.000, 0.000, 14:33:20.918
24, 10.37, 13.13, 10.02, 13.62, 0.000, 0.000, 0.000, 14:33:20.918
25, 7.57, 12.50, 7.55, 11.06, 0.000, 0.000, 0.000, 14:33:20.934
26, 10.30, 10.86, 7.08, 11.40, 0.000, 0.000, 0.000, 14:33:20.934
27, 13.43, 16.40, 9.38, 13.96, 0.000, 0.000, 0.000, 14:33:20.948
28, 12.31, 12.63, 7.92, 14.81, 0.000, 0.000, 0.000, 14:33:20.949
29, 12.48, 11.47, 12.50, 14.76, 0.000, 0.000, 0.000, 14:33:20.950
30, 12.04, 11.29, 7.03, 11.93, 0.000, 0.000, 0.000, 14:33:20.951
31, 10.44, 10.88, 6.07, 11.66, 0.000, 0.000, 0.000, 14:33:20.963
32, 11.81, 9.17, 10.15, 13.39, 0.000, 0.000, 0.000, 14:33:20.963
33, 13.96, 8.08, 5.97, 11.57, 0.000, 0.000, 0.000, 14:33:20.977
34, 9.98, 9.76, 7.28, 12.38, 0.000, 0.000, 0.000, 14:33:20.978
35, 13.78, 11.66, 6.68, 12.18, 0.000, 0.000, 0.000, 14:33:20.978
36, 13.42, 13.65, 14.12, 14.61, 0.000, 0.000, 0.000, 14:33:20.979
37, 9.87, 8.48, 10.57, 12.49, 0.000, 0.000, 0.000, 14:33:20.992
38, 6.45, 13.20, 4.93, 11.79, 0.000, 0.000, 0.000, 14:33:20.992
39, 14.95, 13.53, 8.99, 15.96, 0.000, 0.000, 0.000, 14:33:21.008
40, 13.15, 17.87, 10.88, 21.91, 0.000, 0.000, 0.000, 14:33:21.008
41, 12.43, 13.97, 11.17, 14.78, 0.000, 0.000, 0.000, 14:33:21.008
42, 13.88, 10.06, 3.44, 13.00, 0.000, 0.000, 0.000, 14:33:21.008
43, 9.06, 10.30, 5.69, 9.49, 0.000, 0.000, 0.000, 14:33:21.022
44, 15.98, 14.96, 6.26, 12.93, 0.000, 0.000, 0.000, 14:33:21.022
45, 13.30, 15.57, 7.20, 9.18, 0.000, 0.000, 0.000, 14:33:21.037
46, 13.35, 10.85, 6.60, 14.85, 0.000, 0.000, 0.000, 14:33:21.037
47, 11.34, 15.12, 6.92, 9.15, 0.000, 0.000, 0.000, 14:33:21.038
48, 10.31, 13.73, 9.88, 13.78, 0.000, 0.000, 0.000, 14:33:21.038
49, 13.76, 13.08, 14.69, 15.52, 0.000, 0.000, 0.000, 14:33:21.052
50, 11.42, 8.01, 6.30, 13.88, 0.000, 0.000, 0.000, 14:33:21.053
51, 12.94, 13.08, 9.65, 14.88, 0.000, 0.000, 0.000, 14:33:21.068
52, 15.57, 15.46, 13.29, 18.04, 0.000, 0.000, 0.000, 14:33:21.068
53, 13.66, 12.30, 12.28, 15.87, 0.000, 0.000, 0.000, 14:33:21.069
54, 12.23, 12.18, 6.91, 14.37, 0.000, 0.000, 0.000, 14:33:21.069
55, 10.75, 10.39, 6.33, 14.41, 0.000, 0.000, 0.000, 14:33:21.083
56, 12.09, 15.35, 10.12, 16.44, 0.000, 0.000, 0.000, 14:33:21.084
57, 9.63, 10.22, 6.37, 12.41, 0.000, 0.000, 0.000, 14:33:21.099
58, 16.05, 12.25, 9.41, 12.58, 0.000, 0.000, 0.000, 14:33:21.100
59, 12.40, 13.09, 8.66, 12.48, 0.000, 0.000, 0.000, 14:33:21.103
60, 11.27, 10.45, 7.71, 18.58, 0.000, 0.000, 0.000, 14:33:21.103
61, 8.80, 11.31, 6.36, 10.53, 0.000, 0.000, 0.000, 14:33:21.114
62, 10.86, 9.33, 2.76, 12.11, 0.000, 0.000, 0.000, 14:33:21.114
63, 8.91, 9.31, 5.57, 10.14, 0.000, 0.000, 0.000, 14:33:21.127
64, 12.62, 10.95, 10.91, 13.23, 0.000, 0.000, 0.000, 14:33:21.128
65, 14.65, 11.15, 3.91, 13.39, 0.000, 0.000, 0.000, 14:33:21.128
66, 11.01, 16.09, 8.88, 14.71, 0.000, 0.000, 0.000, 14:33:21.129
67, 11.01, 13.10, 9.50, 14.56, 0.000, 0.000, 0.000, 14:33:21.143
68, 10.02, 13.36, 12.43, 15.69, 0.000, 0.000, 0.000, 14:33:21.143
69, 12.71, 10.46, 12.32, 16.27, 0.000, 0.000, 0.000, 14:33:21.157
70, 8.32, 8.09, 8.45, 13.11, 0.000, 0.000, 0.000, 14:33:21.158
71, 14.21, 12.16, 6.00, 13.69, 0.000, 0.000, 0.000, 14:33:21.158
72, 12.95, 15.91, 8.95, 14.39, 0.000, 0.000, 0.000, 14:33:21.158
73, 12.69, 8.97, 8.53, 10.45, 0.000, 0.000, 0.000, 14:33:21.172
74, 9.07, 11.46, 5.71, 14.15, 0.000, 0.000, 0.000, 14:33:21.173
75, 13.87, 12.54, 8.41, 14.70, 0.000, 0.000, 0.000, 14:33:21.187
76, 11.38, 13.92, 8.69, 13.68, 0.000, 0.000, 0.000, 14:33:21.188
77, 17.50, 13.39, 9.07, 16.50, 0.000, 0.000, 0.000, 14:33:21.188
78, 9.23, 8.63, 6.10, 9.81, 0.000, 0.000, 0.000, 14:33:21.188
79, 9.34, 15.92, 7.52, 15.56, 0.000, 0.000, 0.000, 14:33:21.202
80, 14.08, 12.47, 10.79, 17.08, 0.000, 0.000, 0.000, 14:33:21.203
81, 15.86, 15.47, 10.77, 13.82, 0.000, 0.000, 0.000, 14:33:21.217
82, 10.01, 11.91, 6.37, 12.33, 0.000, 0.000, 0.000, 14:33:21.218
83, 13.76, 10.64, 7.36, 13.91, 0.000, 0.000, 0.000, 14:33:21.218
84, 13.26, 15.30, 12.65, 12.73, 0.000, 0.000, 0.000, 14:33:21.218
85, 15.81, 12.36, 6.85, 14.05, 0.000, 0.000, 0.000, 14:33:21.233
86, 14.73, 11.20, 11.16, 13.24, 0.000, 0.000, 0.000, 14:33:21.233
87, 10.30, 11.48, 12.81, 13.19, 0.000, 0.000, 0.000, 14:33:21.249
88, 13.48, 15.90, 11.60, 13.88, 0.000, 0.000, 0.000, 14:33:21.249
89, 12.67, 17.23, 7.23, 15.89, 0.000, 0.000, 0.000, 14:33:21.249
90, 13.28, 12.65, 10.61, 11.08, 0.000, 0.000, 0.000, 14:33:21.249
91, 14.47, 16.23, 3.83, 14.61, 0.000, 0.000, 0.000, 14:33:21.263
92, 13.42, 11.57, 13.99, 16.20, 0.000, 0.000, 0.000, 14:33:21.263
93, 14.03, 9.50, 8.89, 12.63, 0.000, 0.000, 0.000, 14:33:21.277
94, 12.75, 12.06, 12.97, 12.96, 0.000, 0.000, 0.000, 14:33:21.278
95, 14.22, 13.97, 8.91, 18.18, 0.000, 0.000, 0.000, 14:33:21.278
96, 16.12, 15.13, 7.92, 13.47, 0.000, 0.000, 0.000, 14:33:21.278
97, 12.98, 12.37, 7.76, 14.89, 0.000, 0.000, 0.000, 14:33:21.292
98, 9.78, 11.30, 8.84, 14.19, 0.000, 0.000, 0.000, 14:33:21.292
99, 9.27, 9.91, 7.28, 11.58, 0.000, 0.000, 0.000, 14:33:21.307
100, 13.82, 15.79, 11.96, 12.47, 0.000, 0.000, 0.000, 14:33:21.308
101, 10.11, 10.92, 5.85, 10.98, 0.000, 0.000, 0.000, 14:33:21.308
102, 11.21, 9.43, 4.35, 9.82, 0.000, 0.000, 0.000, 14:33:21.308
103, 11.99, 13.21, 10.51, 10.12, 0.000, 0.000, 0.000, 14:33:21.322
104, 13.77, 12.73, 8.38, 14.22, 0.000, 0.000, 0.000, 14:33:21.322
105, 11.63, 16.43, 9.41, 14.67, 0.000, 0.000, 0.000, 14:33:21.337
106, 8.44, 11.98, 10.65, 13.06, 0.000, 0.000, 0.000, 14:33:21.338
107, 10.13, 10.54, 7.90, 14.08, 0.000, 0.000, 0.000, 14:33:21.338
108, 12.28, 9.10, 12.50, 14.85, 0.000, 0.000, 0.000, 14:33:21.338
109, 10.19, 10.63, 7.96, 12.50, 0.000, 0.000, 0.000, 14:33:21.353
110, 11.49, 11.19, 9.82, 16.60, 0.000, 0.000, 0.000, 14:33:21.353
111, 10.92, 14.98, 12.00, 20.81, 0.000, 0.000, 0.000, 14:33:21.368
112, 13.58, 14.51, 10.37, 20.45, 0.000, 0.000, 0.000, 14:33:21.369
113, 12.92, 12.85, 9.96, 17.69, 0.000, 0.000, 0.000, 14:33:21.369
114, 11.10, 12.60, 7.28, 13.53, 0.000, 0.000, 0.000, 14:33:21.369
115, 16.29, 12.06, 9.83, 11.57, 0.000, 0.000, 0.000, 14:33:21.389
116, 16.78, 13.28, 8.07, 14.28, 0.000, 0.000, 0.000, 14:33:21.389
117, 13.82, 11.56, 7.74, 12.78, 0.000, 0.000, 0.000, 14:33:21.399
118, 11.51, 11.77, 8.30, 12.57, 0.000, 0.000, 0.000, 14:33:21.399
119, 10.30, 11.01, 6.19, 15.14, 0.000, 0.000, 0.000, 14:33:21.399
120, 13.42, 14.94, 8.35, 11.24, 0.000, 0.000, 0.000, 14:33:21.399
121, 9.32, 10.49, 10.18, 12.94, 0.000, 0.000, 0.000, 14:33:21.413
122, 11.14, 9.58, 7.50, 11.96, 0.000, 0.000, 0.000, 14:33:21.413
123, 11.06, 14.58, 5.24, 14.96, 0.000, 0.000, 0.000, 14:33:21.427
124, 11.29, 12.31, 9.81, 10.78, 0.000, 0.000, 0.000, 14:33:21.427
125, 11.59, 11.48, 7.33, 14.54, 0.000, 0.000, 0.000, 14:33:21.428
126, 9.18, 9.36, 7.80, 14.28, 0.000, 0.000, 0.000, 14:33:21.428
127, 13.59, 12.79, 6.25, 11.75, 0.000, 0.000, 0.000, 14:33:21.443
128, 15.09, 15.05, 10.27, 15.82, 0.000, 0.000, 0.000, 14:33:21.443
129, 13.06, 11.30, 11.79, 11.07, 0.000, 0.000, 0.000, 14:33:21.458
130, 12.98, 8.01, 8.62, 15.80, 0.000, 0.000, 0.000, 14:33:21.458
131, 10.01, 11.09, 3.61, 12.40, 0.000, 0.000, 0.000, 14:33:21.458
132, 10.72, 10.58, 8.58, 13.91, 0.000, 0.000, 0.000, 14:33:21.458
133, 12.49, 12.67, 5.76, 10.75, 0.000, 0.000, 0.000, 14:33:21.472
134, 10.50, 12.93, 8.79, 13.41, 0.000, 0.000, 0.000, 14:33:21.472
135, 11.69, 13.43, 9.68, 12.63, 0.000, 0.000, 0.000, 14:33:21.487
136, 15.33, 14.54, 12.17, 14.80, 0.000, 0.000, 0.000, 14:33:21.487
137, 13.74, 16.38, 10.01, 16.35, 0.000, 0.000, 0.000, 14:33:21.488
138, 10.85, 13.33, 4.36, 13.65, 0.000, 0.000, 0.000, 14:33:21.488
139, 13.25, 11.62, 8.96, 11.83, 0.000, 0.000, 0.000, 14:33:21.503
140, 10.22, 14.00, 5.30, 17.13, 0.000, 0.000, 0.000, 14:33:21.503
141, 12.59, 9.90, 6.12, 9.42, 0.000, 0.000, 0.000, 14:33:21.517
142, 10.81, 13.01, 9.39, 8.66, 0.000, 0.000, 0.000, 14:33:21.518
143, 11.17, 10.67, 1.06, 14.00, 0.000, 0.000, 0.000, 14:33:21.518
144, 11.00, 8.75, 7.58, 15.11, 0.000, 0.000, 0.000, 14:33:21.518
145, 11.18, 11.05, 6.87, 10.06, 0.000, 0.000, 0.000, 14:33:21.533
146, 10.96, 8.33, 6.47, 9.09, 0.000, 0.000, 0.000, 14:33:21.533
147, 14.10, 9.85, 9.33, 13.15, 0.000, 0.000, 0.000, 14:33:21.549
148, 14.58, 13.56, 9.45, 13.67, 0.000, 0.000, 0.000, 14:33:21.549
149, 12.22, 17.11, 9.60, 13.45, 0.000, 0.000, 0.000, 14:33:21.549
150, 8.06, 11.70, 8.93, 16.70, 0.000, 0.000, 0.000, 14:33:21.549
151, 13.55, 14.44, 9.86, 12.58, 0.000, 0.000, 0.000, 14:33:21.563
152, 13.15, 13.20, 9.11, 8.15, 0.000, 0.000, 0.000, 14:33:21.563
153, 14.82, 15.24, 12.04, 14.28, 0.000, 0.000, 0.000, 14:33:21.577
154, 9.67, 7.79, 10.08, 12.15, 0.000, 0.000, 0.000, 14:33:21.577
155, 12.72, 14.05, 9.62, 13.79, 0.000, 0.000, 0.000, 14:33:21.578
156, 12.98, 13.07, 10.98, 14.72, 0.000, 0.000, 0.000, 14:33:21.578
157, 11.08, 12.50, 9.48, 13.33, 0.000, 0.000, 0.000, 14:33:21.592
158, 14.23, 11.72, 7.71, 12.85, 0.000, 0.000, 0.000, 14:33:21.592
159, 12.57, 11.96, 7.61, 16.29, 0.000, 0.000, 0.000, 14:33:21.607
160, 11.76, 16.44, 9.22, 18.72, 0.000, 0.000, 0.000, 14:33:21.607
161, 14.93, 8.86, 7.28, 12.95, 0.000, 0.000, 0.000, 14:33:21.610
162, 14.21, 11.49, 5.45, 12.39, 0.000, 0.000, 0.000, 14:33:21.610
163, 15.10, 9.58, 10.17, 14.08, 0.000, 0.000, 0.000, 14:33:21.622
164, 17.31, 13.88, 12.23, 15.68, 0.000, 0.000, 0.000, 14:33:21.622
165, 13.04, 10.70, 9.15, 15.84, 0.000, 0.000, 0.000, 14:33:21.637
166, 10.00, 9.38, 3.42, 15.74, 0.000, 0.000, 0.000, 14:33:21.637
167, 11.75, 10.64, 4.74, 15.17, 0.000, 0.000, 0.000, 14:33:21.638
168, 9.73, 18.07, 13.43, 15.31, 0.000, 0.000, 0.000, 14:33:21.639
169, 9.89, 10.93, 10.95, 12.04, 0.000, 0.000, 0.000, 14:33:21.653
170, 8.17, 9.92, 6.90, 14.36, 0.000, 0.000, 0.000, 14:33:21.697
171, 7.75, 14.59, 8.71, 11.34, 0.000, 0.000, 0.000, 14:33:21.697
172, 15.46, 12.67, 8.12, 17.18, 0.000, 0.000, 0.000, 14:33:21.697
173, 11.02, 13.87, 6.42, 14.25, 0.000, 0.000, 0.000, 14:33:21.697
174, 10.24, 10.88, 8.73, 10.88, 0.000, 0.000, 0.000, 14:33:21.697
175, 14.56, 15.39, 14.73, 15.82, 0.000, 0.000, 0.000, 14:33:21.698
176, 12.24, 11.76, 13.46, 13.81, 0.000, 0.000, 0.000, 14:33:21.699
177, 12.84, 12.38, 8.35, 13.46, 0.000, 0.000, 0.000, 14:33:21.700
178, 8.59, 8.60, 0.88, 10.08, 0.000, 0.000, 0.000, 14:33:21.700
179, 9.71, 9.88, 5.06, 12.34, 0.000, 0.000, 0.000, 14:33:21.701
180, 12.41, 11.45, 12.54, 16.10, 0.000, 0.000, 0.000, 14:33:21.701
181, 12.50, 13.14, 5.89, 16.03, 0.000, 0.000, 0.000, 14:33:21.713
182, 14.86, 9.87, 10.50, 13.47, 0.000, 0.000, 0.000, 14:33:21.713
183, 10.29, 12.82, 7.98, 14.15, 0.000, 0.000, 0.000, 14:33:21.727
184, 12.16, 14.74, 6.93, 16.81, 0.000, 0.000, 0.000, 14:33:21.727
185, 10.95, 11.11, 8.29, 15.04, 0.000, 0.000, 0.000, 14:33:21.728
186, 16.55, 12.41, 10.03, 15.18, 0.000, 0.000, 0.000, 14:33:21.728
187, 15.91, 14.54, 11.80, 18.68, 0.000, 0.000, 0.000, 14:33:21.743
188, 12.74, 12.53, 8.54, 13.03, 0.000, 0.000, 0.000, 14:33:21.743
189, 12.74, 9.07, 3.89, 14.09, 0.000, 0.000, 0.000, 14:33:21.757
190, 12.19, 11.72, 5.65, 14.82, 0.000, 0.000, 0.000, 14:33:21.757
191, 14.88, 14.75, 5.51, 12.36, 0.000, 0.000, 0.000, 14:33:21.758
192, 11.75, 14.41, 10.42, 13.61, 0.000, 0.000, 0.000, 14:33:21.758
193, 11.83, 12.85, 9.25, 16.71, 0.000, 0.000, 0.000, 14:33:21.772
194, 9.70, 13.61, 9.15, 11.28, 0.000, 0.000, 0.000, 14:33:21.772
195, 12.19, 12.16, 7.01, 9.98, 0.000, 0.000, 0.000, 14:33:21.787
196, 16.48, 14.42, 12.46, 15.94, 0.000, 0.000, 0.000, 14:33:21.787
197, 13.59, 14.94, 7.84, 14.42, 0.000, 0.000, 0.000, 14:33:21.788
198, 6.26, 9.07, 11.52, 13.20, 0.000, 0.000, 0.000, 14:33:21.788
199, 13.18, 10.23, 10.94, 13.19, 0.000, 0.000, 0.000, 14:33:21.803
200, 15.57, 11.46, 12.66, 14.30, 0.000, 0.000, 0.000, 14:33:21.804
0, 14.28, 10.44, 7.00, 15.94, 0.000, 0.000, 0.000, 14:33:21.804
1, 11.91, 11.42, 8.70, 9.65, 0.000, 0.000, 0.000, 14:33:21.818
2, 12.34, 10.63, 8.52, 12.30, 0.000, 0.000, 0.000, 14:33:21.818
3, 13.37, 12.89, 7.56, 15.72, 0.000, 0.000, 0.000, 14:33:21.834
4, 10.26, 12.85, 3.43, 12.79, 0.000, 0.000, 0.000, 14:33:21.834
5, 13.48, 11.15, 9.66, 12.35, 0.000, 0.000, 0.000, 14:33:21.835
6, 11.80, 13.13, 12.31, 14.90, 0.000, 0.000, 0.000, 14:33:21.835
7, 11.07, 11.61, 9.62, 13.65, 0.000, 0.000, 0.000, 14:33:21.850
8, 13.21, 9.51, 9.25, 14.80, 0.000, 0.000, 0.000, 14:33:21.850
9, 10.98, 9.14, 8.67, 8.15, 0.000, 0.000, 0.000, 14:33:21.863
10, 13.76, 11.17, 5.47, 13.23, 0.000, 0.000, 0.000, 14:33:21.864
11, 14.33, 16.18, 10.76, 14.97, 0.000, 0.000, 0.000, 14:33:21.870
12, 11.33, 14.65, 3.87, 16.96, 0.000, 0.000, 0.000, 14:33:21.870
13, 12.95, 9.07, 7.52, 11.52, 0.000, 0.000, 0.000, 14:33:21.885
14, 13.44, 14.28, 6.33, 13.06, 0.000, 0.000, 0.000, 14:33:21.885
15, 10.06, 13.17, 6.11, 14.19, 0.000, 0.000, 0.000, 14:33:21.892
16, 12.96, 11.58, 7.31, 8.79, 0.000, 0.000, 0.000, 14:33:21.892
17, 9.28, 12.06, 5.02, 13.05, 0.000, 0.000, 0.000, 14:33:21.893
18, 7.96, 11.77, 9.36, 9.92, 0.000, 0.000, 0.000, 14:33:21.893
19, 13.29, 11.65, 11.32, 13.94, 0.000, 0.000, 0.000, 14:33:21.907
20, 13.02, 8.41, 6.98, 13.50, 0.000, 0.000, 0.000, 14:33:21.908
21, 14.34, 13.54, 9.67, 15.04, 0.000, 0.000, 0.000, 14:33:21.922
22, 9.28, 8.68, 6.90, 11.42, 0.000, 0.000, 0.000, 14:33:21.922
23, 13.56, 16.61, 9.86, 10.65, 0.000, 0.000, 0.000, 14:33:21.923
24, 11.20, 14.08, 9.06, 13.39, 0.000, 0.000, 0.000, 14:33:21.923
25, 14.61, 14.41, 10.28, 17.11, 0.000, 0.000, 0.000, 14:33:21.937
26, 10.97, 14.83, 7.11, 10.67, 0.000, 0.000, 0.000, 14:33:21.937
27, 13.40, 14.74, 8.53, 15.60, 0.000, 0.000, 0.000, 14:33:21.952
28, 11.67, 9.91, 9.95, 12.26, 0.000, 0.000, 0.000, 14:33:21.952
29, 11.50, 11.48, 10.27, 13.51, 0.000, 0.000, 0.000, 14:33:21.953
30, 14.29, 14.04, 11.30, 14.95, 0.000, 0.000, 0.000, 14:33:21.953
31, 10.75, 11.81, 9.08, 17.83, 0.000, 0.000, 0.000, 14:33:21.968
32, 12.02, 16.81, 7.77, 15.02, 0.000, 0.000, 0.000, 14:33:21.969
33, 13.38, 11.28, 6.89, 12.06, 0.000, 0.000, 0.000, 14:33:21.983
34, 10.63, 9.89, 6.96, 13.62, 0.000, 0.000, 0.000, 14:33:21.983
35, 12.48, 10.92, 8.58, 15.00, 0.000, 0.000, 0.000, 14:33:21.984
36, 10.66, 8.77, 9.26, 10.74, 0.000, 0.000, 0.000, 14:33:21.984
37, 8.94, 15.37, 6.12, 9.08, 0.000, 0.000, 0.000, 14:33:21.999
38, 12.93, 15.04, 7.20, 15.44, 0.000, 0.000, 0.000, 14:33:22.000
39, 15.16, 15.00, 4.85, 16.79, 0.000, 0.000, 0.000, 14:33:22.013
40, 11.91, 14.43, 10.35, 14.52, 0.000, 0.000, 0.000, 14:33:22.013
41, 11.44, 8.61, 6.89, 16.36, 0.000, 0.000, 0.000, 14:33:22.015
42, 12.24, 11.20, 8.02, 12.90, 0.000, 0.000, 0.000, 14:33:22.015
43, 14.10, 6.35, 9.24, 12.69, 0.000, 0.000, 0.000, 14:33:22.027
44, 15.36, 14.26, 10.95, 17.95, 0.000, 0.000, 0.000, 14:33:22.027
45, 15.63, 11.81, 9.42, 13.77, 0.000, 0.000, 0.000, 14:33:22.042
46, 14.05, 11.49, 6.28, 12.16, 0.000, 0.000, 0.000, 14:33:22.042
47, 12.68, 14.29, 9.57, 12.78, 0.000, 0.000, 0.000, 14:33:22.042
48, 11.58, 11.57, 10.81, 13.82, 0.000, 0.000, 0.000, 14:33:22.043
49, 9.89, 7.92, 5.56, 11.37, 0.000, 0.000, 0.000, 14:33:22.057
50, 14.90, 11.39, 8.25, 11.10, 0.000, 0.000, 0.000, 14:33:22.057
51, 15.00, 9.98, 9.23, 15.04, 0.000, 0.000, 0.000, 14:33:22.072
52, 13.36, 12.64, 10.01, 12.63, 0.000, 0.000, 0.000, 14:33:22.072
53, 11.05, 10.68, 8.17, 11.20, 0.000, 0.000, 0.000, 14:33:22.072
54, 11.60, 12.96, 7.72, 11.70, 0.000, 0.000, 0.000, 14:33:22.072
55, 11.04, 9.39, 7.80, 14.14, 0.000, 0.000, 0.000, 14:33:22.087
56, 10.11, 12.82, 5.20, 13.62, 0.000, 0.000, 0.000, 14:33:22.088
57, 9.42, 13.85, 7.49, 14.58, 0.000, 0.000, 0.000, 14:33:22.102
58, 13.13, 13.10, 11.30, 14.85, 0.000, 0.000, 0.000, 14:33:22.102
59, 13.78, 13.80, 8.60, 10.39, 0.000, 0.000, 0.000, 14:33:22.103
60, 11.69, 12.54, 10.76, 15.92, 0.000, 0.000, 0.000, 14:33:22.103
61, 11.67, 11.04, 5.64, 14.15, 0.000, 0.000, 0.000, 14:33:22.119
62, 8.03, 13.64, 8.63, 10.36, 0.000, 0.000, 0.000, 14:33:22.119
63, 14.17, 12.92, 8.55, 16.86, 0.000, 0.000, 0.000, 14:33:22.135
64, 13.42, 13.22, 8.89, 15.82, 0.000, 0.000, 0.000, 14:33:22.135
65, 9.82, 15.27, 9.54, 9.71, 0.000, 0.000, 0.000, 14:33:22.136
66, 10.80, 13.51, 6.08, 16.26, 0.000, 0.000, 0.000, 14:33:22.136
67, 16.05, 15.96, 12.65, 13.37, 0.000, 0.000, 0.000, 14:33:22.154
68, 9.22, 12.32, 10.94, 16.12, 0.000, 0.000, 0.000, 14:33:22.154
69, 10.76, 11.63, 11.58, 14.19, 0.000, 0.000, 0.000, 14:33:22.163
70, 10.37, 12.53, 8.35, 14.22, 0.000, 0.000, 0.000, 14:33:22.163
71, 11.48, 13.03, 5.25, 17.29, 0.000, 0.000, 0.000, 14:33:22.164
72, 12.66, 10.91, 9.99, 15.70, 0.000, 0.000, 0.000, 14:33:22.164
73, 10.07, 11.21, 7.14, 10.31, 0.000, 0.000, 0.000, 14:33:22.177
74, 10.95, 11.08, 5.55, 8.86, 0.000, 0.000, 0.000, 14:33:22.178
75, 15.59, 13.40, 5.33, 11.54, 0.000, 0.000, 0.000, 14:33:22.192
76, 11.96, 6.99, 8.85, 14.92, 0.000, 0.000, 0.000, 14:33:22.192
77, 12.81, 7.63, 8.52, 12.71, 0.000, 0.000, 0.000, 14:33:22.193
78, 10.95, 6.77, 7.70, 11.47, 0.000, 0.000, 0.000, 14:33:22.193
79, 14.43, 13.42, 11.33, 11.23, 0.000, 0.000, 0.000, 14:33:22.207
80, 12.34, 6.86, 7.45, 12.33, 0.000, 0.000, 0.000, 14:33:22.207
81, 12.05, 9.03, 3.80, 10.62, 0.000, 0.000, 0.000, 14:33:22.222
82, 12.80, 13.04, 13.98, 13.61, 0.000, 0.000, 0.000, 14:33:22.222
83, 14.17, 14.39, 11.82, 16.03, 0.000, 0.000, 0.000, 14:33:22.223
84, 10.41, 14.77, 10.35, 14.68, 0.000, 0.000, 0.000, 14:33:22.223
85, 13.30, 13.81, 9.07, 15.47, 0.000, 0.000, 0.000, 14:33:22.237
86, 7.83, 12.12, 4.46, 11.02, 0.000, 0.000, 0.000, 14:33:22.237
87, 10.69, 17.31, 12.09, 18.44, 0.000, 0.000, 0.000, 14:33:22.252
88, 13.29, 12.00, 6.46, 11.46, 0.000, 0.000, 0.000, 14:33:22.252
89, 13.50, 14.30, 10.14, 17.28, 0.000, 0.000, 0.000, 14:33:22.252
90, 14.24, 14.39, 11.40, 15.52, 0.000, 0.000, 0.000, 14:33:22.253
91, 14.35, 11.82, 11.08, 13.13, 0.000, 0.000, 0.000, 14:33:22.268
92, 8.09, 12.97, 8.57, 14.73, 0.000, 0.000, 0.000, 14:33:22.268
93, 9.13, 10.23, 5.31, 11.63, 0.000, 0.000, 0.000, 14:33:22.283
94, 12.27, 10.73, 8.90, 13.56, 0.000, 0.000, 0.000, 14:33:22.283
95, 10.41, 14.14, 9.71, 15.18, 0.000, 0.000, 0.000, 14:33:22.284
96, 15.18, 13.33, 10.67, 15.74, 0.000, 0.000, 0.000, 14:33:22.284
97, 13.32, 12.40, 6.09, 10.83, 0.000, 0.000, 0.000, 14:33:22.299
98, 14.67, 12.39, 11.74, 16.87, 0.000, 0.000, 0.000, 14:33:22.300
99, 14.91, 11.89, 9.97, 15.46, 0.000, 0.000, 0.000, 14:33:22.313
100, 10.44, 10.95, 4.89, 8.55, 0.000, 0.000, 0.000, 14:33:22.313
101, 9.36, 12.71, 5.60, 12.59, 0.000, 0.000, 0.000, 14:33:22.313
102, 6.29, 12.02, 7.85, 11.94, 0.000, 0.000, 0.000, 14:33:22.314
103, 13.01, 11.63, 7.34, 14.63, 0.000, 0.000, 0.000, 14:33:22.327
104, 10.68, 12.42, 5.58, 14.05, 0.000, 0.000, 0.000, 14:33:22.327
105, 11.50, 9.73, 5.74, 8.16, 0.000, 0.000, 0.000, 14:33:22.342
106, 6.31, 9.60, 7.98, 15.08, 0.000, 0.000, 0.000, 14:33:22.342
107, 12.88, 13.91, 10.27, 16.58, 0.000, 0.000, 0.000, 14:33:22.343
108, 14.58, 12.09, 7.86, 11.18, 0.000, 0.000, 0.000, 14:33:22.343
109, 12.55, 13.93, 9.43, 11.55, 0.000, 0.000, 0.000, 14:33:22.358
110, 12.44, 9.30, 6.02, 14.81, 0.000, 0.000, 0.000, 14:33:22.358
111, 12.39, 15.42, 13.44, 15.67, 0.000, 0.000, 0.000, 14:33:22.374
112, 12.73, 14.51, 8.27, 18.59, 0.000, 0.000, 0.000, 14:33:22.374
113, 13.20, 14.01, 6.14, 11.75, 0.000, 0.000, 0.000, 14:33:22.374
114, 15.46, 17.17, 11.32, 19.26, 0.000, 0.000, 0.000, 14:33:22.374
115, 13.74, 13.66, 10.93, 13.62, 0.000, 0.000, 0.000, 14:33:22.387
116, 15.35, 11.49, 12.42, 16.77, 0.000, 0.000, 0.000, 14:33:22.388
117, 13.43, 13.98, 8.48, 11.12, 0.000, 0.000, 0.000, 14:33:22.403
118, 14.55, 11.84, 10.08, 14.11, 0.000, 0.000, 0.000, 14:33:22.403
119, 14.63, 15.85, 6.33, 11.89, 0.000, 0.000, 0.000, 14:33:22.403
120, 13.34, 14.36, 7.84, 15.96, 0.000, 0.000, 0.000, 14:33:22.403
121, 10.69, 10.61, 7.13, 16.64, 0.000, 0.000, 0.000, 14:33:22.419
122, 12.08, 11.18, 10.52, 14.53, 0.000, 0.000, 0.000, 14:33:22.419
123, 12.04, 12.01, 8.55, 13.30, 0.000, 0.000, 0.000, 14:33:22.435
124, 10.39, 13.99, 8.63, 14.93, 0.000, 0.000, 0.000, 14:33:22.435
125, 13.54, 14.23, 9.97, 11.56, 0.000, 0.000, 0.000, 14:33:22.435
126, 12.84, 11.99, 5.10, 14.68, 0.000, 0.000, 0.000, 14:33:22.435
127, 9.12, 9.16, 8.42, 11.36, 0.000, 0.000, 0.000, 14:33:22.447
128, 12.84, 13.01, 6.76, 14.11, 0.000, 0.000, 0.000, 14:33:22.447
129, 12.78, 9.00, 9.22, 14.70, 0.000, 0.000, 0.000, 14:33:22.463
130, 12.72, 11.37, 4.75, 14.14, 0.000, 0.000, 0.000, 14:33:22.463
131, 15.26, 9.48, 8.19, 13.41, 0.000, 0.000, 0.000, 14:33:22.463
132, 10.13, 14.69, 6.78, 11.09, 0.000, 0.000, 0.000, 14:33:22.464
133, 13.13, 7.97, 9.41, 11.67, 0.000, 0.000, 0.000, 14:33:22.477
134, 13.65, 11.37, 7.90, 10.98, 0.000, 0.000, 0.000, 14:33:22.477
135, 10.19, 11.17, 7.34, 13.12, 0.000, 0.000, 0.000, 14:33:22.492
136, 7.23, 9.10, 5.13, 16.53, 0.000, 0.000, 0.000, 14:33:22.492
137, 12.83, 13.05, 9.18, 8.93, 0.000, 0.000, 0.000, 14:33:22.492
138, 14.79, 14.86, 15.51, 15.71, 0.000, 0.000, 0.000, 14:33:22.493
139, 13.28, 14.01, 9.46, 14.24, 0.000, 0.000, 0.000, 14:33:22.507
140, 12.34, 16.73, 10.04, 12.61, 0.000, 0.000, 0.000, 14:33:22.507
141, 10.83, 10.53, 6.02, 9.02, 0.000, 0.000, 0.000, 14:33:22.522
142, 16.43, 13.37, 8.06, 16.14, 0.000, 0.000, 0.000, 14:33:22.522
143, 9.60, 14.72, 6.54, 14.15, 0.000, 0.000, 0.000, 14:33:22.523
144, 8.93, 9.66, 12.38, 16.83, 0.000, 0.000, 0.000, 14:33:22.523
145, 13.00, 12.87, 10.90, 17.58, 0.000, 0.000, 0.000, 14:33:22.537
146, 10.99, 13.96, 11.04, 15.95, 0.000, 0.000, 0.000, 14:33:22.538
147, 12.99, 11.24, 9.93, 15.74, 0.000, 0.000, 0.000, 14:33:22.553
148, 10.37, 8.22, 6.47, 12.80, 0.000, 0.000, 0.000, 14:33:22.553
149, 14.86, 12.73, 5.48, 15.30, 0.000, 0.000, 0.000, 14:33:22.553
150, 13.95, 9.36, 10.31, 13.38, 0.000, 0.000, 0.000, 14:33:22.553
151, 11.61, 13.10, 10.32, 14.06, 0.000, 0.000, 0.000, 14:33:22.569
152, 13.28, 10.59, 9.99, 15.72, 0.000, 0.000, 0.000, 14:33:22.569
153, 14.97, 15.18, 9.52, 12.94, 0.000, 0.000, 0.000, 14:33:22.584
154, 13.35, 13.27, 7.17, 11.52, 0.000, 0.000, 0.000, 14:33:22.584
155, 11.40, 11.17, 5.18, 11.66, 0.000, 0.000, 0.000, 14:33:22.584
156, 11.61, 8.98, 5.67, 11.79, 0.000, 0.000, 0.000, 14:33:22.585
157, 11.09, 6.94, 6.71, 11.88, 0.000, 0.000, 0.000, 14:33:22.597
158, 14.16, 17.27, 14.35, 15.05, 0.000, 0.000, 0.000, 14:33:22.597
159, 11.80, 17.32, 8.76, 14.91, 0.000, 0.000, 0.000, 14:33:22.613
160, 11.85, 14.21, 3.49, 12.37, 0.000, 0.000, 0.000, 14:33:22.613
161, 8.68, 9.73, 6.02, 9.57, 0.000, 0.000, 0.000, 14:33:22.613
162, 10.46, 12.06, 6.64, 11.84, 0.000, 0.000, 0.000, 14:33:22.613
163, 15.77, 13.63, 12.62, 14.26, 0.000, 0.000, 0.000, 14:33:22.627
164, 9.30, 14.53, 8.15, 17.73, 0.000, 0.000, 0.000, 14:33:22.627
165, 12.81, 11.29, 11.90, 15.47, 0.000, 0.000, 0.000, 14:33:22.642
166, 13.86, 13.24, 10.19, 13.38, 0.000, 0.000, 0.000, 14:33:22.642
167, 14.57, 12.26, 11.70, 14.19, 0.000, 0.000, 0.000, 14:33:22.643
168, 9.26, 8.95, 6.42, 10.85, 0.000, 0.000, 0.000, 14:33:22.643
169, 9.26, 9.00, 9.85, 8.75, 0.000, 0.000, 0.000, 14:33:22.664
170, 10.94, 9.42, 8.20, 14.39, 0.000, 0.000, 0.000, 14:33:22.664
171, 7.50, 10.31, 6.93, 12.43, 0.000, 0.000, 0.000, 14:33:22.672
172, 8.01, 12.31, 6.23, 7.77, 0.000, 0.000, 0.000, 14:33:22.673
173, 11.51, 12.06, 6.83, 12.39, 0.000, 0.000, 0.000, 14:33:22.673
174, 13.64, 12.07, 9.82, 16.87, 0.000, 0.000, 0.000, 14:33:22.673
175, 13.91, 9.98, 5.72, 14.36, 0.000, 0.000, 0.000, 14:33:22.687
176, 14.32, 11.40, 9.00, 18.02, 0.000, 0.000, 0.000, 14:33:22.687
177, 16.04, 14.19, 11.02, 16.13, 0.000, 0.000, 0.000, 14:33:22.703
178, 9.70, 11.78, 11.59, 15.10, 0.000, 0.000, 0.000, 14:33:22.703
179, 12.59, 15.69, 9.17, 12.50, 0.000, 0.000, 0.000, 14:33:22.703
180, 11.32, 10.52, 7.78, 10.81, 0.000, 0.000, 0.000, 14:33:22.703
181, 11.90, 11.11, 5.25, 13.43, 0.000, 0.000, 0.000, 14:33:22.717
182, 11.67, 15.41, 7.61, 16.81, 0.000, 0.000, 0.000, 14:33:22.717
183, 11.63, 11.35, 7.78, 15.42, 0.000, 0.000, 0.000, 14:33:22.733
184, 11.96, 11.36, 7.91, 11.38, 0.000, 0.000, 0.000, 14:33:22.733
185, 11.68, 11.10, 7.22, 11.11, 0.000, 0.000, 0.000, 14:33:22.734
186, 12.32, 12.49, 5.13, 11.34, 0.000, 0.000, 0.000, 14:33:22.734
187, 13.18, 15.85, 12.50, 16.57, 0.000, 0.000, 0.000, 14:33:22.749
188, 12.40, 13.88, 8.86, 15.45, 0.000, 0.000, 0.000, 14:33:22.749
189, 13.89, 10.96, 5.75, 10.97, 0.000, 0.000, 0.000, 14:33:22.763
190, 10.43, 9.50, 5.34, 16.29, 0.000, 0.000, 0.000, 14:33:22.763
191, 12.74, 17.10, 11.06, 16.98, 0.000, 0.000, 0.000, 14:33:22.763
192, 11.86, 12.55, 10.94, 18.40, 0.000, 0.000, 0.000, 14:33:22.763
193, 17.30, 16.52, 8.01, 15.80, 0.000, 0.000, 0.000, 14:33:22.777
194, 13.20, 16.14, 9.26, 14.65, 0.000, 0.000, 0.000, 14:33:22.777
195, 13.90, 15.49, 13.08, 18.49, 0.000, 0.000, 0.000, 14:33:22.792
196, 11.69, 12.44, 7.39, 15.36, 0.000, 0.000, 0.000, 14:33:22.792
197, 11.95, 11.39, 10.08, 11.97, 0.000, 0.000, 0.000, 14:33:22.793
198, 10.43, 8.67, 5.02, 13.94, 0.000, 0.000, 0.000, 14:33:22.793
199, 14.57, 14.14, 8.58, 12.07, 0.000, 0.000, 0.000, 14:33:22.807
200, 12.11, 13.13, 8.30, 11.01, 0.000, 0.000, 0.000, 14:33:22.807
0, 9.60, 11.00, 7.14, 11.85, 0.000, 0.000, 0.000, 14:33:22.808
1, 14.23, 10.24, 11.83, 12.15, 0.000, 0.000, 0.000, 14:33:22.822
2, 11.04, 11.60, 11.96, 11.16, 0.000, 0.000, 0.000, 14:33:22.823
3, 12.93, 12.77, 12.92, 14.91, 0.000, 0.000, 0.000, 14:33:22.837
4, 13.86, 12.99, 5.48, 10.55, 0.000, 0.000, 0.000, 14:33:22.838
5, 10.52, 14.78, 11.37, 14.48, 0.000, 0.000, 0.000, 14:33:22.838
6, 15.65, 12.57, 8.75, 16.86, 0.000, 0.000, 0.000, 14:33:22.838
7, 12.80, 8.58, 6.89, 15.96, 0.000, 0.000, 0.000, 14:33:22.852
8, 8.45, 11.63, 7.39, 11.51, 0.000, 0.000, 0.000, 14:33:22.852
9, 11.19, 9.44, 8.36, 12.51, 0.000, 0.000, 0.000, 14:33:22.867
10, 10.99, 13.53, 8.83, 17.10, 0.000, 0.000, 0.000, 14:33:22.868
11, 9.62, 12.01, 6.69, 8.82, 0.000, 0.000, 0.000, 14:33:22.868
12, 11.32, 10.55, 2.26, 10.80, 0.000, 0.000, 0.000, 14:33:22.868
13, 15.02, 13.11, 10.02, 15.81, 0.000, 0.000, 0.000, 14:33:22.882
14, 12.44, 15.45, 7.92, 15.50, 0.000, 0.000, 0.000, 14:33:22.882
15, 14.32, 12.96, 7.12, 9.33, 0.000, 0.000, 0.000, 14:33:22.900
16, 11.19, 10.05, 5.94, 15.80, 0.000, 0.000, 0.000, 14:33:22.900
17, 12.17, 12.50, 8.29, 12.56, 0.000, 0.000, 0.000, 14:33:22.900
18, 8.47, 13.92, 8.97, 17.24, 0.000, 0.000, 0.000, 14:33:22.900
19, 12.94, 12.60, 6.75, 12.91, 0.000, 0.000, 0.000, 14:33:22.913
20, 11.53, 7.44, 10.64, 12.67, 0.000, 0.000, 0.000, 14:33:22.913
21, 11.27, 11.27, 7.27, 13.09, 0.000, 0.000, 0.000, 14:33:22.927
22, 12.69, 15.23, 6.92, 13.31, 0.000, 0.000, 0.000, 14:33:22.927
23, 12.70, 11.93, 8.20, 12.75, 0.000, 0.000, 0.000, 14:33:22.928
24, 11.62, 8.45, 9.99, 10.68, 0.000, 0.000, 0.000, 14:33:22.928
25, 11.74, 8.91, 10.93, 14.33, 0.000, 0.000, 0.000, 14:33:22.942
26, 11.69, 10.34, 9.62, 13.71, 0.000, 0.000, 0.000, 14:33:22.942
27, 10.95, 9.48, 3.36, 14.51, 0.000, 0.000, 0.000, 14:33:22.957
28, 11.43, 10.83, 3.70, 9.44, 0.000, 0.000, 0.000, 14:33:22.957
29, 12.66, 14.66, 6.70, 13.94, 0.000, 0.000, 0.000, 14:33:22.958
30, 11.69, 8.70, 6.34, 10.00, 0.000, 0.000, 0.000, 14:33:22.958
31, 7.41, 11.99, 6.51, 9.59, 0.000, 0.000, 0.000, 14:33:22.973
32, 9.81, 14.03, 8.69, 13.24, 0.000, 0.000, 0.000, 14:33:22.973
33, 14.32, 14.11, 7.84, 16.22, 0.000, 0.000, 0.000, 14:33:22.987
34, 16.84, 14.11, 13.50, 16.63, 0.000, 0.000, 0.000, 14:33:22.987
35, 12.93, 16.35, 9.54, 16.41, 0.000, 0.000, 0.000, 14:33:22.988
36, 13.98, 10.25, 6.38, 12.96, 0.000, 0.000, 0.000, 14:33:22.988
37, 12.45, 13.83, 12.47, 16.81, 0.000, 0.000, 0.000, 14:33:23.003
38, 11.84, 12.53, 10.49, 13.62, 0.000, 0.000, 0.000, 14:33:23.003
39, 12.01, 11.93, 9.94, 12.05, 0.000, 0.000, 0.000, 14:33:23.017
40, 11.80, 11.74, 8.46, 13.24, 0.000, 0.000, 0.000, 14:33:23.018
41, 12.96, 13.23, 10.14, 13.15, 0.000, 0.000, 0.000, 14:33:23.018
42, 11.87, 10.83, 6.08, 12.78, 0.000, 0.000, 0.000, 14:33:23.018
43, 11.22, 11.38, 7.31, 13.46, 0.000, 0.000, 0.000, 14:33:23.039
44, 14.11, 12.70, 8.49, 13.47, 0.000, 0.000, 0.000, 14:33:23.039
45, 11.17, 10.06, 8.94, 14.24, 0.000, 0.000, 0.000, 14:33:23.048
46, 14.25, 14.33, 12.29, 18.02, 0.000, 0.000, 0.000, 14:33:23.050
47, 11.45, 11.62, 8.40, 12.40, 0.000, 0.000, 0.000, 14:33:23.050
48, 12.63, 13.08, 7.51, 10.00, 0.000, 0.000, 0.000, 14:33:23.050
49, 11.39, 12.37, 9.43, 15.45, 0.000, 0.000, 0.000, 14:33:23.063
50, 10.74, 10.77, 12.65, 16.18, 0.000, 0.000, 0.000, 14:33:23.063
51, 11.36, 13.79, 5.88, 16.89, 0.000, 0.000, 0.000, 14:33:23.077
52, 13.07, 13.37, 10.75, 9.92, 0.000, 0.000, 0.000, 14:33:23.077
53, 11.77, 9.17, 7.12, 15.47, 0.000, 0.000, 0.000, 14:33:23.078
54, 16.37, 12.51, 9.54, 12.84, 0.000, 0.000, 0.000, 14:33:23.078
55, 13.51, 14.72, 8.65, 10.22, 0.000, 0.000, 0.000, 14:33:23.092
56, 11.67, 11.68, 7.40, 14.38, 0.000, 0.000, 0.000, 14:33:23.093
57, 10.61, 11.26, 7.94, 15.66, 0.000, 0.000, 0.000, 14:33:23.107
58, 13.51, 12.37, 7.48, 12.86, 0.000, 0.000, 0.000, 14:33:23.108
59, 13.81, 12.29, 7.31, 17.91, 0.000, 0.000, 0.000, 14:33:23.108
60, 10.93, 9.43, 6.19, 12.90, 0.000, 0.000, 0.000, 14:33:23.108
61, 11.67, 12.13, 8.83, 11.80, 0.000, 0.000, 0.000, 14:33:23.122
62, 16.49, 12.46, 10.14, 15.77, 0.000, 0.000, 0.000, 14:33:23.122
63, 12.60, 10.61, 11.50, 14.00, 0.000, 0.000, 0.000, 14:33:23.137
64, 11.90, 14.01, 8.53, 13.93, 0.000, 0.000, 0.000, 14:33:23.137
65, 13.10, 10.20, 10.13, 11.97, 0.000, 0.000, 0.000, 14:33:23.138
66, 11.92, 14.52, 8.11, 12.65, 0.000, 0.000, 0.000, 14:33:23.138
67, 11.56, 9.21, 6.52, 15.52, 0.000, 0.000, 0.000, 14:33:23.153
68, 10.69, 12.91, 8.37, 12.97, 0.000, 0.000, 0.000, 14:33:23.153
69, 13.07, 16.63, 8.67, 11.72, 0.000, 0.000, 0.000, 14:33:23.167
70, 11.63, 13.76, 8.53, 9.50, 0.000, 0.000, 0.000, 14:33:23.168
71, 14.47, 11.42, 9.46, 14.56, 0.000, 0.000, 0.000, 14:33:23.168
72, 11.93, 9.87, 9.95, 19.96, 0.000, 0.000, 0.000, 14:33:23.168
73, 12.33, 12.47, 5.77, 16.55, 0.000, 0.000, 0.000, 14:33:23.184
74, 12.58, 11.21, 10.63, 15.14, 0.000, 0.000, 0.000, 14:33:23.185
75, 9.84, 14.83, 9.69, 15.10, 0.000, 0.000, 0.000, 14:33:23.203
76, 8.20, 10.07, 5.42, 12.10, 0.000, 0.000, 0.000, 14:33:23.203
77, 10.93, 11.34, 5.15, 12.96, 0.000, 0.000, 0.000, 14:33:23.204
78, 13.94, 15.77, 11.54, 14.61, 0.000, 0.000, 0.000, 14:33:23.204
79, 10.70, 11.66, 8.69, 9.28, 0.000, 0.000, 0.000, 14:33:23.216
80, 7.78, 11.72, 5.25, 12.92, 0.000, 0.000, 0.000, 14:33:23.216
81, 10.79, 11.00, 7.83, 13.70, 0.000, 0.000, 0.000, 14:33:23.227
82, 9.76, 14.16, 8.13, 14.08, 0.000, 0.000, 0.000, 14:33:23.227
83, 16.09, 11.27, 13.87, 11.01, 0.000, 0.000, 0.000, 14:33:23.228
84, 12.66, 10.21, 9.78, 11.80, 0.000, 0.000, 0.000, 14:33:23.228
85, 16.90, 15.14, 12.23, 12.53, 0.000, 0.000, 0.000, 14:33:23.242
86, 15.02, 14.23, 11.31, 15.43, 0.000, 0.000, 0.000, 14:33:23.243
87, 12.08, 14.62, 11.03, 13.69, 0.000, 0.000, 0.000, 14:33:23.258
88, 13.52, 12.03, 9.82, 11.36, 0.000, 0.000, 0.000, 14:33:23.258
89, 9.69, 12.50, 8.64, 16.58, 0.000, 0.000, 0.000, 14:33:23.258
90, 14.94, 10.13, 7.19, 16.93, 0.000, 0.000, 0.000, 14:33:23.258
91, 9.67, 12.86, 7.24, 15.59, 0.000, 0.000, 0.000, 14:33:23.272
92, 11.39, 9.64, 4.99, 10.76, 0.000, 0.000, 0.000, 14:33:23.273
93, 12.04, 13.34, 8.47, 13.69, 0.000, 0.000, 0.000, 14:33:23.287
94, 14.20, 12.35, 8.04, 15.44, 0.000, 0.000, 0.000, 14:33:23.287
95, 12.54, 12.98, 10.61, 13.62, 0.000, 0.000, 0.000, 14:33:23.288
96, 10.40, 12.97, 8.90, 14.83, 0.000, 0.000, 0.000, 14:33:23.288
97, 11.94, 12.41, 7.34, 12.05, 0.000, 0.000, 0.000, 14:33:23.303
98, 14.28, 14.11, 11.06, 16.67, 0.000, 0.000, 0.000, 14:33:23.303
99, 14.24, 15.19, 8.54, 15.72, 0.000, 0.000, 0.000, 14:33:23.318
100, 9.86, 9.32, 7.88, 9.72, 0.000, 0.000, 0.000, 14:33:23.318
101, 14.82, 13.10, 8.99, 15.29, 0.000, 0.000, 0.000, 14:33:23.318
102, 12.78, 13.89, 7.30, 12.49, 0.000, 0.000, 0.000, 14:33:23.318
103, 11.43, 13.25, 7.59, 11.44, 0.000, 0.000, 0.000, 14:33:23.333
104, 12.49, 13.15, 9.82, 14.27, 0.000, 0.000, 0.000, 14:33:23.333
105, 12.69, 9.96, 6.46, 16.15, 0.000, 0.000, 0.000, 14:33:23.349
106, 12.10, 14.17, 10.41, 13.13, 0.000, 0.000, 0.000, 14:33:23.349
107, 12.49, 10.36, 9.85, 12.45, 0.000, 0.000, 0.000, 14:33:23.349
108, 11.96, 9.55, 7.28, 15.56, 0.000, 0.000, 0.000, 14:33:23.349
109, 13.65, 11.24, 3.35, 12.31, 0.000, 0.000, 0.000, 14:33:23.362
110, 10.00, 15.32, 5.63, 15.34, 0.000, 0.000, 0.000, 14:33:23.363
111, 13.47, 7.92, 6.46, 7.66, 0.000, 0.000, 0.000, 14:33:23.378
112, 10.97, 10.43, 9.38, 12.89, 0.000, 0.000, 0.000, 14:33:23.378
113, 12.84, 12.63, 10.26, 16.85, 0.000, 0.000, 0.000, 14:33:23.378
114, 9.93, 12.51, 11.93, 12.64, 0.000, 0.000, 0.000, 14:33:23.379
115, 15.15, 13.56, 6.12, 13.83, 0.000, 0.000, 0.000, 14:33:23.392
116, 9.54, 13.40, 11.24, 15.11, 0.000, 0.000, 0.000, 14:33:23.393
117, 11.32, 11.75, 8.95, 15.51, 0.000, 0.000, 0.000, 14:33:23.407
118, 13.93, 15.16, 9.63, 11.49, 0.000, 0.000, 0.000, 14:33:23.407
119, 9.73, 11.27, 8.24, 11.22, 0.000, 0.000, 0.000, 14:33:23.408
120, 12.38, 14.24, 6.25, 15.30, 0.000, 0.000, 0.000, 14:33:23.408
121, 12.52, 17.04, 7.53, 17.33, 0.000, 0.000, 0.000, 14:33:23.430
122, 14.48, 10.30, 13.22, 15.17, 0.000, 0.000, 0.000, 14:33:23.430
123, 13.65, 11.76, 8.38, 14.73, 0.000, 0.000, 0.000, 14:33:23.437
124, 11.81, 15.03, 6.47, 10.75, 0.000, 0.000, 0.000, 14:33:23.437
125, 12.27, 17.09, 8.22, 13.71, 0.000, 0.000, 0.000, 14:33:23.438
126, 15.05, 15.07, 14.19, 17.10, 0.000, 0.000, 0.000, 14:33:23.438
127, 13.01, 12.19, 8.90, 12.71, 0.000, 0.000, 0.000, 14:33:23.452
128, 9.69, 9.46, 7.81, 11.37, 0.000, 0.000, 0.000, 14:33:23.452
129, 12.37, 13.45, 9.74, 12.40, 0.000, 0.000, 0.000, 14:33:23.468
130, 11.00, 14.57, 9.10, 15.14, 0.000, 0.000, 0.000, 14:33:23.468
131, 12.26, 14.28, 9.19, 15.55, 0.000, 0.000, 0.000, 14:33:23.468
132, 13.32, 8.34, 4.53, 13.89, 0.000, 0.000, 0.000, 14:33:23.468
133, 7.78, 10.57, 4.20, 13.09, 0.000, 0.000, 0.000, 14:33:23.483
134, 13.68, 13.62, 10.01, 14.66, 0.000, 0.000, 0.000, 14:33:23.483
135, 10.73, 10.27, 6.40, 13.87, 0.000, 0.000, 0.000, 14:33:23.499
136, 10.68, 7.83, 3.79, 9.82, 0.000, 0.000, 0.000, 14:33:23.499
137, 15.01, 10.86, 9.83, 16.22, 0.000, 0.000, 0.000, 14:33:23.500
138, 12.80, 12.99, 7.28, 17.17, 0.000, 0.000, 0.000, 14:33:23.500
139, 14.17, 11.67, 6.37, 11.87, 0.000, 0.000, 0.000, 14:33:23.512
140, 12.57, 8.56, 6.46, 11.82, 0.000, 0.000, 0.000, 14:33:23.512
141, 10.90, 11.64, 7.16, 12.88, 0.000, 0.000, 0.000, 14:33:23.527
142, 15.05, 12.40, 9.60, 16.35, 0.000, 0.000, 0.000, 14:33:23.528
143, 10.01, 12.41, 9.17, 12.18, 0.000, 0.000, 0.000, 14:33:23.528
144, 13.40, 14.37, 8.59, 13.77, 0.000, 0.000, 0.000, 14:33:23.528
145, 9.06, 11.51, 6.88, 11.89, 0.000, 0.000, 0.000, 14:33:23.542
146, 12.63, 13.65, 14.13, 13.65, 0.000, 0.000, 0.000, 14:33:23.542
147, 8.56, 9.51, 8.31, 11.99, 0.000, 0.000, 0.000, 14:33:23.557
148, 7.27, 7.16, 4.76, 11.88, 0.000, 0.000, 0.000, 14:33:23.557
149, 10.77, 12.22, 8.28, 14.96, 0.000, 0.000, 0.000, 14:33:23.558
150, 9.73, 15.51, 13.27, 9.70, 0.000, 0.000, 0.000, 14:33:23.558
151, 17.75, 13.18, 12.17, 13.99, 0.000, 0.000, 0.000, 14:33:23.572
152, 14.96, 12.57, 12.57, 10.98, 0.000, 0.000, 0.000, 14:33:23.572
153, 14.92, 16.66, 7.81, 17.69, 0.000, 0.000, 0.000, 14:33:23.587
154, 15.57, 14.01, 7.60, 18.44, 0.000, 0.000, 0.000, 14:33:23.587
155, 12.57, 9.31, 7.41, 11.57, 0.000, 0.000, 0.000, 14:33:23.588
156, 8.50, 8.28, 11.36, 13.17, 0.000, 0.000, 0.000, 14:33:23.588
157, 7.71, 11.87, 8.49, 14.15, 0.000, 0.000, 0.000, 14:33:23.603
158, 11.44, 10.99, 9.83, 15.37, 0.000, 0.000, 0.000, 14:33:23.603
159, 10.75, 14.48, 10.49, 16.17, 0.000, 0.000, 0.000, 14:33:23.619
160, 14.53, 11.60, 4.94, 15.31, 0.000, 0.000, 0.000, 14:33:23.620
161, 12.41, 8.82, 9.98, 16.07, 0.000, 0.000, 0.000, 14:33:23.620
162, 14.57, 10.55, 7.96, 9.58, 0.000, 0.000, 0.000, 14:33:23.620
163, 9.03, 12.70, 4.55, 9.77, 0.000, 0.000, 0.000, 14:33:23.635
164, 14.05, 12.67, 4.97, 12.75, 0.000, 0.000, 0.000, 14:33:23.635
165, 12.51, 12.60, 11.88, 14.36, 0.000, 0.000, 0.000, 14:33:23.654
166, 8.20, 10.01, 3.73, 8.74, 0.000, 0.000, 0.000, 14:33:23.655
167, 12.03, 12.73, 2.94, 18.81, 0.000, 0.000, 0.000, 14:33:23.655
168, 9.20, 12.36, 8.27, 10.86, 0.000, 0.000, 0.000, 14:33:23.655
169, 14.18, 13.81, 12.42, 13.15, 0.000, 0.000, 0.000, 14:33:23.668
170, 14.73, 14.28, 9.37, 13.93, 0.000, 0.000, 0.000, 14:33:23.668
171, 10.31, 14.08, 8.20, 14.92, 0.000, 0.000, 0.000, 14:33:23.686
172, 12.83, 12.50, 12.37, 14.63, 0.000, 0.000, 0.000, 14:33:23.686
173, 11.22, 11.41, 10.28, 13.34, 0.000, 0.000, 0.000, 14:33:23.686
174, 15.07, 10.56, 13.56, 18.15, 0.000, 0.000, 0.000, 14:33:23.686
175, 10.41, 10.88, 9.46, 13.88, 0.000, 0.000, 0.000, 14:33:23.692
176, 10.74, 13.18, 5.25, 16.09, 0.000, 0.000, 0.000, 14:33:23.692
177, 17.37, 13.70, 12.68, 14.45, 0.000, 0.000, 0.000, 14:33:23.707
178, 11.35, 11.85, 6.29, 13.09, 0.000, 0.000, 0.000, 14:33:23.707
179, 10.59, 9.72, 7.28, 9.74, 0.000, 0.000, 0.000, 14:33:23.708
180, 11.68, 13.90, 7.02, 12.23, 0.000, 0.000, 0.000, 14:33:23.709
181, 15.47, 15.08, 10.80, 14.21, 0.000, 0.000, 0.000, 14:33:23.722
182, 13.96, 14.34, 7.70, 17.94, 0.000, 0.000, 0.000, 14:33:23.722
183, 10.15, 10.86, 11.91, 6.07, 0.000, 0.000, 0.000, 14:33:23.737
184, 12.52, 10.36, 6.95, 6.30, 0.000, 0.000, 0.000, 14:33:23.737
185, 14.99, 10.02, 11.41, 11.05, 0.000, 0.000, 0.000, 14:33:23.738
186, 8.93, 7.07, 4.53, 15.37, 0.000, 0.000, 0.000, 14:33:23.738
187, 14.61, 14.00, 7.04, 12.18, 0.000, 0.000, 0.000, 14:33:23.752
188, 10.70, 12.31, 7.41, 10.91, 0.000, 0.000, 0.000, 14:33:23.752
189, 16.91, 12.14, 12.65, 15.75, 0.000, 0.000, 0.000, 14:33:23.767
190, 12.04, 15.28, 7.29, 12.72, 0.000, 0.000, 0.000, 14:33:23.767
191, 10.01, 13.87, 10.17, 13.04, 0.000, 0.000, 0.000, 14:33:23.767
192, 8.60, 9.22, 6.87, 15.92, 0.000, 0.000, 0.000, 14:33:23.768
193, 9.23, 11.77, 5.39, 9.46, 0.000, 0.000, 0.000, 14:33:23.789
194, 12.56, 10.68, 6.69, 13.30, 0.000, 0.000, 0.000, 14:33:23.789
195, 14.80, 12.30, 3.85, 19.37, 0.000, 0.000, 0.000, 14:33:23.799
196, 11.07, 13.88, 11.14, 17.50, 0.000, 0.000, 0.000, 14:33:23.800
197, 12.14, 10.86, 8.39, 14.20, 0.000, 0.000, 0.000, 14:33:23.800
198, 14.08, 16.44, 12.69, 18.85, 0.000, 0.000, 0.000, 14:33:23.800
199, 11.51, 10.14, 6.59, 13.97, 0.000, 0.000, 0.000, 14:33:23.813
200, 11.58, 10.50, 8.32, 12.01, 0.000, 0.000, 0.000, 14:33:23.813
0, 12.75, 17.91, 9.22, 16.08, 0.000, 0.000, 0.000, 14:33:23.814
1, 11.99, 16.68, 14.64, 17.71, 0.000, 0.000, 0.000, 14:33:23.828
2, 9.93, 12.55, 9.17, 14.68, 0.000, 0.000, 0.000, 14:33:23.828
3, 13.13, 13.59, 9.53, 13.92, 0.000, 0.000, 0.000, 14:33:23.842
4, 11.14, 14.79, 11.30, 14.06, 0.000, 0.000, 0.000, 14:33:23.842
5, 12.59, 15.05, 10.63, 10.52, 0.000, 0.000, 0.000, 14:33:23.848
6, 10.67, 12.83, 6.74, 10.97, 0.000, 0.000, 0.000, 14:33:23.848
7, 9.22, 13.51, 6.93, 12.01, 0.000, 0.000, 0.000, 14:33:23.857
8, 17.20, 14.88, 10.86, 10.76, 0.000, 0.000, 0.000, 14:33:23.858
9, 8.17, 12.38, 5.54, 12.87, 0.000, 0.000, 0.000, 14:33:23.872
10, 11.03, 15.07, 5.29, 10.86, 0.000, 0.000, 0.000, 14:33:23.872
11, 10.88, 10.75, 3.58, 12.70, 0.000, 0.000, 0.000, 14:33:23.873
12, 12.38, 11.26, 13.33, 12.65, 0.000, 0.000, 0.000, 14:33:23.873
13, 15.71, 10.76, 9.12, 12.14, 0.000, 0.000, 0.000, 14:33:23.887
14, 11.17, 11.81, 4.71, 11.38, 0.000, 0.000, 0.000, 14:33:23.887
15, 10.15, 11.11, 7.56, 13.81, 0.000, 0.000, 0.000, 14:33:23.902
16, 9.44, 16.75, 9.75, 17.30, 0.000, 0.000, 0.000, 14:33:23.902
17, 15.92, 12.15, 11.86, 14.57, 0.000, 0.000, 0.000, 14:33:23.903
18, 10.90, 13.19, 11.51, 15.28, 0.000, 0.000, 0.000, 14:33:23.903
19, 11.53, 9.78, 9.72, 14.18, 0.000, 0.000, 0.000, 14:33:23.917
20, 10.72, 10.89, 9.17, 13.01, 0.000, 0.000, 0.000, 14:33:23.917
21, 14.22, 14.49, 11.32, 14.48, 0.000, 0.000, 0.000, 14:33:23.933
22, 15.06, 10.09, 9.07, 14.35, 0.000, 0.000, 0.000, 14:33:23.933
23, 14.90, 11.77, 5.69, 12.95, 0.000, 0.000, 0.000, 14:33:23.933
24, 15.92, 10.24, 7.56, 12.90, 0.000, 0.000, 0.000, 14:33:23.933
25, 14.47, 11.80, 5.15, 15.61, 0.000, 0.000, 0.000, 14:33:23.949
26, 10.07, 10.28, 10.12, 13.32, 0.000, 0.000, 0.000, 14:33:23.949
27, 9.07, 12.42, 6.96, 13.25, 0.000, 0.000, 0.000, 14:33:23.962
28, 10.97, 14.22, 8.90, 14.48, 0.000, 0.000, 0.000, 14:33:23.962
29, 13.21, 12.09, 6.98, 16.14, 0.000, 0.000, 0.000, 14:33:23.963
30, 13.50, 13.31, 9.25, 12.75, 0.000, 0.000, 0.000, 14:33:23.963
31, 11.51, 9.37, 6.73, 12.21, 0.000, 0.000, 0.000, 14:33:23.977
32, 13.37, 13.62, 10.33, 15.45, 0.000, 0.000, 0.000, 14:33:23.977
33, 12.89, 13.25, 11.54, 15.66, 0.000, 0.000, 0.000, 14:33:23.992
34, 12.13, 10.29, 5.09, 16.57, 0.000, 0.000, 0.000, 14:33:23.992
35, 10.46, 10.45, 5.96, 13.21, 0.000, 0.000, 0.000, 14:33:23.993
36, 14.36, 11.32, 5.64, 9.33, 0.000, 0.000, 0.000, 14:33:23.993
37, 12.97, 13.24, 11.19, 12.95, 0.000, 0.000, 0.000, 14:33:24.008
38, 12.82, 14.55, 8.28, 13.12, 0.000, 0.000, 0.000, 14:33:24.008
39, 11.52, 11.77, 10.02, 11.69, 0.000, 0.000, 0.000, 14:33:24.022
40, 15.90, 11.54, 8.54, 14.78, 0.000, 0.000, 0.000, 14:33:24.023
41, 9.62, 12.26, 10.39, 15.45, 0.000, 0.000, 0.000, 14:33:24.023
42, 10.87, 10.80, 10.18, 12.81, 0.000, 0.000, 0.000, 14:33:24.023
43, 13.46, 9.23, 5.28, 13.63, 0.000, 0.000, 0.000, 14:33:24.038
44, 9.74, 9.78, 10.56, 12.93, 0.000, 0.000, 0.000, 14:33:24.038
45, 15.53, 11.81, 8.55, 16.93, 0.000, 0.000, 0.000, 14:33:24.053
46, 10.16, 10.51, 6.28, 13.13, 0.000, 0.000, 0.000, 14:33:24.053
47, 12.01, 15.54, 10.25, 13.33, 0.000, 0.000, 0.000, 14:33:24.053
48, 10.03, 14.37, 8.46, 13.23, 0.000, 0.000, 0.000, 14:33:24.053
49, 15.66, 14.78, 8.49, 16.69, 0.000, 0.000, 0.000, 14:33:24.068
50, 11.84, 11.58, 5.61, 12.14, 0.000, 0.000, 0.000, 14:33:24.068
51, 11.90, 12.65, 12.60, 10.68, 0.000, 0.000, 0.000, 14:33:24.083
52, 13.09, 14.69, 7.18, 11.23, 0.000, 0.000, 0.000, 14:33:24.083
53, 11.84, 12.23, 8.93, 15.36, 0.000, 0.000, 0.000, 14:33:24.084
54, 12.87, 13.54, 11.00, 16.88, 0.000, 0.000, 0.000, 14:33:24.084
55, 10.13, 11.41, 4.45, 7.39, 0.000, 0.000, 0.000, 14:33:24.106
56, 11.33, 9.75, 5.72, 11.36, 0.000, 0.000, 0.000, 14:33:24.106
57, 11.31, 14.68, 11.22, 15.29, 0.000, 0.000, 0.000, 14:33:24.114
58, 10.59, 9.75, 5.66, 12.71, 0.000, 0.000, 0.000, 14:33:24.114
59, 12.98, 13.66, 5.74, 12.98, 0.000, 0.000, 0.000, 14:33:24.116
60, 12.53, 11.25, 7.69, 11.72, 0.000, 0.000, 0.000, 14:33:24.116
61, 13.59, 13.97, 8.37, 11.65, 0.000, 0.000, 0.000, 14:33:24.127
62, 6.23, 10.77, 6.26, 8.85, 0.000, 0.000, 0.000, 14:33:24.128
63, 13.39, 11.78, 11.43, 12.50, 0.000, 0.000, 0.000, 14:33:24.142
64, 13.15, 10.25, 11.92, 16.94, 0.000, 0.000, 0.000, 14:33:24.142
65, 9.12, 13.37, 9.61, 8.57, 0.000, 0.000, 0.000, 14:33:24.143
66, 11.08, 14.10, 11.96, 10.08, 0.000, 0.000, 0.000, 14:33:24.143
67, 12.85, 13.02, 8.45, 10.33, 0.000, 0.000, 0.000, 14:33:24.157
68, 14.65, 11.20, 9.18, 14.80, 0.000, 0.000, 0.000, 14:33:24.157
69, 15.25, 15.08, 10.94, 17.54, 0.000, 0.000, 0.000, 14:33:24.172
70, 13.68, 13.60, 8.34, 12.60, 0.000, 0.000, 0.000, 14:33:24.173
71, 11.60, 14.89, 7.65, 14.85, 0.000, 0.000, 0.000, 14:33:24.173
72, 15.37, 10.39, 5.54, 13.14, 0.000, 0.000, 0.000, 14:33:24.173
73, 10.84, 11.72, 13.33, 17.29, 0.000, 0.000, 0.000, 14:33:24.187
74, 11.52, 8.99, 10.19, 19.56, 0.000, 0.000, 0.000, 14:33:24.187
75, 11.90, 8.56, 7.51, 12.89, 0.000, 0.000, 0.000, 14:33:24.202
76, 9.13, 10.34, 7.05, 12.87, 0.000, 0.000, 0.000, 14:33:24.202
77, 15.00, 15.15, 8.59, 17.33, 0.000, 0.000, 0.000, 14:33:24.203
78, 12.87, 15.32, 9.20, 16.20, 0.000, 0.000, 0.000, 14:33:24.203
79, 11.76, 11.74, 8.62, 13.23, 0.000, 0.000, 0.000, 14:33:24.217
80, 13.69, 7.89, 7.55, 11.00, 0.000, 0.000, 0.000, 14:33:24.217
81, 11.83, 10.42, 8.48, 12.47, 0.000, 0.000, 0.000, 14:33:24.234
82, 7.69, 10.89, 8.09, 12.64, 0.000, 0.000, 0.000, 14:33:24.234
83, 16.09, 13.23, 9.81, 14.63, 0.000, 0.000, 0.000, 14:33:24.234
84, 12.67, 10.57, 10.01, 14.62, 0.000, 0.000, 0.000, 14:33:24.234
85, 13.70, 15.70, 8.75, 15.85, 0.000, 0.000, 0.000, 14:33:24.248
86, 13.55, 15.29, 9.40, 15.12, 0.000, 0.000, 0.000, 14:33:24.249
87, 9.85, 13.39, 4.65, 12.11, 0.000, 0.000, 0.000, 14:33:24.263
88, 9.82, 13.19, 6.35, 13.09, 0.000, 0.000, 0.000, 14:33:24.263
89, 11.79, 11.87, 7.87, 13.96, 0.000, 0.000, 0.000, 14:33:24.263
90, 12.41, 8.73, 4.17, 12.32, 0.000, 0.000, 0.000, 14:33:24.264
91, 10.03, 10.48, 5.73, 14.78, 0.000, 0.000, 0.000, 14:33:24.277
92, 7.70, 11.64, 10.85, 11.76, 0.000, 0.000, 0.000, 14:33:24.277
93, 14.34, 11.06, 8.64, 17.38, 0.000, 0.000, 0.000, 14:33:24.293
94, 9.74, 9.43, 5.69, 13.27, 0.000, 0.000, 0.000, 14:33:24.293
95, 7.25, 10.86, 4.81, 10.50, 0.000, 0.000, 0.000, 14:33:24.293
96, 11.17, 14.19, 8.90, 15.58, 0.000, 0.000, 0.000, 14:33:24.293
97, 14.70, 16.07, 6.83, 14.01, 0.000, 0.000, 0.000, 14:33:24.307
98, 13.68, 7.74, 9.80, 15.68, 0.000, 0.000, 0.000, 14:33:24.307
99, 10.97, 13.04, 7.57, 15.19, 0.000, 0.000, 0.000, 14:33:24.322
100, 15.08, 12.42, 11.09, 13.49, 0.000, 0.000, 0.000, 14:33:24.322
101, 13.40, 13.45, 9.76, 14.57, 0.000, 0.000, 0.000, 14:33:24.323
102, 13.16, 9.64, 12.97, 14.62, 0.000, 0.000, 0.000, 14:33:24.323
103, 10.97, 12.55, 6.63, 16.35, 0.000, 0.000, 0.000, 14:33:24.337
104, 14.81, 13.16, 6.63, 17.66, 0.000, 0.000, 0.000, 14:33:24.337
105, 16.76, 12.96, 12.18, 14.59, 0.000, 0.000, 0.000, 14:33:24.352
106, 13.44, 8.70, 5.36, 12.43, 0.000, 0.000, 0.000, 14:33:24.352
107, 9.61, 12.76, 11.59, 15.70, 0.000, 0.000, 0.000, 14:33:24.353
108, 7.94, 14.12, 3.18, 10.06, 0.000, 0.000, 0.000, 14:33:24.353
109, 12.06, 13.66, 8.30, 11.15, 0.000, 0.000, 0.000, 14:33:24.367
110, 11.31, 10.28, 12.29, 9.27, 0.000, 0.000, 0.000, 14:33:24.367
