%OpenBCI Raw EEG Data
%
%Sample Rate = 200.0 Hz
%First Column = SampleIndex
%Last Column = Timestamp 
%Other Columns = EEG data in microvolts followed by Accel Data (in G) interleaved with Aux Data
0, 12.06, 10.52, 15.39, 12.65, 0.000, 0.000, 0.000, 10:19:08.704, 7
1, 14.72, 10.83, 18.68, 22.83, 0.000, 0.000, 0.000, 10:19:08.719, 7
2, 13.14, 9.76, 20.17, 20.80, 0.000, 0.000, 0.000, 10:19:08.719, 7
3, 14.09, 14.20, 17.13, 15.80, 0.000, 0.000, 0.000, 10:19:08.729, 7
4, 9.56, 9.28, 9.89, 6.51, 0.000, 0.000, 0.000, 10:19:08.730, 7
5, 13.28, 16.20, 16.36, 13.37, 0.000, 0.000, 0.000, 10:19:08.731, 7
6, 16.11, 15.59, 16.09, 17.45, 0.000, 0.000, 0.000, 10:19:08.732, 7
7, 19.20, 11.23, 18.50, 18.00, 0.000, 0.000, 0.000, 10:19:08.758, 7
8, 10.47, 12.18, 15.34, 13.62, 0.000, 0.000, 0.000, 10:19:08.759, 7
9, 8.36, 14.27, 14.30, 15.77, 0.000, 0.000, 0.000, 10:19:08.760, 7
10, 14.07, 13.91, 14.40, 18.45, 0.000, 0.000, 0.000, 10:19:08.761, 7
11, 12.39, 8.99, 19.68, 14.67, 0.000, 0.000, 0.000, 10:19:08.762, 7
12, 11.74, 8.99, 13.84, 9.12, 0.000, 0.000, 0.000, 10:19:08.762, 7
13, 11.29, 11.18, 15.86, 12.30, 0.000, 0.000, 0.000, 10:19:08.774, 7
14, 18.99, 14.30, 20.41, 17.51, 0.000, 0.000, 0.000, 10:19:08.775, 7
15, 14.47, 12.68, 17.87, 11.48, 0.000, 0.000, 0.000, 10:19:08.788, 7
16, 10.14, 8.87, 11.47, 14.53, 0.000, 0.000, 0.000, 10:19:08.789, 7
17, 10.86, 12.41, 10.37, 12.94, 0.000, 0.000, 0.000, 10:19:08.790, 7
18, 16.62, 13.85, 18.08, 16.80, 0.000, 0.000, 0.000, 10:19:08.790, 7
19, 15.20, 16.37, 17.65, 16.31, 0.000, 0.000, 0.000, 10:19:08.818, 7
20, 9.54, 10.33, 15.56, 16.80, 0.000, 0.000, 0.000, 10:19:08.819, 7
21, 7.79, 9.65, 12.75, 13.89, 0.000, 0.000, 0.000, 10:19:08.820, 7
22, 15.96, 12.07, 17.14, 13.45, 0.000, 0.000, 0.000, 10:19:08.820, 7
23, 17.65, 12.93, 19.04, 12.04, 0.000, 0.000, 0.000, 10:19:08.821, 7
24, 12.09, 9.25, 13.53, 14.04, 0.000, 0.000, 0.000, 10:19:08.821, 7
25, 13.79, 13.05, 18.34, 15.99, 0.000, 0.000, 0.000, 10:19:08.833, 7
26, 18.31, 15.20, 21.42, 18.79, 0.000, 0.000, 0.000, 10:19:08.834, 7
27, 15.08, 13.09, 16.87, 15.62, 0.000, 0.000, 0.000, 10:19:08.849, 7
28, 10.79, 11.75, 15.58, 11.94, 0.000, 0.000, 0.000, 10:19:08.851, 7
29, 13.00, 12.75, 13.67, 11.30, 0.000, 0.000, 0.000, 10:19:08.852, 7
30, 18.59, 14.51, 18.46, 14.95, 0.000, 0.000, 0.000, 10:19:08.852, 7
31, 14.36, 10.73, 19.21, 15.80, 0.000, 0.000, 0.000, 10:19:08.863, 7
32, 10.64, 9.60, 13.33, 14.71, 0.000, 0.000, 0.000, 10:19:08.865, 7
33, 14.08, 11.54, 18.10, 16.90, 0.000, 0.000, 0.000, 10:19:08.879, 7
34, 16.91, 16.53, 21.17, 23.78, 0.000, 0.000, 0.000, 10:19:08.880, 7
35, 15.05, 10.83, 18.49, 22.82, 0.000, 0.000, 0.000, 10:19:08.882, 7
36, 13.53, 10.49, 15.90, 19.30, 0.000, 0.000, 0.000, 10:19:08.883, 7
37, 13.99, 10.60, 17.24, 12.54, 0.000, 0.000, 0.000, 10:19:08.893, 7
38, 19.23, 15.61, 16.27, 18.69, 0.000, 0.000, 0.000, 10:19:08.894, 7
39, 15.37, 13.83, 15.48, 17.57, 0.000, 0.000, 0.000, 10:19:08.909, 7
40, 8.76, 8.48, 13.52, 10.12, 0.000, 0.000, 0.000, 10:19:08.910, 7
41, 5.66, 13.09, 12.23, 16.56, 0.000, 0.000, 0.000, 10:19:08.910, 7
42, 16.35, 14.85, 16.03, 17.21, 0.000, 0.000, 0.000, 10:19:08.911, 7
43, 17.94, 13.36, 17.45, 16.00, 0.000, 0.000, 0.000, 10:19:08.924, 7
44, 11.64, 8.46, 13.92, 14.46, 0.000, 0.000, 0.000, 10:19:08.924, 7
45, 14.11, 8.52, 14.68, 14.52, 0.000, 0.000, 0.000, 10:19:08.938, 7
46, 13.24, 15.82, 15.29, 16.22, 0.000, 0.000, 0.000, 10:19:08.939, 7
47, 14.93, 11.90, 18.66, 14.48, 0.000, 0.000, 0.000, 10:19:08.939, 7
48, 12.81, 11.26, 17.62, 13.04, 0.000, 0.000, 0.000, 10:19:08.939, 7
49, 13.88, 10.35, 15.33, 16.10, 0.000, 0.000, 0.000, 10:19:08.953, 7
50, 19.27, 14.57, 17.35, 21.46, 0.000, 0.000, 0.000, 10:19:08.953, 7
51, 9.66, 14.50, 17.67, 20.40, 0.000, 0.000, 0.000, 10:19:08.969, 7
52, 13.41, 10.11, 12.61, 14.55, 0.000, 0.000, 0.000, 10:19:08.970, 7
53, 15.46, 9.13, 17.34, 15.52, 0.000, 0.000, 0.000, 10:19:08.970, 7
54, 12.07, 13.63, 20.61, 21.74, 0.000, 0.000, 0.000, 10:19:08.970, 7
55, 14.05, 11.43, 17.03, 16.63, 0.000, 0.000, 0.000, 10:19:08.999, 7
56, 12.50, 10.43, 14.38, 11.22, 0.000, 0.000, 0.000, 10:19:09.001, 7
57, 9.85, 8.57, 14.97, 11.22, 0.000, 0.000, 0.000, 10:19:09.002, 7
58, 17.97, 12.89, 17.41, 17.72, 0.000, 0.000, 0.000, 10:19:09.002, 7
59, 16.63, 11.40, 18.43, 18.92, 0.000, 0.000, 0.000, 10:19:09.002, 7
60, 14.21, 7.74, 12.42, 13.74, 0.000, 0.000, 0.000, 10:19:09.004, 7
61, 11.95, 6.79, 12.70, 9.46, 0.000, 0.000, 0.000, 10:19:09.015, 7
62, 11.92, 9.50, 20.21, 18.48, 0.000, 0.000, 0.000, 10:19:09.015, 7
63, 19.04, 13.37, 16.85, 18.13, 0.000, 0.000, 0.000, 10:19:09.029, 7
64, 12.80, 6.64, 11.53, 14.15, 0.000, 0.000, 0.000, 10:19:09.029, 7
65, 10.44, 10.43, 17.47, 13.96, 0.000, 0.000, 0.000, 10:19:09.030, 7
66, 13.94, 14.29, 18.53, 15.18, 0.000, 0.000, 0.000, 10:19:09.030, 7
67, 13.76, 12.49, 17.09, 16.73, 0.000, 0.000, 0.000, 10:19:09.043, 7
68, 10.36, 11.76, 13.87, 14.28, 0.000, 0.000, 0.000, 10:19:09.044, 7
69, 11.49, 13.75, 16.30, 14.74, 0.000, 0.000, 0.000, 10:19:09.058, 7
70, 17.90, 17.39, 23.76, 16.28, 0.000, 0.000, 0.000, 10:19:09.059, 7
71, 17.95, 11.78, 18.74, 19.47, 0.000, 0.000, 0.000, 10:19:09.059, 7
72, 11.07, 9.67, 16.23, 19.94, 0.000, 0.000, 0.000, 10:19:09.059, 7
73, 12.36, 9.92, 18.95, 15.01, 0.000, 0.000, 0.000, 10:19:09.080, 7
74, 17.89, 16.65, 23.28, 19.97, 0.000, 0.000, 0.000, 10:19:09.081, 7
75, 16.21, 11.65, 18.98, 15.26, 0.000, 0.000, 0.000, 10:19:09.088, 7
76, 10.66, 11.18, 13.71, 11.99, 0.000, 0.000, 0.000, 10:19:09.088, 7
77, 10.30, 10.60, 13.96, 12.70, 0.000, 0.000, 0.000, 10:19:09.089, 7
78, 14.21, 16.97, 19.23, 15.25, 0.000, 0.000, 0.000, 10:19:09.089, 7
79, 17.02, 14.59, 14.02, 17.48, 0.000, 0.000, 0.000, 10:19:09.103, 7
80, 13.25, 6.23, 12.75, 10.95, 0.000, 0.000, 0.000, 10:19:09.104, 7
81, 15.79, 9.99, 16.15, 14.90, 0.000, 0.000, 0.000, 10:19:09.119, 7
82, 16.30, 16.26, 17.10, 16.84, 0.000, 0.000, 0.000, 10:19:09.120, 7
83, 12.08, 17.96, 18.10, 19.13, 0.000, 0.000, 0.000, 10:19:09.120, 7
84, 12.75, 8.93, 12.71, 9.64, 0.000, 0.000, 0.000, 10:19:09.120, 7
85, 14.75, 15.21, 14.39, 13.78, 0.000, 0.000, 0.000, 10:19:09.134, 7
86, 19.04, 12.93, 21.49, 16.25, 0.000, 0.000, 0.000, 10:19:09.135, 7
87, 13.58, 9.13, 17.77, 16.31, 0.000, 0.000, 0.000, 10:19:09.149, 7
88, 12.14, 5.92, 13.11, 11.97, 0.000, 0.000, 0.000, 10:19:09.150, 7
89, 7.00, 9.20, 14.26, 17.42, 0.000, 0.000, 0.000, 10:19:09.151, 7
90, 15.31, 13.03, 20.59, 20.31, 0.000, 0.000, 0.000, 10:19:09.151, 7
91, 14.95, 16.20, 18.64, 19.27, 0.000, 0.000, 0.000, 10:19:09.163, 7
92, 11.83, 10.22, 13.52, 11.47, 0.000, 0.000, 0.000, 10:19:09.165, 7
93, 14.78, 10.38, 11.16, 14.97, 0.000, 0.000, 0.000, 10:19:09.178, 7
94, 17.05, 15.57, 22.22, 17.39, 0.000, 0.000, 0.000, 10:19:09.178, 7
95, 15.53, 14.22, 20.66, 12.24, 0.000, 0.000, 0.000, 10:19:09.179, 7
96, 10.81, 6.76, 13.97, 13.18, 0.000, 0.000, 0.000, 10:19:09.179, 7
97, 16.59, 11.81, 16.33, 16.88, 0.000, 0.000, 0.000, 10:19:09.194, 7
98, 14.93, 13.57, 17.20, 18.85, 0.000, 0.000, 0.000, 10:19:09.194, 7
99, 13.37, 16.38, 15.81, 14.56, 0.000, 0.000, 0.000, 10:19:09.209, 7
100, 13.39, 6.71, 12.75, 10.21, 0.000, 0.000, 0.000, 10:19:09.210, 7
101, 15.10, 13.55, 16.37, 14.77, 0.000, 0.000, 0.000, 10:19:09.211, 7
102, 11.07, 10.01, 20.88, 17.48, 0.000, 0.000, 0.000, 10:19:09.211, 7
103, 15.65, 10.88, 22.54, 15.65, 0.000, 0.000, 0.000, 10:19:09.239, 7
104, 8.40, 7.48, 18.90, 7.58, 0.000, 0.000, 0.000, 10:19:09.239, 7
105, 14.61, 9.50, 17.48, 16.52, 0.000, 0.000, 0.000, 10:19:09.240, 7
106, 15.37, 13.47, 15.19, 18.73, 0.000, 0.000, 0.000, 10:19:09.240, 7
107, 14.94, 10.23, 13.16, 14.77, 0.000, 0.000, 0.000, 10:19:09.240, 7
108, 12.13, 7.43, 12.33, 11.88, 0.000, 0.000, 0.000, 10:19:09.241, 7
109, 14.86, 11.87, 16.77, 13.11, 0.000, 0.000, 0.000, 10:19:09.254, 7
110, 16.56, 15.92, 17.69, 15.64, 0.000, 0.000, 0.000, 10:19:09.255, 7
111, 14.55, 8.82, 16.84, 15.61, 0.000, 0.000, 0.000, 10:19:09.269, 7
112, 15.37, 9.96, 15.10, 12.05, 0.000, 0.000, 0.000, 10:19:09.270, 7
113, 12.03, 11.22, 14.59, 14.51, 0.000, 0.000, 0.000, 10:19:09.270, 7
114, 12.44, 15.38, 17.57, 18.18, 0.000, 0.000, 0.000, 10:19:09.271, 7
115, 11.22, 9.78, 12.15, 12.36, 0.000, 0.000, 0.000, 10:19:09.284, 7
116, 8.94, 8.25, 13.78, 10.18, 0.000, 0.000, 0.000, 10:19:09.285, 7
117, 12.41, 9.76, 14.94, 13.60, 0.000, 0.000, 0.000, 10:19:09.300, 7
118, 16.20, 17.18, 16.26, 17.07, 0.000, 0.000, 0.000, 10:19:09.303, 7
119, 11.89, 17.12, 17.65, 15.75, 0.000, 0.000, 0.000, 10:19:09.304, 7
120, 10.07, 9.59, 10.60, 12.87, 0.000, 0.000, 0.000, 10:19:09.304, 7
121, 10.41, 12.73, 13.57, 13.48, 0.000, 0.000, 0.000, 10:19:09.317, 7
122, 16.36, 12.40, 20.23, 20.69, 0.000, 0.000, 0.000, 10:19:09.319, 7
123, 17.03, 13.13, 21.84, 17.29, 0.000, 0.000, 0.000, 10:19:09.328, 7
124, 9.62, 8.90, 13.95, 10.74, 0.000, 0.000, 0.000, 10:19:09.329, 7
125, 16.46, 9.99, 14.49, 13.69, 0.000, 0.000, 0.000, 10:19:09.329, 7
126, 14.00, 16.38, 18.47, 19.74, 0.000, 0.000, 0.000, 10:19:09.333, 7
127, 14.53, 13.76, 19.70, 15.37, 0.000, 0.000, 0.000, 10:19:09.344, 7
128, 6.56, 7.91, 15.21, 10.87, 0.000, 0.000, 0.000, 10:19:09.344, 7
129, 12.79, 10.00, 16.69, 15.63, 0.000, 0.000, 0.000, 10:19:09.359, 7
130, 15.05, 15.13, 17.92, 18.75, 0.000, 0.000, 0.000, 10:19:09.359, 7
131, 16.16, 13.26, 12.43, 16.72, 0.000, 0.000, 0.000, 10:19:09.359, 7
132, 15.10, 10.81, 17.96, 13.10, 0.000, 0.000, 0.000, 10:19:09.359, 7
133, 12.80, 11.28, 12.62, 13.97, 0.000, 0.000, 0.000, 10:19:09.374, 7
134, 17.73, 16.17, 19.79, 17.42, 0.000, 0.000, 0.000, 10:19:09.374, 7
135, 12.23, 11.89, 14.76, 18.78, 0.000, 0.000, 0.000, 10:19:09.389, 7
136, 12.78, 12.02, 15.50, 10.91, 0.000, 0.000, 0.000, 10:19:09.389, 7
137, 13.58, 13.67, 14.95, 12.01, 0.000, 0.000, 0.000, 10:19:09.390, 7
138, 16.12, 12.87, 19.62, 17.94, 0.000, 0.000, 0.000, 10:19:09.391, 7
139, 15.60, 10.79, 15.68, 16.60, 0.000, 0.000, 0.000, 10:19:09.403, 7
140, 10.62, 6.12, 12.44, 10.15, 0.000, 0.000, 0.000, 10:19:09.404, 7
141, 16.58, 12.45, 17.22, 11.27, 0.000, 0.000, 0.000, 10:19:09.420, 7
142, 16.35, 7.39, 20.96, 17.16, 0.000, 0.000, 0.000, 10:19:09.420, 7
143, 13.82, 9.03, 16.80, 15.07, 0.000, 0.000, 0.000, 10:19:09.420, 7
144, 9.67, 7.37, 11.17, 14.92, 0.000, 0.000, 0.000, 10:19:09.421, 7
145, 10.96, 13.90, 17.03, 14.19, 0.000, 0.000, 0.000, 10:19:09.434, 7
146, 15.51, 15.28, 17.08, 20.17, 0.000, 0.000, 0.000, 10:19:09.435, 7
147, 13.41, 13.42, 17.05, 16.01, 0.000, 0.000, 0.000, 10:19:09.449, 7
148, 9.72, 11.61, 13.59, 11.79, 0.000, 0.000, 0.000, 10:19:09.450, 7
149, 13.25, 14.85, 17.22, 16.04, 0.000, 0.000, 0.000, 10:19:09.451, 7
150, 16.64, 16.66, 22.29, 20.98, 0.000, 0.000, 0.000, 10:19:09.452, 7
151, 17.17, 14.88, 14.94, 15.30, 0.000, 0.000, 0.000, 10:19:09.478, 7
152, 7.72, 8.42, 17.02, 12.46, 0.000, 0.000, 0.000, 10:19:09.478, 7
153, 11.32, 12.28, 17.13, 16.10, 0.000, 0.000, 0.000, 10:19:09.478, 7
154, 14.37, 12.08, 19.08, 17.55, 0.000, 0.000, 0.000, 10:19:09.478, 7
155, 14.21, 12.26, 14.05, 18.39, 0.000, 0.000, 0.000, 10:19:09.479, 7
156, 11.51, 10.91, 14.73, 9.43, 0.000, 0.000, 0.000, 10:19:09.479, 7
157, 12.35, 9.59, 17.66, 11.63, 0.000, 0.000, 0.000, 10:19:09.493, 7
158, 17.25, 18.11, 18.41, 13.09, 0.000, 0.000, 0.000, 10:19:09.493, 7
159, 14.79, 14.26, 17.11, 16.60, 0.000, 0.000, 0.000, 10:19:09.508, 7
160, 11.00, 5.98, 10.69, 10.06, 0.000, 0.000, 0.000, 10:19:09.508, 7
161, 9.73, 8.76, 16.06, 9.39, 0.000, 0.000, 0.000, 10:19:09.508, 7
162, 16.39, 12.39, 15.91, 16.60, 0.000, 0.000, 0.000, 10:19:09.508, 7
163, 13.27, 12.86, 16.46, 17.65, 0.000, 0.000, 0.000, 10:19:09.523, 7
164, 10.51, 10.95, 10.90, 12.41, 0.000, 0.000, 0.000, 10:19:09.523, 7
165, 15.69, 13.40, 15.02, 14.85, 0.000, 0.000, 0.000, 10:19:09.538, 7
166, 13.87, 14.11, 16.10, 16.70, 0.000, 0.000, 0.000, 10:19:09.538, 7
167, 14.48, 15.28, 15.40, 18.36, 0.000, 0.000, 0.000, 10:19:09.538, 7
168, 14.30, 4.63, 10.67, 12.39, 0.000, 0.000, 0.000, 10:19:09.539, 7
169, 14.42, 14.85, 18.72, 16.76, 0.000, 0.000, 0.000, 10:19:09.554, 7
170, 12.33, 9.78, 21.90, 16.13, 0.000, 0.000, 0.000, 10:19:09.554, 7
171, 16.48, 10.95, 20.07, 13.68, 0.000, 0.000, 0.000, 10:19:09.570, 7
172, 12.55, 6.48, 13.24, 12.23, 0.000, 0.000, 0.000, 10:19:09.570, 7
173, 17.02, 11.83, 17.07, 15.15, 0.000, 0.000, 0.000, 10:19:09.570, 7
174, 16.37, 12.54, 22.58, 17.54, 0.000, 0.000, 0.000, 10:19:09.571, 7
175, 11.27, 11.47, 19.37, 17.70, 0.000, 0.000, 0.000, 10:19:09.585, 7
176, 11.65, 11.38, 14.11, 15.81, 0.000, 0.000, 0.000, 10:19:09.585, 7
177, 10.14, 11.90, 13.43, 16.97, 0.000, 0.000, 0.000, 10:19:09.600, 7
178, 17.57, 13.22, 24.75, 16.95, 0.000, 0.000, 0.000, 10:19:09.600, 7
179, 16.26, 10.79, 20.90, 18.27, 0.000, 0.000, 0.000, 10:19:09.600, 7
180, 14.93, 11.53, 9.56, 10.31, 0.000, 0.000, 0.000, 10:19:09.601, 7
181, 14.93, 10.34, 14.87, 14.00, 0.000, 0.000, 0.000, 10:19:09.614, 7
182, 12.75, 11.86, 20.65, 16.57, 0.000, 0.000, 0.000, 10:19:09.614, 7
183, 15.85, 18.97, 19.71, 21.13, 0.000, 0.000, 0.000, 10:19:09.629, 7
184, 13.96, 10.54, 13.89, 14.32, 0.000, 0.000, 0.000, 10:19:09.629, 7
185, 13.50, 12.48, 18.01, 19.50, 0.000, 0.000, 0.000, 10:19:09.629, 7
186, 15.41, 14.01, 20.98, 15.66, 0.000, 0.000, 0.000, 10:19:09.629, 7
187, 13.59, 12.63, 19.84, 15.16, 0.000, 0.000, 0.000, 10:19:09.643, 7
188, 8.55, 7.41, 12.80, 11.19, 0.000, 0.000, 0.000, 10:19:09.644, 7
189, 11.55, 7.60, 13.82, 12.62, 0.000, 0.000, 0.000, 10:19:09.659, 7
190, 16.93, 15.60, 17.83, 17.51, 0.000, 0.000, 0.000, 10:19:09.659, 7
191, 14.83, 11.40, 16.32, 12.04, 0.000, 0.000, 0.000, 10:19:09.659, 7
192, 12.29, 9.30, 15.89, 14.18, 0.000, 0.000, 0.000, 10:19:09.659, 7
193, 15.63, 9.51, 19.55, 17.14, 0.000, 0.000, 0.000, 10:19:09.673, 7
194, 15.76, 20.41, 19.08, 16.42, 0.000, 0.000, 0.000, 10:19:09.673, 7
195, 13.90, 15.70, 20.09, 15.33, 0.000, 0.000, 0.000, 10:19:09.703, 7
196, 8.77, 10.04, 10.26, 11.26, 0.000, 0.000, 0.000, 10:19:09.704, 7
197, 12.42, 10.34, 18.09, 13.30, 0.000, 0.000, 0.000, 10:19:09.704, 7
198, 14.33, 12.74, 18.40, 17.97, 0.000, 0.000, 0.000, 10:19:09.704, 7
199, 18.98, 13.30, 17.79, 18.12, 0.000, 0.000, 0.000, 10:19:09.704, 7
200, 10.73, 8.92, 12.07, 14.33, 0.000, 0.000, 0.000, 10:19:09.704, 7
0, 14.47, 10.35, 16.14, 15.39, 0.000, 0.000, 0.000, 10:19:09.705, 7
1, 16.43, 14.36, 17.11, 19.87, 0.000, 0.000, 0.000, 10:19:09.719, 7
2, 13.32, 10.65, 16.25, 22.32, 0.000, 0.000, 0.000, 10:19:09.720, 7
3, 10.96, 7.75, 9.78, 9.82, 0.000, 0.000, 0.000, 10:19:09.734, 7
4, 12.50, 12.51, 15.43, 15.27, 0.000, 0.000, 0.000, 10:19:09.735, 7
5, 13.51, 12.17, 18.97, 13.96, 0.000, 0.000, 0.000, 10:19:09.736, 7
6, 14.46, 10.04, 18.35, 12.64, 0.000, 0.000, 0.000, 10:19:09.737, 7
7, 12.32, 10.02, 13.65, 9.81, 0.000, 0.000, 0.000, 10:19:09.752, 7
8, 10.51, 9.87, 14.28, 10.91, 0.000, 0.000, 0.000, 10:19:09.752, 7
9, 18.53, 13.88, 21.70, 17.12, 0.000, 0.000, 0.000, 10:19:09.771, 7
10, 13.73, 12.81, 17.21, 11.65, 0.000, 0.000, 0.000, 10:19:09.773, 7
11, 7.50, 6.48, 14.62, 15.84, 0.000, 0.000, 0.000, 10:19:09.774, 7
12, 11.98, 13.67, 15.83, 17.71, 0.000, 0.000, 0.000, 10:19:09.774, 7
13, 15.50, 13.81, 15.70, 20.17, 0.000, 0.000, 0.000, 10:19:09.778, 7
14, 16.58, 13.95, 16.72, 17.67, 0.000, 0.000, 0.000, 10:19:09.778, 7
15, 12.55, 10.92, 13.63, 14.01, 0.000, 0.000, 0.000, 10:19:09.793, 7
16, 14.50, 13.97, 13.81, 14.57, 0.000, 0.000, 0.000, 10:19:09.793, 7
17, 16.81, 17.28, 19.90, 16.60, 0.000, 0.000, 0.000, 10:19:09.793, 7
18, 7.73, 8.85, 14.53, 13.10, 0.000, 0.000, 0.000, 10:19:09.794, 7
19, 12.59, 9.21, 11.18, 13.06, 0.000, 0.000, 0.000, 10:19:09.808, 7
20, 7.74, 10.93, 14.74, 15.65, 0.000, 0.000, 0.000, 10:19:09.808, 7
21, 14.70, 14.79, 23.08, 20.40, 0.000, 0.000, 0.000, 10:19:09.823, 7
22, 14.14, 12.32, 18.36, 16.56, 0.000, 0.000, 0.000, 10:19:09.823, 7
23, 9.56, 11.90, 11.34, 10.09, 0.000, 0.000, 0.000, 10:19:09.823, 7
24, 15.60, 13.73, 14.43, 14.55, 0.000, 0.000, 0.000, 10:19:09.824, 7
25, 17.70, 13.81, 22.09, 22.09, 0.000, 0.000, 0.000, 10:19:09.839, 7
26, 15.29, 12.63, 17.76, 15.31, 0.000, 0.000, 0.000, 10:19:09.839, 7
27, 14.20, 11.99, 13.74, 12.79, 0.000, 0.000, 0.000, 10:19:09.854, 7
28, 12.21, 10.74, 15.56, 14.51, 0.000, 0.000, 0.000, 10:19:09.854, 7
29, 16.69, 13.13, 23.98, 18.22, 0.000, 0.000, 0.000, 10:19:09.862, 7
30, 16.64, 13.30, 19.97, 15.92, 0.000, 0.000, 0.000, 10:19:09.862, 7
31, 8.22, 11.30, 14.62, 15.79, 0.000, 0.000, 0.000, 10:19:09.869, 7
32, 9.91, 10.53, 16.83, 15.67, 0.000, 0.000, 0.000, 10:19:09.869, 7
33, 20.28, 12.70, 22.21, 17.14, 0.000, 0.000, 0.000, 10:19:09.884, 7
34, 13.76, 10.43, 17.11, 14.39, 0.000, 0.000, 0.000, 10:19:09.887, 7
35, 11.70, 8.78, 12.38, 12.33, 0.000, 0.000, 0.000, 10:19:09.887, 7
36, 11.10, 8.58, 17.85, 18.57, 0.000, 0.000, 0.000, 10:19:09.888, 7
37, 13.30, 13.15, 19.65, 17.93, 0.000, 0.000, 0.000, 10:19:09.899, 7
38, 15.72, 12.70, 17.29, 13.38, 0.000, 0.000, 0.000, 10:19:09.900, 7
39, 10.94, 7.76, 12.40, 8.28, 0.000, 0.000, 0.000, 10:19:09.915, 7
40, 14.45, 9.63, 13.49, 11.77, 0.000, 0.000, 0.000, 10:19:09.916, 7
41, 16.24, 19.65, 19.17, 16.38, 0.000, 0.000, 0.000, 10:19:09.917, 7
42, 16.92, 11.31, 16.07, 14.15, 0.000, 0.000, 0.000, 10:19:09.918, 7
43, 9.01, 9.76, 13.68, 7.03, 0.000, 0.000, 0.000, 10:19:09.929, 7
44, 11.61, 12.19, 14.19, 13.47, 0.000, 0.000, 0.000, 10:19:09.929, 7
45, 18.36, 13.37, 14.95, 17.75, 0.000, 0.000, 0.000, 10:19:09.944, 7
46, 9.89, 9.25, 17.41, 13.86, 0.000, 0.000, 0.000, 10:19:09.944, 7
47, 16.61, 8.53, 10.78, 15.41, 0.000, 0.000, 0.000, 10:19:09.945, 7
48, 11.94, 13.92, 17.56, 15.94, 0.000, 0.000, 0.000, 10:19:09.945, 7
49, 15.86, 15.05, 20.47, 17.24, 0.000, 0.000, 0.000, 10:19:09.960, 7
50, 14.80, 16.25, 16.34, 11.30, 0.000, 0.000, 0.000, 10:19:09.961, 7
51, 16.58, 12.03, 17.02, 14.32, 0.000, 0.000, 0.000, 10:19:09.973, 7
52, 13.91, 10.44, 13.58, 17.30, 0.000, 0.000, 0.000, 10:19:09.974, 7
53, 16.21, 12.48, 21.41, 17.62, 0.000, 0.000, 0.000, 10:19:09.974, 7
54, 13.22, 11.79, 17.89, 16.87, 0.000, 0.000, 0.000, 10:19:09.974, 7
55, 13.06, 6.37, 11.23, 14.50, 0.000, 0.000, 0.000, 10:19:09.988, 7
56, 10.38, 11.32, 15.34, 15.86, 0.000, 0.000, 0.000, 10:19:09.988, 7
57, 17.16, 17.94, 20.73, 21.52, 0.000, 0.000, 0.000, 10:19:10.003, 7
58, 14.94, 17.50, 13.31, 19.67, 0.000, 0.000, 0.000, 10:19:10.003, 7
59, 14.53, 6.11, 12.87, 13.34, 0.000, 0.000, 0.000, 10:19:10.005, 7
60, 14.80, 8.59, 12.28, 13.16, 0.000, 0.000, 0.000, 10:19:10.006, 7
61, 14.69, 12.79, 23.03, 17.47, 0.000, 0.000, 0.000, 10:19:10.034, 7
62, 14.01, 12.58, 16.48, 20.81, 0.000, 0.000, 0.000, 10:19:10.035, 7
63, 14.83, 12.77, 14.03, 13.07, 0.000, 0.000, 0.000, 10:19:10.035, 7
64, 13.73, 9.46, 16.22, 13.96, 0.000, 0.000, 0.000, 10:19:10.035, 7
65, 15.23, 12.37, 19.45, 15.39, 0.000, 0.000, 0.000, 10:19:10.035, 7
66, 9.63, 15.90, 18.21, 17.19, 0.000, 0.000, 0.000, 10:19:10.035, 7
67, 10.62, 6.43, 16.01, 7.85, 0.000, 0.000, 0.000, 10:19:10.048, 7
68, 18.12, 8.04, 14.42, 11.07, 0.000, 0.000, 0.000, 10:19:10.049, 7
69, 16.44, 19.68, 19.29, 17.74, 0.000, 0.000, 0.000, 10:19:10.063, 7
70, 15.26, 15.84, 14.31, 16.38, 0.000, 0.000, 0.000, 10:19:10.064, 7
71, 15.06, 9.32, 17.30, 14.00, 0.000, 0.000, 0.000, 10:19:10.065, 7
72, 12.48, 11.86, 16.89, 20.94, 0.000, 0.000, 0.000, 10:19:10.065, 7
73, 16.18, 14.34, 23.81, 18.83, 0.000, 0.000, 0.000, 10:19:10.078, 7
74, 16.57, 11.47, 13.38, 18.28, 0.000, 0.000, 0.000, 10:19:10.079, 7
75, 6.71, 6.34, 15.40, 7.95, 0.000, 0.000, 0.000, 10:19:10.093, 7
76, 15.06, 9.18, 12.20, 16.57, 0.000, 0.000, 0.000, 10:19:10.093, 7
77, 18.93, 16.43, 23.31, 26.16, 0.000, 0.000, 0.000, 10:19:10.094, 7
78, 14.13, 12.36, 15.71, 16.33, 0.000, 0.000, 0.000, 10:19:10.094, 7
79, 8.80, 12.78, 15.08, 12.38, 0.000, 0.000, 0.000, 10:19:10.108, 7
80, 14.14, 15.23, 18.80, 17.61, 0.000, 0.000, 0.000, 10:19:10.108, 7
81, 18.90, 18.21, 20.23, 21.19, 0.000, 0.000, 0.000, 10:19:10.123, 7
82, 16.16, 13.96, 15.66, 18.58, 0.000, 0.000, 0.000, 10:19:10.123, 7
83, 12.11, 8.52, 11.28, 17.26, 0.000, 0.000, 0.000, 10:19:10.124, 7
84, 12.23, 10.34, 15.55, 17.24, 0.000, 0.000, 0.000, 10:19:10.124, 7
85, 14.50, 13.04, 19.05, 15.12, 0.000, 0.000, 0.000, 10:19:10.139, 7
86, 11.11, 12.13, 17.80, 15.31, 0.000, 0.000, 0.000, 10:19:10.139, 7
87, 9.08, 3.34, 10.09, 12.03, 0.000, 0.000, 0.000, 10:19:10.154, 7
88, 11.17, 10.93, 16.59, 13.72, 0.000, 0.000, 0.000, 10:19:10.155, 7
89, 18.02, 12.84, 21.27, 20.94, 0.000, 0.000, 0.000, 10:19:10.155, 7
90, 13.72, 12.98, 15.95, 17.70, 0.000, 0.000, 0.000, 10:19:10.155, 7
91, 11.43, 10.53, 14.27, 18.90, 0.000, 0.000, 0.000, 10:19:10.169, 7
92, 9.63, 9.38, 13.91, 11.47, 0.000, 0.000, 0.000, 10:19:10.170, 7
93, 15.64, 13.85, 19.48, 15.90, 0.000, 0.000, 0.000, 10:19:10.183, 7
94, 13.74, 15.67, 16.95, 17.67, 0.000, 0.000, 0.000, 10:19:10.184, 7
95, 13.33, 9.22, 19.82, 10.46, 0.000, 0.000, 0.000, 10:19:10.186, 7
96, 15.91, 10.87, 19.12, 17.90, 0.000, 0.000, 0.000, 10:19:10.186, 7
97, 14.54, 14.01, 17.06, 17.94, 0.000, 0.000, 0.000, 10:19:10.206, 7
98, 15.31, 13.87, 18.15, 19.40, 0.000, 0.000, 0.000, 10:19:10.207, 7
99, 10.90, 5.39, 9.96, 12.27, 0.000, 0.000, 0.000, 10:19:10.215, 7
100, 12.49, 9.74, 15.44, 11.07, 0.000, 0.000, 0.000, 10:19:10.216, 7
101, 13.11, 18.23, 18.96, 13.83, 0.000, 0.000, 0.000, 10:19:10.222, 7
102, 15.50, 11.84, 15.26, 15.97, 0.000, 0.000, 0.000, 10:19:10.222, 7
103, 12.97, 8.19, 10.00, 11.87, 0.000, 0.000, 0.000, 10:19:10.229, 7
104, 10.26, 7.82, 17.87, 7.55, 0.000, 0.000, 0.000, 10:19:10.230, 7
105, 14.00, 11.58, 16.67, 11.44, 0.000, 0.000, 0.000, 10:19:10.245, 7
106, 12.89, 13.25, 15.95, 18.96, 0.000, 0.000, 0.000, 10:19:10.245, 7
107, 9.95, 12.33, 13.41, 9.16, 0.000, 0.000, 0.000, 10:19:10.246, 7
108, 12.85, 12.18, 18.02, 13.98, 0.000, 0.000, 0.000, 10:19:10.246, 7
109, 19.09, 17.53, 20.38, 21.59, 0.000, 0.000, 0.000, 10:19:10.259, 7
110, 14.89, 9.83, 16.11, 16.06, 0.000, 0.000, 0.000, 10:19:10.260, 7
111, 7.59, 5.47, 10.92, 10.33, 0.000, 0.000, 0.000, 10:19:10.274, 7
112, 15.86, 10.80, 17.35, 17.93, 0.000, 0.000, 0.000, 10:19:10.275, 7
113, 17.01, 16.40, 20.46, 25.42, 0.000, 0.000, 0.000, 10:19:10.276, 7
114, 14.74, 13.95, 14.07, 18.21, 0.000, 0.000, 0.000, 10:19:10.276, 7
115, 10.07, 4.91, 14.84, 8.86, 0.000, 0.000, 0.000, 10:19:10.289, 7
116, 14.91, 12.97, 14.00, 15.45, 0.000, 0.000, 0.000, 10:19:10.290, 7
117, 15.71, 16.51, 21.51, 20.09, 0.000, 0.000, 0.000, 10:19:10.304, 7
118, 15.51, 12.98, 17.99, 10.12, 0.000, 0.000, 0.000, 10:19:10.305, 7
119, 13.71, 11.20, 14.53, 13.68, 0.000, 0.000, 0.000, 10:19:10.305, 7
120, 11.17, 11.02, 21.09, 14.85, 0.000, 0.000, 0.000, 10:19:10.305, 7
121, 19.46, 10.97, 16.95, 19.83, 0.000, 0.000, 0.000, 10:19:10.320, 7
122, 13.17, 14.26, 16.63, 11.37, 0.000, 0.000, 0.000, 10:19:10.320, 7
123, 11.65, 8.64, 9.11, 17.19, 0.000, 0.000, 0.000, 10:19:10.334, 7
124, 15.71, 8.78, 16.98, 19.95, 0.000, 0.000, 0.000, 10:19:10.335, 7
125, 19.61, 12.35, 17.45, 20.35, 0.000, 0.000, 0.000, 10:19:10.336, 7
126, 11.44, 11.73, 15.60, 14.95, 0.000, 0.000, 0.000, 10:19:10.337, 7
127, 9.46, 8.99, 13.18, 11.20, 0.000, 0.000, 0.000, 10:19:10.350, 7
128, 10.97, 8.06, 12.05, 12.94, 0.000, 0.000, 0.000, 10:19:10.350, 7
129, 12.02, 9.46, 21.54, 13.80, 0.000, 0.000, 0.000, 10:19:10.364, 7
130, 13.39, 18.21, 16.47, 11.40, 0.000, 0.000, 0.000, 10:19:10.365, 7
131, 11.09, 11.10, 13.24, 5.19, 0.000, 0.000, 0.000, 10:19:10.366, 7
132, 12.51, 11.27, 14.34, 11.53, 0.000, 0.000, 0.000, 10:19:10.367, 7
133, 11.40, 13.71, 17.81, 16.16, 0.000, 0.000, 0.000, 10:19:10.379, 7
134, 15.21, 14.24, 20.50, 16.31, 0.000, 0.000, 0.000, 10:19:10.379, 7
135, 12.43, 7.93, 14.00, 8.04, 0.000, 0.000, 0.000, 10:19:10.394, 7
136, 12.63, 11.15, 16.37, 12.32, 0.000, 0.000, 0.000, 10:19:10.394, 7
137, 17.31, 16.35, 21.78, 18.31, 0.000, 0.000, 0.000, 10:19:10.395, 7
138, 13.80, 12.75, 16.98, 15.11, 0.000, 0.000, 0.000, 10:19:10.396, 7
139, 10.47, 6.73, 17.75, 11.00, 0.000, 0.000, 0.000, 10:19:10.421, 7
140, 14.77, 9.44, 17.99, 17.36, 0.000, 0.000, 0.000, 10:19:10.422, 7
141, 14.94, 14.17, 18.25, 19.50, 0.000, 0.000, 0.000, 10:19:10.424, 7
142, 12.40, 14.48, 17.87, 18.18, 0.000, 0.000, 0.000, 10:19:10.424, 7
143, 9.88, 10.77, 15.44, 10.32, 0.000, 0.000, 0.000, 10:19:10.425, 7
144, 10.55, 11.72, 14.29, 11.36, 0.000, 0.000, 0.000, 10:19:10.426, 7
145, 12.41, 15.67, 15.94, 13.91, 0.000, 0.000, 0.000, 10:19:10.438, 7
146, 12.11, 11.86, 13.79, 14.64, 0.000, 0.000, 0.000, 10:19:10.439, 7
147, 14.69, 9.62, 13.10, 11.00, 0.000, 0.000, 0.000, 10:19:10.453, 7
148, 18.35, 14.05, 18.45, 12.70, 0.000, 0.000, 0.000, 10:19:10.453, 7
149, 17.01, 14.68, 20.28, 14.21, 0.000, 0.000, 0.000, 10:19:10.454, 7
150, 18.39, 12.50, 20.75, 13.52, 0.000, 0.000, 0.000, 10:19:10.454, 7
151, 14.18, 11.47, 13.62, 11.89, 0.000, 0.000, 0.000, 10:19:10.469, 7
152, 9.39, 11.31, 16.30, 16.03, 0.000, 0.000, 0.000, 10:19:10.469, 7
153, 15.05, 11.85, 18.18, 18.27, 0.000, 0.000, 0.000, 10:19:10.484, 7
154, 15.45, 12.75, 15.54, 11.38, 0.000, 0.000, 0.000, 10:19:10.485, 7
155, 10.55, 6.26, 13.44, 13.30, 0.000, 0.000, 0.000, 10:19:10.485, 7
156, 13.76, 9.42, 15.50, 14.74, 0.000, 0.000, 0.000, 10:19:10.485, 7
157, 13.89, 9.60, 21.40, 20.21, 0.000, 0.000, 0.000, 10:19:10.499, 7
158, 12.38, 11.93, 17.07, 17.85, 0.000, 0.000, 0.000, 10:19:10.502, 7
159, 6.92, 8.51, 14.61, 7.29, 0.000, 0.000, 0.000, 10:19:10.515, 7
160, 13.86, 13.33, 15.30, 17.88, 0.000, 0.000, 0.000, 10:19:10.515, 7
161, 17.49, 17.08, 20.19, 19.45, 0.000, 0.000, 0.000, 10:19:10.516, 7
162, 17.02, 13.84, 19.04, 17.48, 0.000, 0.000, 0.000, 10:19:10.516, 7
163, 15.36, 6.22, 12.37, 7.55, 0.000, 0.000, 0.000, 10:19:10.529, 7
164, 13.41, 13.96, 17.72, 10.73, 0.000, 0.000, 0.000, 10:19:10.529, 7
165, 17.57, 14.89, 21.64, 18.15, 0.000, 0.000, 0.000, 10:19:10.544, 7
166, 18.49, 12.62, 17.12, 17.64, 0.000, 0.000, 0.000, 10:19:10.544, 7
167, 12.38, 9.81, 11.08, 14.69, 0.000, 0.000, 0.000, 10:19:10.544, 7
168, 10.26, 10.91, 15.04, 11.90, 0.000, 0.000, 0.000, 10:19:10.544, 7
169, 15.66, 14.36, 15.71, 17.59, 0.000, 0.000, 0.000, 10:19:10.559, 7
170, 13.54, 13.09, 15.23, 18.16, 0.000, 0.000, 0.000, 10:19:10.559, 7
171, 12.56, 10.82, 13.11, 13.11, 0.000, 0.000, 0.000, 10:19:10.574, 7
172, 15.32, 12.38, 13.93, 15.73, 0.000, 0.000, 0.000, 10:19:10.575, 7
173, 14.19, 14.83, 17.96, 16.65, 0.000, 0.000, 0.000, 10:19:10.576, 7
174, 12.62, 11.60, 20.40, 14.32, 0.000, 0.000, 0.000, 10:19:10.576, 7
175, 11.04, 11.71, 15.39, 11.73, 0.000, 0.000, 0.000, 10:19:10.590, 7
176, 9.09, 11.97, 16.42, 13.30, 0.000, 0.000, 0.000, 10:19:10.590, 7
177, 13.08, 14.08, 18.18, 22.32, 0.000, 0.000, 0.000, 10:19:10.603, 7
178, 12.62, 11.45, 15.76, 15.04, 0.000, 0.000, 0.000, 10:19:10.604, 7
179, 10.53, 10.52, 9.22, 11.94, 0.000, 0.000, 0.000, 10:19:10.604, 7
180, 16.05, 7.87, 16.51, 19.63, 0.000, 0.000, 0.000, 10:19:10.604, 7
181, 17.30, 12.77, 20.73, 17.37, 0.000, 0.000, 0.000, 10:19:10.625, 7
182, 14.51, 11.87, 16.81, 15.49, 0.000, 0.000, 0.000, 10:19:10.625, 7
183, 12.81, 9.42, 10.49, 10.30, 0.000, 0.000, 0.000, 10:19:10.634, 7
184, 9.83, 9.36, 17.16, 16.26, 0.000, 0.000, 0.000, 10:19:10.635, 7
185, 18.75, 16.71, 19.74, 18.09, 0.000, 0.000, 0.000, 10:19:10.636, 7
186, 12.33, 9.34, 16.07, 23.95, 0.000, 0.000, 0.000, 10:19:10.636, 7
187, 13.67, 7.35, 12.26, 12.37, 0.000, 0.000, 0.000, 10:19:10.666, 7
188, 16.99, 12.83, 17.76, 13.65, 0.000, 0.000, 0.000, 10:19:10.666, 7
189, 15.40, 16.34, 19.45, 21.33, 0.000, 0.000, 0.000, 10:19:10.667, 7
190, 15.17, 11.70, 20.14, 19.71, 0.000, 0.000, 0.000, 10:19:10.667, 7
191, 11.47, 7.90, 16.42, 11.98, 0.000, 0.000, 0.000, 10:19:10.668, 7
192, 16.45, 7.87, 16.82, 15.20, 0.000, 0.000, 0.000, 10:19:10.669, 7
193, 14.43, 12.55, 20.47, 21.71, 0.000, 0.000, 0.000, 10:19:10.678, 7
194, 15.15, 11.62, 19.73, 18.87, 0.000, 0.000, 0.000, 10:19:10.679, 7
195, 9.70, 7.65, 12.09, 10.07, 0.000, 0.000, 0.000, 10:19:10.693, 7
196, 11.00, 11.25, 13.77, 11.13, 0.000, 0.000, 0.000, 10:19:10.694, 7
197, 17.70, 17.86, 21.88, 19.17, 0.000, 0.000, 0.000, 10:19:10.694, 7
198, 14.83, 11.92, 16.80, 17.63, 0.000, 0.000, 0.000, 10:19:10.694, 7
199, 10.22, 10.95, 12.69, 12.70, 0.000, 0.000, 0.000, 10:19:10.708, 7
200, 11.49, 14.43, 16.69, 9.23, 0.000, 0.000, 0.000, 10:19:10.708, 7
0, 11.47, 13.15, 18.99, 17.50, 0.000, 0.000, 0.000, 10:19:10.709, 7
1, 13.87, 8.11, 17.59, 12.28, 0.000, 0.000, 0.000, 10:19:10.723, 7
2, 9.28, 12.70, 7.33, 9.08, 0.000, 0.000, 0.000, 10:19:10.723, 7
3, 11.89, 11.52, 13.68, 13.08, 0.000, 0.000, 0.000, 10:19:10.738, 7
4, 15.32, 10.97, 18.37, 19.15, 0.000, 0.000, 0.000, 10:19:10.738, 7
5, 16.89, 13.21, 16.08, 14.60, 0.000, 0.000, 0.000, 10:19:10.738, 7
6, 11.95, 11.77, 12.49, 15.19, 0.000, 0.000, 0.000, 10:19:10.738, 7
7, 17.00, 14.29, 17.04, 17.23, 0.000, 0.000, 0.000, 10:19:10.753, 7
8, 14.61, 13.02, 17.46, 14.42, 0.000, 0.000, 0.000, 10:19:10.753, 7
9, 15.02, 11.68, 16.92, 15.36, 0.000, 0.000, 0.000, 10:19:10.768, 7
10, 10.54, 8.91, 14.78, 11.39, 0.000, 0.000, 0.000, 10:19:10.768, 7
11, 16.75, 9.30, 16.37, 14.91, 0.000, 0.000, 0.000, 10:19:10.769, 7
12, 18.95, 17.66, 22.33, 20.86, 0.000, 0.000, 0.000, 10:19:10.769, 7
13, 16.53, 15.64, 17.51, 29.07, 0.000, 0.000, 0.000, 10:19:10.784, 7
14, 10.37, 7.28, 12.05, 10.85, 0.000, 0.000, 0.000, 10:19:10.784, 7
15, 10.40, 9.70, 16.91, 13.76, 0.000, 0.000, 0.000, 10:19:10.798, 7
16, 15.97, 16.39, 19.27, 18.10, 0.000, 0.000, 0.000, 10:19:10.799, 7
17, 17.27, 14.68, 22.62, 15.90, 0.000, 0.000, 0.000, 10:19:10.800, 7
18, 10.36, 7.07, 13.75, 12.61, 0.000, 0.000, 0.000, 10:19:10.800, 7
19, 15.05, 15.66, 14.26, 12.99, 0.000, 0.000, 0.000, 10:19:10.813, 7
20, 14.12, 15.31, 22.30, 18.30, 0.000, 0.000, 0.000, 10:19:10.813, 7
21, 10.61, 13.33, 21.35, 12.19, 0.000, 0.000, 0.000, 10:19:10.828, 7
22, 11.11, 9.28, 15.06, 10.96, 0.000, 0.000, 0.000, 10:19:10.828, 7
23, 10.13, 10.80, 18.98, 11.42, 0.000, 0.000, 0.000, 10:19:10.828, 7
24, 16.75, 10.83, 23.03, 19.01, 0.000, 0.000, 0.000, 10:19:10.829, 7
25, 13.07, 11.83, 16.80, 16.89, 0.000, 0.000, 0.000, 10:19:10.844, 7
26, 16.86, 8.78, 8.78, 12.97, 0.000, 0.000, 0.000, 10:19:10.844, 7
27, 13.76, 9.34, 15.21, 19.02, 0.000, 0.000, 0.000, 10:19:10.859, 7
28, 14.06, 14.52, 13.21, 16.21, 0.000, 0.000, 0.000, 10:19:10.859, 7
29, 16.09, 13.91, 19.21, 18.71, 0.000, 0.000, 0.000, 10:19:10.859, 7
30, 10.69, 9.67, 12.51, 12.65, 0.000, 0.000, 0.000, 10:19:10.859, 7
31, 13.30, 12.39, 13.33, 14.91, 0.000, 0.000, 0.000, 10:19:10.873, 7
32, 13.70, 12.06, 17.82, 16.46, 0.000, 0.000, 0.000, 10:19:10.874, 7
33, 19.12, 9.16, 15.92, 11.01, 0.000, 0.000, 0.000, 10:19:10.889, 7
34, 13.09, 10.19, 13.88, 6.84, 0.000, 0.000, 0.000, 10:19:10.889, 7
35, 14.40, 11.22, 14.71, 12.20, 0.000, 0.000, 0.000, 10:19:10.890, 7
36, 14.48, 17.28, 19.75, 22.88, 0.000, 0.000, 0.000, 10:19:10.890, 7
37, 13.33, 12.00, 16.49, 13.49, 0.000, 0.000, 0.000, 10:19:10.904, 7
38, 9.48, 9.37, 11.66, 10.98, 0.000, 0.000, 0.000, 10:19:10.905, 7
39, 13.67, 13.13, 17.53, 13.47, 0.000, 0.000, 0.000, 10:19:10.920, 7
40, 17.94, 16.33, 20.07, 19.48, 0.000, 0.000, 0.000, 10:19:10.920, 7
41, 9.46, 10.81, 16.49, 15.45, 0.000, 0.000, 0.000, 10:19:10.921, 7
42, 10.22, 11.34, 17.32, 12.88, 0.000, 0.000, 0.000, 10:19:10.921, 7
43, 10.70, 11.70, 16.13, 8.63, 0.000, 0.000, 0.000, 10:19:10.934, 7
44, 16.04, 15.54, 18.35, 16.27, 0.000, 0.000, 0.000, 10:19:10.935, 7
45, 13.47, 12.03, 15.05, 13.94, 0.000, 0.000, 0.000, 10:19:10.949, 7
46, 13.26, 10.48, 14.79, 10.87, 0.000, 0.000, 0.000, 10:19:10.949, 7
47, 11.51, 10.30, 13.95, 15.50, 0.000, 0.000, 0.000, 10:19:10.965, 7
48, 14.21, 11.29, 21.10, 18.93, 0.000, 0.000, 0.000, 10:19:10.965, 7
49, 15.95, 11.42, 18.00, 16.49, 0.000, 0.000, 0.000, 10:19:10.966, 7
50, 15.14, 8.70, 13.21, 12.16, 0.000, 0.000, 0.000, 10:19:10.967, 7
51, 7.42, 11.52, 16.46, 13.87, 0.000, 0.000, 0.000, 10:19:10.978, 7
52, 17.57, 13.28, 21.32, 17.87, 0.000, 0.000, 0.000, 10:19:10.978, 7
53, 14.70, 13.68, 22.99, 12.39, 0.000, 0.000, 0.000, 10:19:10.979, 7
54, 13.87, 7.27, 10.62, 10.06, 0.000, 0.000, 0.000, 10:19:10.979, 7
55, 8.68, 11.60, 12.89, 12.72, 0.000, 0.000, 0.000, 10:19:10.993, 7
56, 15.90, 14.53, 20.88, 19.82, 0.000, 0.000, 0.000, 10:19:10.993, 7
57, 14.88, 10.26, 16.58, 16.21, 0.000, 0.000, 0.000, 10:19:11.008, 7
58, 8.13, 6.29, 10.61, 9.76, 0.000, 0.000, 0.000, 10:19:11.008, 7
59, 13.02, 7.75, 15.26, 10.93, 0.000, 0.000, 0.000, 10:19:11.009, 7
60, 15.78, 16.12, 20.49, 16.74, 0.000, 0.000, 0.000, 10:19:11.009, 7
61, 9.44, 9.36, 17.18, 15.82, 0.000, 0.000, 0.000, 10:19:11.023, 7
62, 7.63, 8.83, 12.49, 12.86, 0.000, 0.000, 0.000, 10:19:11.023, 7
63, 14.31, 12.04, 15.01, 20.64, 0.000, 0.000, 0.000, 10:19:11.038, 7
64, 16.88, 19.63, 16.80, 23.79, 0.000, 0.000, 0.000, 10:19:11.038, 7
65, 18.52, 11.65, 16.87, 24.40, 0.000, 0.000, 0.000, 10:19:11.039, 7
66, 12.40, 10.02, 14.62, 17.86, 0.000, 0.000, 0.000, 10:19:11.039, 7
67, 16.48, 10.32, 12.58, 17.89, 0.000, 0.000, 0.000, 10:19:11.053, 7
68, 14.86, 18.90, 14.02, 25.68, 0.000, 0.000, 0.000, 10:19:11.053, 7
69, 14.22, 14.40, 19.84, 16.61, 0.000, 0.000, 0.000, 10:19:11.068, 7
70, 11.68, 7.65, 13.90, 11.37, 0.000, 0.000, 0.000, 10:19:11.068, 7
71, 13.92, 10.18, 13.06, 12.34, 0.000, 0.000, 0.000, 10:19:11.069, 7
72, 14.83, 14.47, 16.96, 18.63, 0.000, 0.000, 0.000, 10:19:11.069, 7
73, 19.00, 13.49, 17.40, 14.31, 0.000, 0.000, 0.000, 10:19:11.084, 7
74, 10.52, 7.04, 15.07, 10.64, 0.000, 0.000, 0.000, 10:19:11.084, 7
75, 11.46, 12.74, 14.01, 10.15, 0.000, 0.000, 0.000, 10:19:11.100, 7
76, 21.16, 18.94, 19.66, 16.50, 0.000, 0.000, 0.000, 10:19:11.100, 7
77, 11.88, 7.56, 14.84, 12.47, 0.000, 0.000, 0.000, 10:19:11.106, 7
78, 12.71, 10.42, 11.25, 14.14, 0.000, 0.000, 0.000, 10:19:11.106, 7
79, 15.61, 10.32, 15.76, 13.88, 0.000, 0.000, 0.000, 10:19:11.114, 7
80, 16.91, 15.71, 20.57, 20.29, 0.000, 0.000, 0.000, 10:19:11.115, 7
81, 14.30, 13.12, 21.71, 16.99, 0.000, 0.000, 0.000, 10:19:11.128, 7
82, 13.14, 11.36, 16.57, 10.23, 0.000, 0.000, 0.000, 10:19:11.128, 7
83, 12.18, 15.51, 19.79, 14.31, 0.000, 0.000, 0.000, 10:19:11.143, 7
84, 14.87, 15.38, 23.62, 21.99, 0.000, 0.000, 0.000, 10:19:11.143, 7
85, 13.42, 14.71, 17.03, 16.42, 0.000, 0.000, 0.000, 10:19:11.143, 7
86, 11.74, 6.76, 16.87, 15.95, 0.000, 0.000, 0.000, 10:19:11.144, 7
87, 14.65, 5.71, 15.45, 13.04, 0.000, 0.000, 0.000, 10:19:11.158, 7
88, 16.64, 15.04, 18.68, 20.61, 0.000, 0.000, 0.000, 10:19:11.158, 7
89, 10.38, 10.54, 14.77, 13.95, 0.000, 0.000, 0.000, 10:19:11.158, 7
90, 10.52, 10.37, 10.06, 10.01, 0.000, 0.000, 0.000, 10:19:11.159, 7
91, 12.62, 8.53, 15.97, 11.67, 0.000, 0.000, 0.000, 10:19:11.173, 7
92, 11.71, 18.22, 21.87, 21.85, 0.000, 0.000, 0.000, 10:19:11.173, 7
93, 13.78, 9.77, 15.84, 13.42, 0.000, 0.000, 0.000, 10:19:11.188, 7
94, 12.39, 9.11, 13.92, 14.19, 0.000, 0.000, 0.000, 10:19:11.188, 7
95, 13.25, 12.04, 16.29, 15.38, 0.000, 0.000, 0.000, 10:19:11.188, 7
96, 13.67, 12.27, 19.20, 20.95, 0.000, 0.000, 0.000, 10:19:11.188, 7
97, 15.60, 11.04, 18.86, 23.03, 0.000, 0.000, 0.000, 10:19:11.202, 7
98, 12.52, 11.00, 12.77, 25.15, 0.000, 0.000, 0.000, 10:19:11.203, 7
99, 15.40, 15.74, 20.23, 18.03, 0.000, 0.000, 0.000, 10:19:11.218, 7
100, 11.49, 10.85, 18.75, 25.01, 0.000, 0.000, 0.000, 10:19:11.218, 7
101, 15.46, 14.80, 17.72, 14.50, 0.000, 0.000, 0.000, 10:19:11.218, 7
102, 12.99, 10.13, 14.50, 10.41, 0.000, 0.000, 0.000, 10:19:11.218, 7
103, 16.86, 9.02, 16.86, 12.24, 0.000, 0.000, 0.000, 10:19:11.234, 7
104, 17.61, 13.67, 18.36, 18.71, 0.000, 0.000, 0.000, 10:19:11.235, 7
105, 17.89, 13.96, 14.91, 20.00, 0.000, 0.000, 0.000, 10:19:11.249, 7
106, 12.73, 10.51, 14.41, 10.27, 0.000, 0.000, 0.000, 10:19:11.249, 7
107, 13.04, 11.82, 17.40, 12.47, 0.000, 0.000, 0.000, 10:19:11.249, 7
108, 14.92, 16.67, 21.40, 16.98, 0.000, 0.000, 0.000, 10:19:11.250, 7
109, 13.03, 13.70, 12.89, 19.83, 0.000, 0.000, 0.000, 10:19:11.264, 7
110, 9.59, 8.35, 12.52, 10.09, 0.000, 0.000, 0.000, 10:19:11.265, 7
111, 12.35, 9.88, 16.83, 4.88, 0.000, 0.000, 0.000, 10:19:11.278, 7
112, 21.06, 13.03, 19.95, 17.06, 0.000, 0.000, 0.000, 10:19:11.279, 7
113, 12.42, 15.60, 20.33, 19.60, 0.000, 0.000, 0.000, 10:19:11.279, 7
114, 6.58, 11.76, 10.89, 4.03, 0.000, 0.000, 0.000, 10:19:11.279, 7
115, 10.22, 8.66, 16.19, 10.54, 0.000, 0.000, 0.000, 10:19:11.293, 7
116, 14.54, 13.93, 17.83, 20.70, 0.000, 0.000, 0.000, 10:19:11.293, 7
117, 14.27, 12.61, 14.41, 17.91, 0.000, 0.000, 0.000, 10:19:11.308, 7
118, 11.02, 12.12, 11.34, 19.65, 0.000, 0.000, 0.000, 10:19:11.308, 7
119, 11.79, 7.49, 14.05, 20.55, 0.000, 0.000, 0.000, 10:19:11.309, 7
120, 14.54, 15.03, 17.52, 22.08, 0.000, 0.000, 0.000, 10:19:11.309, 7
121, 10.86, 14.85, 18.05, 19.39, 0.000, 0.000, 0.000, 10:19:11.323, 7
122, 12.03, 10.77, 15.17, 10.07, 0.000, 0.000, 0.000, 10:19:11.323, 7
123, 14.51, 7.72, 19.82, 14.57, 0.000, 0.000, 0.000, 10:19:11.338, 7
124, 13.43, 12.41, 20.94, 19.60, 0.000, 0.000, 0.000, 10:19:11.338, 7
125, 14.94, 13.15, 15.94, 15.02, 0.000, 0.000, 0.000, 10:19:11.339, 7
126, 11.74, 9.61, 14.03, 6.66, 0.000, 0.000, 0.000, 10:19:11.339, 7
127, 15.05, 12.64, 13.35, 20.48, 0.000, 0.000, 0.000, 10:19:11.353, 7
128, 17.67, 14.84, 18.19, 27.68, 0.000, 0.000, 0.000, 10:19:11.353, 7
129, 10.08, 12.28, 16.18, 7.65, 0.000, 0.000, 0.000, 10:19:11.368, 7
130, 13.01, 5.83, 12.22, 5.31, 0.000, 0.000, 0.000, 10:19:11.368, 7
131, 11.61, 10.97, 15.39, 16.30, 0.000, 0.000, 0.000, 10:19:11.369, 7
132, 18.67, 10.21, 18.87, 16.25, 0.000, 0.000, 0.000, 10:19:11.369, 7
133, 12.35, 13.86, 15.74, 19.40, 0.000, 0.000, 0.000, 10:19:11.384, 7
134, 13.89, 11.42, 14.86, 10.66, 0.000, 0.000, 0.000, 10:19:11.384, 7
135, 13.42, 6.80, 18.17, 15.76, 0.000, 0.000, 0.000, 10:19:11.398, 7
136, 15.85, 12.45, 19.24, 22.54, 0.000, 0.000, 0.000, 10:19:11.398, 7
137, 15.26, 12.57, 20.55, 17.90, 0.000, 0.000, 0.000, 10:19:11.399, 7
138, 16.12, 8.99, 11.55, 5.67, 0.000, 0.000, 0.000, 10:19:11.400, 7
139, 19.04, 10.06, 13.93, 11.33, 0.000, 0.000, 0.000, 10:19:11.414, 7
140, 14.74, 15.11, 16.25, 20.17, 0.000, 0.000, 0.000, 10:19:11.414, 7
141, 15.70, 10.42, 13.59, 18.89, 0.000, 0.000, 0.000, 10:19:11.458, 7
142, 9.74, 8.36, 15.15, 16.80, 0.000, 0.000, 0.000, 10:19:11.459, 7
143, 12.96, 11.78, 17.75, 17.15, 0.000, 0.000, 0.000, 10:19:11.459, 7
144, 12.42, 11.75, 16.34, 20.68, 0.000, 0.000, 0.000, 10:19:11.459, 7
145, 15.55, 10.34, 17.56, 14.90, 0.000, 0.000, 0.000, 10:19:11.460, 7
146, 13.43, 9.02, 13.59, 13.19, 0.000, 0.000, 0.000, 10:19:11.460, 7
147, 14.74, 10.74, 16.27, 11.05, 0.000, 0.000, 0.000, 10:19:11.460, 7
148, 14.07, 16.22, 19.91, 15.12, 0.000, 0.000, 0.000, 10:19:11.461, 7
149, 14.15, 17.17, 19.12, 17.71, 0.000, 0.000, 0.000, 10:19:11.461, 7
150, 10.29, 10.08, 13.48, 18.70, 0.000, 0.000, 0.000, 10:19:11.461, 7
151, 11.39, 11.20, 13.23, 16.19, 0.000, 0.000, 0.000, 10:19:11.474, 7
152, 17.01, 8.10, 16.56, 20.50, 0.000, 0.000, 0.000, 10:19:11.474, 7
153, 13.55, 14.18, 19.21, 17.49, 0.000, 0.000, 0.000, 10:19:11.489, 7
154, 14.66, 11.36, 15.13, 10.38, 0.000, 0.000, 0.000, 10:19:11.489, 7
155, 15.77, 10.57, 17.88, 22.26, 0.000, 0.000, 0.000, 10:19:11.489, 7
156, 16.62, 16.04, 22.30, 17.82, 0.000, 0.000, 0.000, 10:19:11.490, 7
157, 15.43, 13.46, 18.27, 16.62, 0.000, 0.000, 0.000, 10:19:11.504, 7
158, 12.12, 10.06, 18.02, 13.67, 0.000, 0.000, 0.000, 10:19:11.504, 7
159, 11.86, 11.20, 15.66, 2.71, 0.000, 0.000, 0.000, 10:19:11.519, 7
160, 16.19, 17.01, 20.02, 10.40, 0.000, 0.000, 0.000, 10:19:11.520, 7
161, 17.10, 12.55, 16.47, 11.32, 0.000, 0.000, 0.000, 10:19:11.533, 7
162, 12.32, 7.58, 9.05, 5.83, 0.000, 0.000, 0.000, 10:19:11.534, 7
163, 11.49, 12.83, 15.25, 11.34, 0.000, 0.000, 0.000, 10:19:11.535, 7
164, 14.71, 11.20, 20.34, 14.50, 0.000, 0.000, 0.000, 10:19:11.536, 7
165, 15.19, 14.21, 19.91, 9.54, 0.000, 0.000, 0.000, 10:19:11.549, 7
166, 13.06, 8.58, 15.94, 14.93, 0.000, 0.000, 0.000, 10:19:11.549, 7
167, 9.37, 11.21, 16.80, 9.50, 0.000, 0.000, 0.000, 10:19:11.549, 7
168, 13.20, 10.40, 17.41, 15.67, 0.000, 0.000, 0.000, 10:19:11.550, 7
169, 11.49, 11.78, 17.17, 13.77, 0.000, 0.000, 0.000, 10:19:11.563, 7
170, 11.91, 10.79, 11.77, 7.81, 0.000, 0.000, 0.000, 10:19:11.564, 7
171, 15.88, 14.80, 18.52, 14.30, 0.000, 0.000, 0.000, 10:19:11.579, 7
172, 12.47, 14.59, 22.48, 15.92, 0.000, 0.000, 0.000, 10:19:11.579, 7
173, 14.66, 13.07, 19.31, 19.69, 0.000, 0.000, 0.000, 10:19:11.580, 7
174, 10.83, 11.74, 13.44, 18.80, 0.000, 0.000, 0.000, 10:19:11.580, 7
175, 17.66, 8.64, 16.39, 19.60, 0.000, 0.000, 0.000, 10:19:11.594, 7
176, 20.80, 16.26, 18.73, 15.62, 0.000, 0.000, 0.000, 10:19:11.595, 7
177, 13.43, 10.73, 21.45, 16.64, 0.000, 0.000, 0.000, 10:19:11.609, 7
178, 11.01, 8.08, 12.59, 12.20, 0.000, 0.000, 0.000, 10:19:11.610, 7
179, 8.75, 10.33, 16.44, 16.20, 0.000, 0.000, 0.000, 10:19:11.610, 7
180, 14.61, 16.53, 16.52, 17.77, 0.000, 0.000, 0.000, 10:19:11.611, 7
181, 15.12, 10.49, 15.21, 16.77, 0.000, 0.000, 0.000, 10:19:11.624, 7
182, 9.40, 7.30, 11.48, 11.02, 0.000, 0.000, 0.000, 10:19:11.625, 7
183, 9.93, 13.84, 17.47, 15.31, 0.000, 0.000, 0.000, 10:19:11.639, 7
184, 17.81, 16.01, 18.04, 21.01, 0.000, 0.000, 0.000, 10:19:11.640, 7
185, 16.50, 12.75, 16.45, 16.27, 0.000, 0.000, 0.000, 10:19:11.640, 7
186, 12.70, 6.22, 13.04, 22.38, 0.000, 0.000, 0.000, 10:19:11.640, 7
187, 15.83, 10.60, 16.97, 20.91, 0.000, 0.000, 0.000, 10:19:11.654, 7
188, 15.23, 11.47, 16.81, 21.68, 0.000, 0.000, 0.000, 10:19:11.655, 7
189, 13.35, 10.70, 16.05, 15.00, 0.000, 0.000, 0.000, 10:19:11.669, 7
190, 12.60, 12.40, 12.84, 11.29, 0.000, 0.000, 0.000, 10:19:11.670, 7
191, 12.55, 15.28, 15.59, 13.36, 0.000, 0.000, 0.000, 10:19:11.673, 7
192, 14.62, 15.83, 22.58, 15.96, 0.000, 0.000, 0.000, 10:19:11.673, 7
193, 16.40, 11.32, 21.71, 13.76, 0.000, 0.000, 0.000, 10:19:11.700, 7
194, 11.17, 11.43, 9.57, 13.30, 0.000, 0.000, 0.000, 10:19:11.701, 7
195, 12.30, 9.08, 16.95, 15.73, 0.000, 0.000, 0.000, 10:19:11.702, 7
196, 14.69, 13.23, 20.95, 12.23, 0.000, 0.000, 0.000, 10:19:11.702, 7
197, 9.46, 13.15, 16.31, 15.04, 0.000, 0.000, 0.000, 10:19:11.704, 7
198, 11.48, 5.31, 15.68, 8.17, 0.000, 0.000, 0.000, 10:19:11.705, 7
199, 11.42, 15.42, 12.64, 13.64, 0.000, 0.000, 0.000, 10:19:11.714, 7
200, 18.68, 17.09, 17.22, 16.51, 0.000, 0.000, 0.000, 10:19:11.715, 7
0, 11.21, 15.01, 16.06, 17.02, 0.000, 0.000, 0.000, 10:19:11.716, 7
1, 12.05, 9.74, 14.90, 11.44, 0.000, 0.000, 0.000, 10:19:11.729, 7
2, 10.53, 14.11, 16.59, 12.65, 0.000, 0.000, 0.000, 10:19:11.729, 7
3, 16.84, 15.02, 16.35, 16.21, 0.000, 0.000, 0.000, 10:19:11.744, 7
4, 13.44, 11.97, 17.59, 11.34, 0.000, 0.000, 0.000, 10:19:11.745, 7
5, 9.10, 7.87, 13.88, 12.29, 0.000, 0.000, 0.000, 10:19:11.745, 7
6, 13.31, 11.19, 13.42, 17.07, 0.000, 0.000, 0.000, 10:19:11.745, 7
7, 18.53, 16.03, 15.77, 21.56, 0.000, 0.000, 0.000, 10:19:11.774, 7
8, 15.20, 14.10, 17.25, 16.45, 0.000, 0.000, 0.000, 10:19:11.774, 7
9, 11.42, 7.00, 12.32, 5.29, 0.000, 0.000, 0.000, 10:19:11.775, 7
10, 12.45, 9.82, 18.00, 11.96, 0.000, 0.000, 0.000, 10:19:11.775, 7
11, 15.61, 14.45, 17.13, 22.11, 0.000, 0.000, 0.000, 10:19:11.775, 7
12, 13.81, 12.39, 15.44, 14.21, 0.000, 0.000, 0.000, 10:19:11.776, 7
13, 12.54, 9.15, 15.31, 6.12, 0.000, 0.000, 0.000, 10:19:11.796, 7
14, 12.58, 12.37, 16.87, 8.43, 0.000, 0.000, 0.000, 10:19:11.796, 7
15, 17.17, 14.40, 17.33, 19.33, 0.000, 0.000, 0.000, 10:19:11.804, 7
16, 14.37, 13.16, 18.69, 13.71, 0.000, 0.000, 0.000, 10:19:11.804, 7
17, 13.39, 11.36, 11.23, 10.32, 0.000, 0.000, 0.000, 10:19:11.805, 7
18, 15.42, 11.68, 16.12, 19.92, 0.000, 0.000, 0.000, 10:19:11.805, 7
19, 15.48, 12.34, 21.39, 13.80, 0.000, 0.000, 0.000, 10:19:11.826, 7
20, 13.06, 12.45, 14.34, 15.96, 0.000, 0.000, 0.000, 10:19:11.827, 7
21, 9.03, 8.73, 12.56, 11.12, 0.000, 0.000, 0.000, 10:19:11.833, 7
22, 14.78, 11.91, 11.14, 13.00, 0.000, 0.000, 0.000, 10:19:11.834, 7
23, 15.22, 12.97, 18.71, 16.31, 0.000, 0.000, 0.000, 10:19:11.836, 7
24, 14.78, 11.29, 18.11, 15.72, 0.000, 0.000, 0.000, 10:19:11.836, 7
25, 11.85, 10.53, 16.46, 10.26, 0.000, 0.000, 0.000, 10:19:11.849, 7
26, 12.16, 10.51, 16.29, 14.24, 0.000, 0.000, 0.000, 10:19:11.850, 7
27, 17.55, 15.83, 20.02, 19.45, 0.000, 0.000, 0.000, 10:19:11.875, 7
28, 13.94, 8.60, 14.59, 14.54, 0.000, 0.000, 0.000, 10:19:11.875, 7
29, 10.39, 10.54, 15.19, 11.27, 0.000, 0.000, 0.000, 10:19:11.876, 7
30, 13.15, 10.80, 14.41, 14.64, 0.000, 0.000, 0.000, 10:19:11.876, 7
31, 15.63, 15.05, 21.07, 18.28, 0.000, 0.000, 0.000, 10:19:11.878, 7
32, 16.72, 11.98, 18.09, 15.26, 0.000, 0.000, 0.000, 10:19:11.879, 7
33, 10.58, 6.77, 10.16, 9.42, 0.000, 0.000, 0.000, 10:19:11.895, 7
34, 8.21, 11.60, 16.71, 10.38, 0.000, 0.000, 0.000, 10:19:11.896, 7
35, 17.37, 12.98, 19.09, 16.61, 0.000, 0.000, 0.000, 10:19:11.896, 7
36, 14.01, 10.71, 17.99, 12.58, 0.000, 0.000, 0.000, 10:19:11.896, 7
37, 11.24, 6.04, 16.34, 9.22, 0.000, 0.000, 0.000, 10:19:11.908, 7
38, 14.58, 15.23, 18.08, 18.70, 0.000, 0.000, 0.000, 10:19:11.909, 7
39, 15.15, 12.30, 16.18, 20.12, 0.000, 0.000, 0.000, 10:19:11.923, 7
40, 12.03, 12.26, 12.32, 11.99, 0.000, 0.000, 0.000, 10:19:11.924, 7
41, 11.60, 6.25, 19.70, 10.22, 0.000, 0.000, 0.000, 10:19:11.924, 7
42, 13.36, 13.26, 17.75, 17.71, 0.000, 0.000, 0.000, 10:19:11.924, 7
43, 17.42, 14.10, 20.25, 19.64, 0.000, 0.000, 0.000, 10:19:11.939, 7
44, 13.89, 12.95, 9.40, 13.81, 0.000, 0.000, 0.000, 10:19:11.940, 7
45, 14.61, 14.45, 14.85, 11.78, 0.000, 0.000, 0.000, 10:19:11.954, 7
46, 12.89, 12.97, 14.24, 13.03, 0.000, 0.000, 0.000, 10:19:11.954, 7
47, 17.08, 15.82, 21.44, 19.35, 0.000, 0.000, 0.000, 10:19:11.955, 7
48, 14.43, 14.98, 16.20, 18.81, 0.000, 0.000, 0.000, 10:19:11.955, 7
49, 10.05, 8.75, 15.63, 14.34, 0.000, 0.000, 0.000, 10:19:11.970, 7
50, 11.96, 12.89, 20.14, 12.19, 0.000, 0.000, 0.000, 10:19:11.970, 7
51, 13.75, 13.27, 19.45, 20.51, 0.000, 0.000, 0.000, 10:19:11.984, 7
52, 17.28, 13.16, 20.64, 18.41, 0.000, 0.000, 0.000, 10:19:11.984, 7
53, 14.47, 7.90, 16.68, 10.68, 0.000, 0.000, 0.000, 10:19:11.985, 7
54, 13.63, 11.68, 18.46, 19.19, 0.000, 0.000, 0.000, 10:19:11.986, 7
55, 16.18, 15.43, 20.72, 19.34, 0.000, 0.000, 0.000, 10:19:12.014, 7
56, 16.25, 11.00, 14.47, 15.51, 0.000, 0.000, 0.000, 10:19:12.015, 7
57, 7.39, 7.62, 9.84, 9.78, 0.000, 0.000, 0.000, 10:19:12.016, 7
58, 14.22, 8.90, 16.89, 14.51, 0.000, 0.000, 0.000, 10:19:12.016, 7
59, 12.36, 16.26, 17.67, 23.28, 0.000, 0.000, 0.000, 10:19:12.017, 7
60, 11.55, 15.16, 17.98, 15.43, 0.000, 0.000, 0.000, 10:19:12.017, 7
61, 11.69, 8.45, 10.94, 11.69, 0.000, 0.000, 0.000, 10:19:12.029, 7
62, 14.52, 13.27, 16.23, 16.30, 0.000, 0.000, 0.000, 10:19:12.030, 7
63, 19.84, 10.89, 20.71, 17.65, 0.000, 0.000, 0.000, 10:19:12.044, 7
64, 12.75, 15.17, 16.53, 15.79, 0.000, 0.000, 0.000, 10:19:12.045, 7
65, 10.44, 6.96, 12.50, 10.08, 0.000, 0.000, 0.000, 10:19:12.046, 7
66, 13.26, 11.49, 15.04, 11.39, 0.000, 0.000, 0.000, 10:19:12.046, 7
67, 17.53, 21.74, 21.04, 18.91, 0.000, 0.000, 0.000, 10:19:12.074, 7
68, 14.81, 12.13, 19.71, 12.36, 0.000, 0.000, 0.000, 10:19:12.074, 7
69, 13.15, 5.60, 13.85, 12.86, 0.000, 0.000, 0.000, 10:19:12.075, 7
70, 10.07, 8.53, 16.71, 20.03, 0.000, 0.000, 0.000, 10:19:12.076, 7
71, 17.10, 14.57, 20.14, 18.94, 0.000, 0.000, 0.000, 10:19:12.089, 7
72, 15.38, 11.50, 15.27, 12.54, 0.000, 0.000, 0.000, 10:19:12.089, 7
73, 13.39, 7.84, 12.93, 12.56, 0.000, 0.000, 0.000, 10:19:12.096, 7
74, 12.70, 9.16, 16.14, 16.25, 0.000, 0.000, 0.000, 10:19:12.096, 7
75, 12.22, 13.41, 20.81, 17.78, 0.000, 0.000, 0.000, 10:19:12.103, 7
76, 10.21, 9.86, 14.11, 17.32, 0.000, 0.000, 0.000, 10:19:12.104, 7
77, 12.30, 8.24, 14.37, 16.71, 0.000, 0.000, 0.000, 10:19:12.106, 7
78, 9.93, 13.39, 10.08, 14.82, 0.000, 0.000, 0.000, 10:19:12.106, 7
79, 13.65, 16.19, 21.96, 15.14, 0.000, 0.000, 0.000, 10:19:12.123, 7
80, 13.58, 12.98, 16.72, 10.37, 0.000, 0.000, 0.000, 10:19:12.123, 7
81, 11.03, 5.11, 13.05, 12.00, 0.000, 0.000, 0.000, 10:19:12.133, 7
82, 14.39, 10.51, 14.43, 14.98, 0.000, 0.000, 0.000, 10:19:12.134, 7
83, 19.37, 14.55, 24.77, 22.60, 0.000, 0.000, 0.000, 10:19:12.135, 7
84, 19.73, 10.83, 20.52, 18.96, 0.000, 0.000, 0.000, 10:19:12.135, 7
85, 10.21, 8.44, 6.44, 11.01, 0.000, 0.000, 0.000, 10:19:12.149, 7
86, 11.91, 8.68, 14.94, 10.14, 0.000, 0.000, 0.000, 10:19:12.150, 7
87, 9.15, 15.71, 16.06, 17.51, 0.000, 0.000, 0.000, 10:19:12.165, 7
88, 16.23, 14.52, 14.03, 16.49, 0.000, 0.000, 0.000, 10:19:12.165, 7
89, 14.18, 8.74, 17.10, 13.51, 0.000, 0.000, 0.000, 10:19:12.168, 7
90, 18.01, 14.04, 16.88, 16.78, 0.000, 0.000, 0.000, 10:19:12.168, 7
91, 17.10, 18.95, 24.92, 22.35, 0.000, 0.000, 0.000, 10:19:12.179, 7
92, 15.61, 11.35, 15.84, 11.60, 0.000, 0.000, 0.000, 10:19:12.180, 7
93, 8.79, 7.18, 14.35, 11.16, 0.000, 0.000, 0.000, 10:19:12.194, 7
94, 16.59, 11.25, 18.71, 16.81, 0.000, 0.000, 0.000, 10:19:12.194, 7
95, 15.62, 14.16, 19.35, 22.21, 0.000, 0.000, 0.000, 10:19:12.195, 7
96, 13.40, 14.92, 14.84, 15.05, 0.000, 0.000, 0.000, 10:19:12.195, 7
97, 9.45, 6.77, 3.93, 12.26, 0.000, 0.000, 0.000, 10:19:12.209, 7
98, 13.84, 9.50, 17.45, 12.50, 0.000, 0.000, 0.000, 10:19:12.210, 7
99, 10.23, 13.52, 19.89, 15.82, 0.000, 0.000, 0.000, 10:19:12.224, 7
100, 18.05, 10.95, 18.59, 15.96, 0.000, 0.000, 0.000, 10:19:12.225, 7
101, 11.10, 12.45, 15.75, 8.57, 0.000, 0.000, 0.000, 10:19:12.225, 7
102, 15.31, 10.99, 18.45, 15.85, 0.000, 0.000, 0.000, 10:19:12.225, 7
103, 15.67, 16.92, 19.40, 16.39, 0.000, 0.000, 0.000, 10:19:12.240, 7
104, 12.90, 14.41, 15.93, 15.99, 0.000, 0.000, 0.000, 10:19:12.240, 7
105, 11.04, 10.59, 14.13, 16.44, 0.000, 0.000, 0.000, 10:19:12.255, 7
106, 13.79, 12.54, 18.61, 14.49, 0.000, 0.000, 0.000, 10:19:12.256, 7
107, 12.66, 15.31, 18.12, 18.33, 0.000, 0.000, 0.000, 10:19:12.257, 7
108, 13.67, 12.04, 13.06, 15.17, 0.000, 0.000, 0.000, 10:19:12.257, 7
109, 7.56, 5.05, 14.90, 14.52, 0.000, 0.000, 0.000, 10:19:12.269, 7
110, 8.42, 10.16, 18.20, 18.41, 0.000, 0.000, 0.000, 10:19:12.270, 7
111, 14.33, 13.15, 20.16, 19.71, 0.000, 0.000, 0.000, 10:19:12.284, 7
112, 16.85, 11.56, 16.64, 13.09, 0.000, 0.000, 0.000, 10:19:12.285, 7
113, 14.83, 7.39, 14.70, 10.81, 0.000, 0.000, 0.000, 10:19:12.287, 7
114, 13.96, 12.31, 17.52, 14.07, 0.000, 0.000, 0.000, 10:19:12.288, 7
115, 20.59, 16.43, 17.92, 16.62, 0.000, 0.000, 0.000, 10:19:12.299, 7
116, 12.71, 11.50, 16.43, 12.78, 0.000, 0.000, 0.000, 10:19:12.300, 7
117, 15.31, 11.61, 11.01, 11.11, 0.000, 0.000, 0.000, 10:19:12.314, 7
118, 16.45, 6.74, 15.05, 16.19, 0.000, 0.000, 0.000, 10:19:12.315, 7
119, 15.00, 15.67, 21.35, 18.62, 0.000, 0.000, 0.000, 10:19:12.329, 7
120, 13.93, 15.36, 9.86, 16.49, 0.000, 0.000, 0.000, 10:19:12.329, 7
121, 10.61, 11.64, 10.99, 8.81, 0.000, 0.000, 0.000, 10:19:12.331, 7
122, 14.06, 13.82, 14.65, 13.88, 0.000, 0.000, 0.000, 10:19:12.332, 7
123, 13.56, 19.06, 22.67, 20.79, 0.000, 0.000, 0.000, 10:19:12.344, 7
124, 15.85, 10.31, 14.89, 17.21, 0.000, 0.000, 0.000, 10:19:12.344, 7
125, 13.28, 8.84, 14.25, 12.44, 0.000, 0.000, 0.000, 10:19:12.345, 7
126, 15.04, 8.93, 14.31, 13.33, 0.000, 0.000, 0.000, 10:19:12.345, 7
127, 12.64, 12.41, 19.71, 18.68, 0.000, 0.000, 0.000, 10:19:12.358, 7
128, 9.85, 9.60, 16.96, 16.64, 0.000, 0.000, 0.000, 10:19:12.358, 7
129, 9.03, 7.57, 8.99, 11.86, 0.000, 0.000, 0.000, 10:19:12.388, 7
130, 13.23, 12.66, 18.34, 9.00, 0.000, 0.000, 0.000, 10:19:12.388, 7
131, 17.89, 16.71, 18.68, 15.24, 0.000, 0.000, 0.000, 10:19:12.389, 7
132, 17.43, 8.02, 16.66, 15.53, 0.000, 0.000, 0.000, 10:19:12.389, 7
133, 11.40, 10.57, 14.75, 17.59, 0.000, 0.000, 0.000, 10:19:12.390, 7
134, 15.77, 9.68, 15.93, 16.78, 0.000, 0.000, 0.000, 10:19:12.390, 7
135, 19.15, 12.44, 20.53, 16.79, 0.000, 0.000, 0.000, 10:19:12.390, 7
136, 12.55, 14.14, 19.07, 18.92, 0.000, 0.000, 0.000, 10:19:12.390, 7
137, 9.90, 9.19, 12.82, 13.92, 0.000, 0.000, 0.000, 10:19:12.404, 7
138, 10.78, 11.28, 19.59, 16.67, 0.000, 0.000, 0.000, 10:19:12.404, 7
139, 17.95, 11.03, 22.07, 17.80, 0.000, 0.000, 0.000, 10:19:12.418, 7
140, 13.74, 11.76, 18.05, 13.08, 0.000, 0.000, 0.000, 10:19:12.419, 7
141, 9.39, 9.30, 14.26, 13.79, 0.000, 0.000, 0.000, 10:19:12.434, 7
142, 13.52, 10.58, 16.57, 14.98, 0.000, 0.000, 0.000, 10:19:12.434, 7
143, 17.66, 15.65, 18.30, 17.67, 0.000, 0.000, 0.000, 10:19:12.435, 7
144, 13.31, 12.55, 14.65, 15.34, 0.000, 0.000, 0.000, 10:19:12.435, 7
145, 11.16, 12.53, 13.76, 7.89, 0.000, 0.000, 0.000, 10:19:12.456, 7
146, 12.21, 12.94, 13.20, 12.14, 0.000, 0.000, 0.000, 10:19:12.457, 7
147, 16.24, 13.06, 19.28, 24.33, 0.000, 0.000, 0.000, 10:19:12.465, 7
148, 12.87, 10.68, 14.82, 15.24, 0.000, 0.000, 0.000, 10:19:12.465, 7
149, 10.80, 5.93, 14.86, 12.66, 0.000, 0.000, 0.000, 10:19:12.467, 7
150, 14.24, 12.61, 15.61, 12.37, 0.000, 0.000, 0.000, 10:19:12.468, 7
151, 14.53, 12.74, 17.18, 21.38, 0.000, 0.000, 0.000, 10:19:12.480, 7
152, 15.08, 15.68, 19.23, 19.05, 0.000, 0.000, 0.000, 10:19:12.480, 7
153, 16.94, 9.63, 15.56, 11.89, 0.000, 0.000, 0.000, 10:19:12.494, 7
154, 12.07, 12.76, 16.25, 11.92, 0.000, 0.000, 0.000, 10:19:12.495, 7
155, 16.29, 15.45, 19.54, 18.77, 0.000, 0.000, 0.000, 10:19:12.495, 7
156, 13.50, 12.52, 17.75, 18.30, 0.000, 0.000, 0.000, 10:19:12.496, 7
157, 12.14, 11.25, 13.85, 17.89, 0.000, 0.000, 0.000, 10:19:12.510, 7
158, 10.82, 9.32, 17.00, 16.90, 0.000, 0.000, 0.000, 10:19:12.511, 7
159, 15.03, 11.60, 19.70, 17.16, 0.000, 0.000, 0.000, 10:19:12.531, 7
160, 16.04, 14.68, 14.28, 19.05, 0.000, 0.000, 0.000, 10:19:12.531, 7
161, 10.77, 7.60, 11.48, 15.57, 0.000, 0.000, 0.000, 10:19:12.534, 7
162, 14.27, 12.93, 12.15, 16.95, 0.000, 0.000, 0.000, 10:19:12.536, 7
163, 12.81, 13.30, 20.83, 24.93, 0.000, 0.000, 0.000, 10:19:12.540, 7
164, 16.80, 13.07, 19.09, 17.75, 0.000, 0.000, 0.000, 10:19:12.541, 7
165, 12.20, 9.38, 11.09, 11.92, 0.000, 0.000, 0.000, 10:19:12.572, 7
166, 11.38, 15.62, 19.62, 11.94, 0.000, 0.000, 0.000, 10:19:12.572, 7
167, 15.44, 14.75, 18.86, 16.51, 0.000, 0.000, 0.000, 10:19:12.572, 7
168, 6.43, 8.43, 15.22, 14.50, 0.000, 0.000, 0.000, 10:19:12.573, 7
169, 12.53, 8.36, 14.83, 11.40, 0.000, 0.000, 0.000, 10:19:12.574, 7
170, 13.66, 10.29, 15.94, 13.94, 0.000, 0.000, 0.000, 10:19:12.574, 7
171, 18.77, 10.30, 20.76, 17.65, 0.000, 0.000, 0.000, 10:19:12.574, 7
172, 11.36, 10.49, 19.74, 17.10, 0.000, 0.000, 0.000, 10:19:12.575, 7
173, 12.17, 10.59, 14.97, 11.57, 0.000, 0.000, 0.000, 10:19:12.588, 7
174, 14.34, 10.49, 13.35, 10.09, 0.000, 0.000, 0.000, 10:19:12.589, 7
175, 15.83, 18.21, 21.66, 16.77, 0.000, 0.000, 0.000, 10:19:12.599, 7
176, 16.57, 11.52, 17.31, 19.28, 0.000, 0.000, 0.000, 10:19:12.600, 7
177, 11.80, 12.91, 11.67, 22.91, 0.000, 0.000, 0.000, 10:19:12.614, 7
178, 13.56, 13.16, 13.31, 20.16, 0.000, 0.000, 0.000, 10:19:12.614, 7
179, 15.77, 15.80, 22.38, 23.98, 0.000, 0.000, 0.000, 10:19:12.629, 7
180, 15.87, 9.58, 19.95, 12.97, 0.000, 0.000, 0.000, 10:19:12.629, 7
181, 12.46, 9.56, 11.91, 11.42, 0.000, 0.000, 0.000, 10:19:12.630, 7
182, 10.67, 8.38, 10.24, 12.77, 0.000, 0.000, 0.000, 10:19:12.631, 7
183, 17.47, 12.64, 16.00, 20.17, 0.000, 0.000, 0.000, 10:19:12.644, 7
184, 14.56, 13.70, 18.12, 18.45, 0.000, 0.000, 0.000, 10:19:12.644, 7
185, 12.02, 10.35, 13.02, 12.49, 0.000, 0.000, 0.000, 10:19:12.644, 7
186, 13.01, 12.04, 16.88, 13.76, 0.000, 0.000, 0.000, 10:19:12.644, 7
187, 14.21, 15.65, 22.22, 19.94, 0.000, 0.000, 0.000, 10:19:12.658, 7
188, 14.05, 10.55, 15.24, 13.40, 0.000, 0.000, 0.000, 10:19:12.658, 7
189, 10.16, 12.22, 9.22, 5.49, 0.000, 0.000, 0.000, 10:19:12.673, 7
190, 12.47, 14.78, 17.40, 12.28, 0.000, 0.000, 0.000, 10:19:12.673, 7
191, 15.85, 12.32, 20.22, 17.20, 0.000, 0.000, 0.000, 10:19:12.674, 7
192, 16.49, 8.56, 19.47, 15.73, 0.000, 0.000, 0.000, 10:19:12.674, 7
193, 11.29, 6.99, 11.65, 12.88, 0.000, 0.000, 0.000, 10:19:12.688, 7
194, 14.79, 12.41, 14.69, 9.78, 0.000, 0.000, 0.000, 10:19:12.688, 7
195, 19.47, 14.80, 20.25, 12.82, 0.000, 0.000, 0.000, 10:19:12.703, 7
196, 13.81, 12.52, 16.43, 16.10, 0.000, 0.000, 0.000, 10:19:12.704, 7
197, 10.94, 10.54, 13.88, 11.27, 0.000, 0.000, 0.000, 10:19:12.704, 7
198, 11.74, 13.50, 12.00, 11.63, 0.000, 0.000, 0.000, 10:19:12.704, 7
199, 15.16, 12.14, 17.96, 16.21, 0.000, 0.000, 0.000, 10:19:12.718, 7
200, 13.30, 11.72, 17.93, 15.32, 0.000, 0.000, 0.000, 10:19:12.718, 7
0, 14.10, 11.10, 11.58, 11.50, 0.000, 0.000, 0.000, 10:19:12.718, 7
1, 15.89, 13.06, 17.00, 12.56, 0.000, 0.000, 0.000, 10:19:12.748, 7
2, 16.27, 16.45, 20.49, 21.40, 0.000, 0.000, 0.000, 10:19:12.748, 7
3, 15.46, 8.70, 18.51, 16.01, 0.000, 0.000, 0.000, 10:19:12.750, 7
4, 11.79, 10.17, 12.95, 14.45, 0.000, 0.000, 0.000, 10:19:12.750, 7
5, 15.37, 8.85, 18.07, 14.24, 0.000, 0.000, 0.000, 10:19:12.754, 7
6, 16.49, 13.02, 22.68, 17.19, 0.000, 0.000, 0.000, 10:19:12.755, 7
7, 12.26, 11.94, 17.01, 16.72, 0.000, 0.000, 0.000, 10:19:12.763, 7
8, 11.97, 11.79, 15.45, 11.82, 0.000, 0.000, 0.000, 10:19:12.763, 7
9, 8.76, 10.86, 14.58, 11.77, 0.000, 0.000, 0.000, 10:19:12.778, 7
10, 13.60, 14.70, 19.86, 15.76, 0.000, 0.000, 0.000, 10:19:12.778, 7
11, 14.93, 9.46, 16.09, 18.72, 0.000, 0.000, 0.000, 10:19:12.785, 7
12, 14.30, 10.10, 12.86, 13.48, 0.000, 0.000, 0.000, 10:19:12.785, 7
13, 16.72, 10.13, 19.51, 15.64, 0.000, 0.000, 0.000, 10:19:12.793, 7
14, 15.49, 20.69, 22.26, 18.32, 0.000, 0.000, 0.000, 10:19:12.793, 7
15, 14.05, 11.37, 13.29, 18.33, 0.000, 0.000, 0.000, 10:19:12.808, 7
16, 11.15, 10.29, 14.74, 13.59, 0.000, 0.000, 0.000, 10:19:12.808, 7
17, 12.58, 9.50, 15.90, 14.12, 0.000, 0.000, 0.000, 10:19:12.808, 7
18, 16.67, 13.90, 20.21, 14.41, 0.000, 0.000, 0.000, 10:19:12.808, 7
19, 12.95, 8.89, 18.66, 14.21, 0.000, 0.000, 0.000, 10:19:12.823, 7
20, 10.77, 12.38, 10.66, 11.81, 0.000, 0.000, 0.000, 10:19:12.823, 7
21, 13.51, 11.39, 21.91, 17.46, 0.000, 0.000, 0.000, 10:19:12.839, 7
22, 12.11, 16.85, 19.10, 21.71, 0.000, 0.000, 0.000, 10:19:12.840, 7
23, 12.55, 10.41, 14.53, 18.07, 0.000, 0.000, 0.000, 10:19:12.840, 7
24, 13.05, 5.39, 14.69, 14.60, 0.000, 0.000, 0.000, 10:19:12.840, 7
25, 16.83, 11.45, 20.84, 16.79, 0.000, 0.000, 0.000, 10:19:12.855, 7
26, 14.69, 13.69, 19.58, 21.53, 0.000, 0.000, 0.000, 10:19:12.855, 7
27, 16.00, 16.54, 14.65, 14.02, 0.000, 0.000, 0.000, 10:19:12.884, 7
28, 12.50, 9.50, 14.13, 14.61, 0.000, 0.000, 0.000, 10:19:12.885, 7
29, 17.33, 14.25, 17.37, 15.89, 0.000, 0.000, 0.000, 10:19:12.887, 7
30, 14.91, 11.19, 18.55, 17.77, 0.000, 0.000, 0.000, 10:19:12.887, 7
31, 15.49, 14.63, 14.07, 17.67, 0.000, 0.000, 0.000, 10:19:12.888, 7
32, 13.36, 9.17, 14.75, 8.08, 0.000, 0.000, 0.000, 10:19:12.888, 7
33, 13.05, 11.28, 18.53, 8.15, 0.000, 0.000, 0.000, 10:19:12.889, 7
34, 17.13, 15.29, 19.12, 9.41, 0.000, 0.000, 0.000, 10:19:12.889, 7
35, 13.23, 12.67, 14.95, 2.83, 0.000, 0.000, 0.000, 10:19:12.899, 7
36, 7.78, 8.54, 11.21, 9.90, 0.000, 0.000, 0.000, 10:19:12.899, 7
37, 15.75, 12.32, 18.91, 12.13, 0.000, 0.000, 0.000, 10:19:12.918, 7
38, 12.41, 14.42, 16.44, 10.78, 0.000, 0.000, 0.000, 10:19:12.918, 7
39, 16.17, 11.95, 18.39, 19.11, 0.000, 0.000, 0.000, 10:19:12.929, 7
40, 14.34, 13.60, 12.59, 10.94, 0.000, 0.000, 0.000, 10:19:12.929, 7
41, 15.61, 8.66, 16.62, 15.64, 0.000, 0.000, 0.000, 10:19:12.930, 7
42, 17.22, 14.51, 20.17, 19.24, 0.000, 0.000, 0.000, 10:19:12.930, 7
43, 12.15, 10.21, 16.98, 15.37, 0.000, 0.000, 0.000, 10:19:12.944, 7
44, 8.51, 9.29, 14.72, 13.12, 0.000, 0.000, 0.000, 10:19:12.944, 7
45, 12.30, 9.61, 13.82, 16.65, 0.000, 0.000, 0.000, 10:19:12.959, 7
46, 12.92, 12.15, 17.37, 20.03, 0.000, 0.000, 0.000, 10:19:12.959, 7
47, 14.02, 14.37, 11.76, 17.76, 0.000, 0.000, 0.000, 10:19:12.960, 7
48, 8.43, 7.07, 13.83, 9.79, 0.000, 0.000, 0.000, 10:19:12.960, 7
49, 10.44, 10.48, 12.69, 15.16, 0.000, 0.000, 0.000, 10:19:12.974, 7
50, 19.21, 13.62, 22.26, 17.42, 0.000, 0.000, 0.000, 10:19:12.974, 7
51, 16.50, 10.55, 14.99, 16.29, 0.000, 0.000, 0.000, 10:19:12.989, 7
52, 9.10, 12.17, 16.13, 13.01, 0.000, 0.000, 0.000, 10:19:12.989, 7
53, 10.67, 12.91, 18.17, 17.27, 0.000, 0.000, 0.000, 10:19:12.990, 7
54, 15.96, 13.79, 19.11, 17.92, 0.000, 0.000, 0.000, 10:19:12.990, 7
55, 14.15, 12.02, 16.30, 17.16, 0.000, 0.000, 0.000, 10:19:13.003, 7
56, 9.66, 7.42, 15.57, 9.33, 0.000, 0.000, 0.000, 10:19:13.004, 7
57, 13.66, 9.07, 18.05, 16.93, 0.000, 0.000, 0.000, 10:19:13.018, 7
58, 18.65, 17.30, 20.01, 18.42, 0.000, 0.000, 0.000, 10:19:13.019, 7
59, 13.79, 16.77, 11.95, 16.07, 0.000, 0.000, 0.000, 10:19:13.021, 7
60, 12.38, 9.75, 7.69, 12.35, 0.000, 0.000, 0.000, 10:19:13.021, 7
61, 8.01, 9.44, 15.51, 12.00, 0.000, 0.000, 0.000, 10:19:13.033, 7
62, 20.35, 12.33, 20.23, 19.37, 0.000, 0.000, 0.000, 10:19:13.034, 7
63, 15.78, 12.11, 18.18, 17.16, 0.000, 0.000, 0.000, 10:19:13.048, 7
64, 8.41, 9.66, 8.95, 9.48, 0.000, 0.000, 0.000, 10:19:13.049, 7
