%No., CH1, CH2, CH3, CH4, Accel X, Accel Y, Accel Z, 2017-05-26_11-20-27
0, 8.37, 0.00, 1.99, 15.48, 0.000, 0.000, 0.000, 11:20:31.253
1, 12.91, 0.00, 11.11, 19.83, 0.000, 0.000, 0.000, 11:20:31.263
2, 8.75, 0.00, 7.44, 16.43, 0.000, 0.000, 0.000, 11:20:31.264
3, 12.80, 0.00, 14.16, 18.25, 0.000, 0.000, 0.000, 11:20:31.276
4, 13.42, 0.00, 9.77, 15.05, 0.000, 0.000, 0.000, 11:20:31.279
5, 12.27, 0.00, 19.44, 18.22, 0.000, 0.000, 0.000, 11:20:31.280
6, 9.50, 0.00, 9.39, 21.00, 0.000, 0.000, 0.000, 11:20:31.281
7, 6.30, 0.00, 10.58, 13.24, 0.000, 0.000, 0.000, 11:20:31.291
8, 11.15, 0.00, 15.98, 17.21, 0.000, 0.000, 0.000, 11:20:31.292
9, 14.80, 0.00, 6.91, 20.72, 0.000, 0.000, 0.000, 11:20:31.305
10, 8.67, 0.00, 19.50, 13.21, 0.000, 0.000, 0.000, 11:20:31.306
11, 10.95, 0.00, 17.50, 14.10, 0.000, 0.000, 0.000, 11:20:31.308
12, 10.86, 0.00, 19.89, 18.22, 0.000, 0.000, 0.000, 11:20:31.308
13, 9.29, 0.00, 22.08, 14.85, 0.000, 0.000, 0.000, 11:20:31.320
14, 5.97, 0.00, 14.91, 13.72, 0.000, 0.000, 0.000, 11:20:31.322
15, 10.54, 0.00, 8.68, 14.42, 0.000, 0.000, 0.000, 11:20:31.335
16, 12.59, 0.00, 4.06, 13.39, 0.000, 0.000, 0.000, 11:20:31.336
17, 9.87, 0.00, 14.94, 16.56, 0.000, 0.000, 0.000, 11:20:31.336
18, 12.25, 0.00, 3.14, 18.67, 0.000, 0.000, 0.000, 11:20:31.337
19, 14.84, 0.00, 11.93, 18.05, 0.000, 0.000, 0.000, 11:20:31.350
20, 12.08, 0.00, 5.22, 16.89, 0.000, 0.000, 0.000, 11:20:31.350
21, 15.17, 0.00, 12.93, 19.96, 0.000, 0.000, 0.000, 11:20:31.365
22, 9.91, 0.00, 14.17, 14.90, 0.000, 0.000, 0.000, 11:20:31.365
23, 12.40, 0.00, 16.88, 13.33, 0.000, 0.000, 0.000, 11:20:31.366
24, 10.93, 0.00, 18.84, 12.87, 0.000, 0.000, 0.000, 11:20:31.366
25, 11.75, 0.00, 21.51, 16.67, 0.000, 0.000, 0.000, 11:20:31.380
26, 12.49, 0.00, 25.80, 13.59, 0.000, 0.000, 0.000, 11:20:31.380
27, 13.30, 0.00, 14.47, 17.23, 0.000, 0.000, 0.000, 11:20:31.395
28, 13.43, 0.00, 14.76, 20.20, 0.000, 0.000, 0.000, 11:20:31.395
29, 11.74, 0.00, 8.99, 14.78, 0.000, 0.000, 0.000, 11:20:31.396
30, 7.74, 0.00, 6.74, 12.85, 0.000, 0.000, 0.000, 11:20:31.396
31, 12.29, 0.00, 13.14, 13.88, 0.000, 0.000, 0.000, 11:20:31.412
32, 13.65, 0.00, 8.85, 16.85, 0.000, 0.000, 0.000, 11:20:31.414
33, 11.69, 0.00, 18.94, 19.91, 0.000, 0.000, 0.000, 11:20:31.427
34, 9.15, 0.00, 8.45, 15.42, 0.000, 0.000, 0.000, 11:20:31.429
35, 13.52, 0.00, -3.66, 13.92, 0.000, 0.000, 0.000, 11:20:31.430
36, 14.11, 0.00, 9.96, 12.67, 0.000, 0.000, 0.000, 11:20:31.431
37, 12.22, 0.00, 10.29, 20.33, 0.000, 0.000, 0.000, 11:20:31.442
38, 12.71, 0.00, 18.55, 20.27, 0.000, 0.000, 0.000, 11:20:31.443
39, 9.28, 0.00, 9.84, 17.46, 0.000, 0.000, 0.000, 11:20:31.455
40, 12.44, 0.00, 10.30, 16.19, 0.000, 0.000, 0.000, 11:20:31.456
41, 9.18, 0.00, 16.10, 17.24, 0.000, 0.000, 0.000, 11:20:31.458
42, 16.10, 0.00, 19.05, 17.02, 0.000, 0.000, 0.000, 11:20:31.459
43, 12.98, 0.00, 15.59, 11.54, 0.000, 0.000, 0.000, 11:20:31.470
44, 12.70, 0.00, 10.57, 15.29, 0.000, 0.000, 0.000, 11:20:31.470
45, 7.95, 0.00, 18.23, 16.81, 0.000, 0.000, 0.000, 11:20:31.486
46, 11.03, 0.00, 15.62, 15.96, 0.000, 0.000, 0.000, 11:20:31.486
47, 11.85, 0.00, 11.78, 15.06, 0.000, 0.000, 0.000, 11:20:31.487
48, 13.12, 0.00, 11.28, 13.04, 0.000, 0.000, 0.000, 11:20:31.487
49, 9.19, 0.00, 11.19, 15.40, 0.000, 0.000, 0.000, 11:20:31.500
50, 13.11, 0.00, 13.65, 16.19, 0.000, 0.000, 0.000, 11:20:31.501
51, 10.85, 0.00, 10.37, 15.06, 0.000, 0.000, 0.000, 11:20:31.515
52, 11.38, 0.00, 12.19, 14.62, 0.000, 0.000, 0.000, 11:20:31.516
53, 16.23, 0.00, 11.76, 15.43, 0.000, 0.000, 0.000, 11:20:31.516
54, 12.20, 0.00, 12.46, 14.89, 0.000, 0.000, 0.000, 11:20:31.516
55, 11.63, 0.00, 16.42, 17.75, 0.000, 0.000, 0.000, 11:20:31.530
56, 11.41, 0.00, 12.30, 17.87, 0.000, 0.000, 0.000, 11:20:31.531
57, 15.18, 0.00, 9.15, 18.91, 0.000, 0.000, 0.000, 11:20:31.548
58, 10.34, 0.00, 13.30, 12.71, 0.000, 0.000, 0.000, 11:20:31.548
59, 9.46, 0.00, 11.32, 17.56, 0.000, 0.000, 0.000, 11:20:31.549
60, 13.30, 0.00, 14.19, 14.11, 0.000, 0.000, 0.000, 11:20:31.550
61, 11.78, 0.00, 11.25, 14.07, 0.000, 0.000, 0.000, 11:20:31.560
62, 11.51, 0.00, 16.22, 13.38, 0.000, 0.000, 0.000, 11:20:31.560
63, 8.43, 0.00, 14.89, 20.18, 0.000, 0.000, 0.000, 11:20:31.575
64, 7.24, 0.00, 11.11, 12.26, 0.000, 0.000, 0.000, 11:20:31.576
65, 8.36, 0.00, 11.05, 12.00, 0.000, 0.000, 0.000, 11:20:31.576
66, 14.90, 0.00, 10.75, 16.13, 0.000, 0.000, 0.000, 11:20:31.577
67, 11.13, 0.00, 12.01, 13.88, 0.000, 0.000, 0.000, 11:20:31.591
68, 10.57, 0.00, 13.58, 17.15, 0.000, 0.000, 0.000, 11:20:31.592
69, 10.16, 0.00, 17.47, 16.80, 0.000, 0.000, 0.000, 11:20:31.605
70, 11.63, 0.00, 14.48, 19.68, 0.000, 0.000, 0.000, 11:20:31.607
71, 11.68, 0.00, 10.79, 16.12, 0.000, 0.000, 0.000, 11:20:31.620
72, 10.42, 0.00, 11.28, 14.83, 0.000, 0.000, 0.000, 11:20:31.621
73, 10.25, 0.00, 11.50, 18.01, 0.000, 0.000, 0.000, 11:20:31.622
74, 14.32, 0.00, 13.66, 16.09, 0.000, 0.000, 0.000, 11:20:31.622
75, 15.40, 0.00, 14.92, 17.57, 0.000, 0.000, 0.000, 11:20:31.626
76, 11.77, 0.00, 13.31, 18.29, 0.000, 0.000, 0.000, 11:20:31.626
77, 16.82, 0.00, 13.15, 19.59, 0.000, 0.000, 0.000, 11:20:31.635
78, 13.67, 0.00, 16.28, 18.81, 0.000, 0.000, 0.000, 11:20:31.636
79, 13.24, 0.00, 14.57, 15.02, 0.000, 0.000, 0.000, 11:20:31.651
80, 17.93, 0.00, 12.09, 15.36, 0.000, 0.000, 0.000, 11:20:31.652
81, 11.32, 0.00, 15.88, 12.33, 0.000, 0.000, 0.000, 11:20:31.665
82, 12.04, 0.00, 8.79, 15.22, 0.000, 0.000, 0.000, 11:20:31.666
83, 15.61, 0.00, 12.96, 20.58, 0.000, 0.000, 0.000, 11:20:31.668
84, 14.48, 0.00, 11.82, 19.43, 0.000, 0.000, 0.000, 11:20:31.669
85, 14.98, 0.00, 12.36, 18.24, 0.000, 0.000, 0.000, 11:20:31.680
86, 9.49, 0.00, 16.72, 16.17, 0.000, 0.000, 0.000, 11:20:31.681
87, 10.12, 0.00, 11.15, 11.75, 0.000, 0.000, 0.000, 11:20:31.695
88, 9.14, 0.00, 8.60, 17.57, 0.000, 0.000, 0.000, 11:20:31.695
89, 12.37, 0.00, 19.21, 16.59, 0.000, 0.000, 0.000, 11:20:31.696
90, 9.40, 0.00, 15.70, 19.05, 0.000, 0.000, 0.000, 11:20:31.696
91, 12.12, 0.00, 16.14, 16.78, 0.000, 0.000, 0.000, 11:20:31.712
92, 9.91, 0.00, 11.88, 14.60, 0.000, 0.000, 0.000, 11:20:31.713
93, 15.77, 0.00, 9.76, 17.36, 0.000, 0.000, 0.000, 11:20:31.726
94, 12.02, 0.00, 16.52, 15.89, 0.000, 0.000, 0.000, 11:20:31.726
95, 11.83, 0.00, 14.76, 18.64, 0.000, 0.000, 0.000, 11:20:31.728
96, 12.34, 0.00, 11.75, 16.94, 0.000, 0.000, 0.000, 11:20:31.728
97, 10.97, 0.00, 11.60, 13.23, 0.000, 0.000, 0.000, 11:20:31.741
98, 14.65, 0.00, 12.89, 16.78, 0.000, 0.000, 0.000, 11:20:31.741
99, 7.47, 0.00, 13.00, 17.32, 0.000, 0.000, 0.000, 11:20:31.755
100, 5.76, 0.00, 12.21, 13.41, 0.000, 0.000, 0.000, 11:20:31.755
101, 11.70, 0.00, 16.66, 15.63, 0.000, 0.000, 0.000, 11:20:31.756
102, 12.94, 0.00, 14.61, 17.50, 0.000, 0.000, 0.000, 11:20:31.756
103, 9.53, 0.00, 11.37, 14.34, 0.000, 0.000, 0.000, 11:20:31.770
104, 9.35, 0.00, 11.27, 14.40, 0.000, 0.000, 0.000, 11:20:31.771
105, 9.60, 0.00, 12.03, 16.40, 0.000, 0.000, 0.000, 11:20:31.785
106, 10.80, 0.00, 12.97, 16.48, 0.000, 0.000, 0.000, 11:20:31.785
107, 11.60, 0.00, 9.58, 12.80, 0.000, 0.000, 0.000, 11:20:31.800
108, 13.96, 0.00, 3.87, 13.52, 0.000, 0.000, 0.000, 11:20:31.800
109, 13.63, 0.00, 16.34, 16.66, 0.000, 0.000, 0.000, 11:20:31.801
110, 13.63, 0.00, 14.68, 20.46, 0.000, 0.000, 0.000, 11:20:31.801
111, 10.86, 0.00, 16.45, 17.31, 0.000, 0.000, 0.000, 11:20:31.817
112, 13.96, 0.00, 14.33, 18.72, 0.000, 0.000, 0.000, 11:20:31.817
113, 10.48, 0.00, 13.53, 16.49, 0.000, 0.000, 0.000, 11:20:31.818
114, 9.63, 0.00, 12.28, 14.44, 0.000, 0.000, 0.000, 11:20:31.819
115, 8.22, 0.00, 12.69, 14.75, 0.000, 0.000, 0.000, 11:20:31.830
116, 8.77, 0.00, 11.04, 13.92, 0.000, 0.000, 0.000, 11:20:31.830
117, 6.54, 0.00, 14.12, 17.79, 0.000, 0.000, 0.000, 11:20:31.845
118, 16.80, 0.00, 17.88, 17.85, 0.000, 0.000, 0.000, 11:20:31.845
119, 10.86, 0.00, 13.47, 14.32, 0.000, 0.000, 0.000, 11:20:31.846
120, 11.03, 0.00, 8.89, 14.49, 0.000, 0.000, 0.000, 11:20:31.847
121, 12.67, 0.00, 13.27, 15.30, 0.000, 0.000, 0.000, 11:20:31.860
122, 9.70, 0.00, 12.46, 18.28, 0.000, 0.000, 0.000, 11:20:31.861
123, 10.91, 0.00, 9.44, 16.63, 0.000, 0.000, 0.000, 11:20:31.876
124, 11.49, 0.00, 14.02, 15.05, 0.000, 0.000, 0.000, 11:20:31.878
125, 13.17, 0.00, 15.14, 14.21, 0.000, 0.000, 0.000, 11:20:31.888
126, 11.79, 0.00, 13.12, 15.45, 0.000, 0.000, 0.000, 11:20:31.888
127, 9.41, 0.00, 11.87, 17.65, 0.000, 0.000, 0.000, 11:20:31.891
128, 6.57, 0.00, 10.15, 14.72, 0.000, 0.000, 0.000, 11:20:31.891
129, 8.09, 0.00, 15.86, 15.23, 0.000, 0.000, 0.000, 11:20:31.905
130, 6.66, 0.00, 15.33, 18.88, 0.000, 0.000, 0.000, 11:20:31.905
131, 13.08, 0.00, 17.56, 16.62, 0.000, 0.000, 0.000, 11:20:31.906
132, 13.20, 0.00, 11.68, 15.33, 0.000, 0.000, 0.000, 11:20:31.906
133, 11.48, 0.00, 11.20, 16.59, 0.000, 0.000, 0.000, 11:20:31.920
134, 13.56, 0.00, 14.71, 20.34, 0.000, 0.000, 0.000, 11:20:31.920
135, 10.54, 0.00, 13.80, 12.37, 0.000, 0.000, 0.000, 11:20:31.935
136, 10.99, 0.00, 11.83, 18.17, 0.000, 0.000, 0.000, 11:20:31.935
137, 11.23, 0.00, 7.53, 15.95, 0.000, 0.000, 0.000, 11:20:31.935
138, 12.88, 0.00, 9.39, 15.80, 0.000, 0.000, 0.000, 11:20:31.936
139, 9.15, 0.00, 8.95, 14.47, 0.000, 0.000, 0.000, 11:20:31.950
140, 13.06, 0.00, 12.01, 19.88, 0.000, 0.000, 0.000, 11:20:31.950
141, 9.21, 0.00, 17.53, 15.08, 0.000, 0.000, 0.000, 11:20:31.969
142, 9.88, 0.00, 8.85, 18.71, 0.000, 0.000, 0.000, 11:20:31.969
143, 11.43, 0.00, 10.11, 14.89, 0.000, 0.000, 0.000, 11:20:31.970
144, 10.22, 0.00, 12.32, 13.47, 0.000, 0.000, 0.000, 11:20:31.970
145, 6.18, 0.00, 12.30, 16.85, 0.000, 0.000, 0.000, 11:20:31.982
146, 7.87, 0.00, 12.90, 16.55, 0.000, 0.000, 0.000, 11:20:31.982
147, 8.60, 0.00, 12.83, 15.54, 0.000, 0.000, 0.000, 11:20:31.995
148, 13.13, 0.00, 12.56, 18.55, 0.000, 0.000, 0.000, 11:20:31.995
149, 15.38, 0.00, 17.22, 19.94, 0.000, 0.000, 0.000, 11:20:31.995
150, 13.13, 0.00, 15.70, 20.52, 0.000, 0.000, 0.000, 11:20:31.996
151, 8.81, 0.00, 9.32, 11.40, 0.000, 0.000, 0.000, 11:20:32.017
152, 13.98, 0.00, 16.00, 14.26, 0.000, 0.000, 0.000, 11:20:32.018
153, 12.78, 0.00, 10.54, 13.07, 0.000, 0.000, 0.000, 11:20:32.025
154, 10.39, 0.00, 11.09, 13.37, 0.000, 0.000, 0.000, 11:20:32.025
155, 10.07, 0.00, 12.96, 15.75, 0.000, 0.000, 0.000, 11:20:32.025
156, 8.05, 0.00, 7.95, 12.20, 0.000, 0.000, 0.000, 11:20:32.025
157, 14.43, 0.00, 12.31, 14.50, 0.000, 0.000, 0.000, 11:20:32.041
158, 9.09, 0.00, 12.17, 16.91, 0.000, 0.000, 0.000, 11:20:32.041
159, 8.76, 0.00, 11.43, 14.59, 0.000, 0.000, 0.000, 11:20:32.055
160, 12.44, 0.00, 13.64, 17.79, 0.000, 0.000, 0.000, 11:20:32.055
161, 7.73, 0.00, 14.21, 17.45, 0.000, 0.000, 0.000, 11:20:32.056
162, 15.00, 0.00, 13.75, 17.58, 0.000, 0.000, 0.000, 11:20:32.056
163, 9.81, 0.00, 13.25, 15.71, 0.000, 0.000, 0.000, 11:20:32.070
164, 13.66, 0.00, 13.24, 16.36, 0.000, 0.000, 0.000, 11:20:32.070
165, 19.33, 0.00, 14.13, 15.86, 0.000, 0.000, 0.000, 11:20:32.085
166, 12.71, 0.00, 14.65, 19.10, 0.000, 0.000, 0.000, 11:20:32.085
167, 15.12, 0.00, 10.09, 14.42, 0.000, 0.000, 0.000, 11:20:32.085
168, 13.37, 0.00, 10.21, 10.60, 0.000, 0.000, 0.000, 11:20:32.085
169, 17.47, 0.00, 13.97, 14.63, 0.000, 0.000, 0.000, 11:20:32.100
170, 10.51, 0.00, 13.20, 17.65, 0.000, 0.000, 0.000, 11:20:32.100
171, 11.43, 0.00, 11.34, 11.61, 0.000, 0.000, 0.000, 11:20:32.117
172, 7.84, 0.00, 13.47, 17.10, 0.000, 0.000, 0.000, 11:20:32.117
173, 13.99, 0.00, 15.04, 18.59, 0.000, 0.000, 0.000, 11:20:32.118
174, 10.67, 0.00, 14.14, 18.63, 0.000, 0.000, 0.000, 11:20:32.118
175, 7.26, 0.00, 8.86, 15.31, 0.000, 0.000, 0.000, 11:20:32.130
176, 13.62, 0.00, 9.42, 14.87, 0.000, 0.000, 0.000, 11:20:32.130
177, 14.03, 0.00, 15.62, 15.12, 0.000, 0.000, 0.000, 11:20:32.146
178, 12.93, 0.00, 10.51, 13.00, 0.000, 0.000, 0.000, 11:20:32.147
179, 8.91, 0.00, 9.44, 17.17, 0.000, 0.000, 0.000, 11:20:32.147
180, 9.13, 0.00, 11.82, 12.26, 0.000, 0.000, 0.000, 11:20:32.147
181, 14.54, 0.00, 13.99, 16.77, 0.000, 0.000, 0.000, 11:20:32.160
182, 12.11, 0.00, 15.11, 18.26, 0.000, 0.000, 0.000, 11:20:32.160
183, 14.94, 0.00, 11.11, 18.28, 0.000, 0.000, 0.000, 11:20:32.176
184, 11.59, 0.00, 12.23, 16.35, 0.000, 0.000, 0.000, 11:20:32.176
185, 7.67, 0.00, 14.63, 13.93, 0.000, 0.000, 0.000, 11:20:32.177
186, 10.13, 0.00, 11.91, 18.59, 0.000, 0.000, 0.000, 11:20:32.177
187, 12.20, 0.00, 14.22, 18.98, 0.000, 0.000, 0.000, 11:20:32.191
188, 9.92, 0.00, 14.36, 17.04, 0.000, 0.000, 0.000, 11:20:32.191
189, 11.96, 0.00, 8.43, 17.13, 0.000, 0.000, 0.000, 11:20:32.205
190, 8.85, 0.00, 17.59, 13.10, 0.000, 0.000, 0.000, 11:20:32.205
191, 12.05, 0.00, 14.55, 15.43, 0.000, 0.000, 0.000, 11:20:32.206
192, 15.07, 0.00, 11.95, 12.61, 0.000, 0.000, 0.000, 11:20:32.207
193, 11.43, 0.00, 12.50, 17.50, 0.000, 0.000, 0.000, 11:20:32.220
194, 9.02, 0.00, 16.68, 18.89, 0.000, 0.000, 0.000, 11:20:32.220
195, 12.20, 0.00, 18.76, 19.56, 0.000, 0.000, 0.000, 11:20:32.235
196, 9.32, 0.00, 12.01, 13.15, 0.000, 0.000, 0.000, 11:20:32.235
197, 9.83, 0.00, 14.92, 15.88, 0.000, 0.000, 0.000, 11:20:32.236
198, 6.77, 0.00, 17.97, 17.28, 0.000, 0.000, 0.000, 11:20:32.236
199, 9.25, 0.00, 13.32, 14.88, 0.000, 0.000, 0.000, 11:20:32.250
200, 12.13, 0.00, 10.75, 12.81, 0.000, 0.000, 0.000, 11:20:32.250
0, 13.78, 0.00, 14.48, 19.69, 0.000, 0.000, 0.000, 11:20:32.251
1, 13.05, 0.00, 10.88, 18.99, 0.000, 0.000, 0.000, 11:20:32.269
2, 7.13, 0.00, 11.20, 14.03, 0.000, 0.000, 0.000, 11:20:32.270
3, 6.83, 0.00, 9.25, 14.48, 0.000, 0.000, 0.000, 11:20:32.280
4, 11.57, 0.00, 13.04, 14.50, 0.000, 0.000, 0.000, 11:20:32.280
5, 6.40, 0.00, 16.89, 18.79, 0.000, 0.000, 0.000, 11:20:32.281
6, 10.68, 0.00, 14.88, 19.31, 0.000, 0.000, 0.000, 11:20:32.281
7, 12.88, 0.00, 3.94, 20.08, 0.000, 0.000, 0.000, 11:20:32.296
8, 4.14, 0.00, 8.00, 12.50, 0.000, 0.000, 0.000, 11:20:32.296
9, 10.77, 0.00, 6.81, 13.07, 0.000, 0.000, 0.000, 11:20:32.310
10, 12.48, 0.00, 15.17, 15.28, 0.000, 0.000, 0.000, 11:20:32.311
11, 17.03, 0.00, 10.77, 17.40, 0.000, 0.000, 0.000, 11:20:32.312
12, 13.84, 0.00, 16.13, 16.17, 0.000, 0.000, 0.000, 11:20:32.312
13, 10.47, 0.00, 17.24, 19.75, 0.000, 0.000, 0.000, 11:20:32.325
14, 7.75, 0.00, 10.93, 15.43, 0.000, 0.000, 0.000, 11:20:32.325
15, 12.17, 0.00, 7.04, 16.96, 0.000, 0.000, 0.000, 11:20:32.341
16, 17.39, 0.00, 16.79, 15.81, 0.000, 0.000, 0.000, 11:20:32.341
17, 14.45, 0.00, 18.47, 19.90, 0.000, 0.000, 0.000, 11:20:32.341
18, 14.66, 0.00, 0.74, 13.88, 0.000, 0.000, 0.000, 11:20:32.342
19, 11.22, 0.00, 2.67, 17.14, 0.000, 0.000, 0.000, 11:20:32.355
20, 14.93, 0.00, 3.54, 16.91, 0.000, 0.000, 0.000, 11:20:32.355
21, 10.18, 0.00, 4.94, 20.52, 0.000, 0.000, 0.000, 11:20:32.370
22, 10.08, 0.00, 8.71, 18.02, 0.000, 0.000, 0.000, 11:20:32.370
23, 7.83, 0.00, 5.31, 14.65, 0.000, 0.000, 0.000, 11:20:32.370
24, 14.79, 0.00, 16.02, 16.96, 0.000, 0.000, 0.000, 11:20:32.370
25, 14.02, 0.00, 17.58, 16.99, 0.000, 0.000, 0.000, 11:20:32.385
26, 13.27, 0.00, 18.96, 14.98, 0.000, 0.000, 0.000, 11:20:32.385
27, 10.87, 0.00, 15.27, 19.05, 0.000, 0.000, 0.000, 11:20:32.400
28, 13.44, 0.00, 12.02, 18.62, 0.000, 0.000, 0.000, 11:20:32.400
29, 11.99, 0.00, 15.80, 19.76, 0.000, 0.000, 0.000, 11:20:32.400
30, 12.48, 0.00, 3.96, 16.02, 0.000, 0.000, 0.000, 11:20:32.400
31, 13.42, 0.00, 11.22, 12.02, 0.000, 0.000, 0.000, 11:20:32.423
32, 13.02, 0.00, 21.46, 14.87, 0.000, 0.000, 0.000, 11:20:32.424
33, 8.22, 0.00, 21.88, 15.91, 0.000, 0.000, 0.000, 11:20:32.431
34, 9.08, 0.00, 12.54, 18.47, 0.000, 0.000, 0.000, 11:20:32.432
35, 9.30, 0.00, 24.89, 11.12, 0.000, 0.000, 0.000, 11:20:32.432
36, 9.12, 0.00, 17.62, 10.79, 0.000, 0.000, 0.000, 11:20:32.433
37, 10.73, 0.00, 11.66, 12.64, 0.000, 0.000, 0.000, 11:20:32.446
38, 12.88, 0.00, 18.58, 16.97, 0.000, 0.000, 0.000, 11:20:32.446
39, 9.94, 0.00, 1.97, 14.37, 0.000, 0.000, 0.000, 11:20:32.461
40, 8.90, 0.00, 10.40, 16.06, 0.000, 0.000, 0.000, 11:20:32.461
41, 7.91, 0.00, 12.88, 14.98, 0.000, 0.000, 0.000, 11:20:32.462
42, 10.18, 0.00, 15.49, 17.99, 0.000, 0.000, 0.000, 11:20:32.462
43, 11.89, 0.00, 14.61, 17.46, 0.000, 0.000, 0.000, 11:20:32.478
44, 11.93, 0.00, 5.71, 17.55, 0.000, 0.000, 0.000, 11:20:32.479
45, 8.27, 0.00, 17.41, 14.32, 0.000, 0.000, 0.000, 11:20:32.491
46, 9.09, 0.00, -0.57, 15.19, 0.000, 0.000, 0.000, 11:20:32.491
47, 10.57, 0.00, 4.25, 14.52, 0.000, 0.000, 0.000, 11:20:32.491
48, 7.21, 0.00, 18.70, 14.33, 0.000, 0.000, 0.000, 11:20:32.491
49, 9.11, 0.00, 20.96, 19.06, 0.000, 0.000, 0.000, 11:20:32.520
50, 13.83, 0.00, 17.96, 19.27, 0.000, 0.000, 0.000, 11:20:32.520
51, 14.73, 0.00, 13.94, 18.35, 0.000, 0.000, 0.000, 11:20:32.520
52, 9.31, 0.00, 8.51, 13.43, 0.000, 0.000, 0.000, 11:20:32.520
53, 15.38, 0.00, 20.28, 17.61, 0.000, 0.000, 0.000, 11:20:32.521
54, 13.71, 0.00, 13.43, 14.26, 0.000, 0.000, 0.000, 11:20:32.521
55, 11.80, 0.00, 11.82, 14.87, 0.000, 0.000, 0.000, 11:20:32.536
56, 11.69, 0.00, 7.92, 14.89, 0.000, 0.000, 0.000, 11:20:32.536
57, 12.40, 0.00, 9.69, 17.91, 0.000, 0.000, 0.000, 11:20:32.550
58, 13.89, 0.00, 16.83, 17.24, 0.000, 0.000, 0.000, 11:20:32.550
59, 9.91, 0.00, 11.15, 12.84, 0.000, 0.000, 0.000, 11:20:32.551
60, 15.42, 0.00, 10.31, 15.97, 0.000, 0.000, 0.000, 11:20:32.551
61, 11.42, 0.00, 12.46, 19.64, 0.000, 0.000, 0.000, 11:20:32.567
62, 11.68, 0.00, 15.49, 16.53, 0.000, 0.000, 0.000, 11:20:32.567
63, 13.30, 0.00, 12.99, 14.00, 0.000, 0.000, 0.000, 11:20:32.580
64, 10.05, 0.00, 12.68, 10.42, 0.000, 0.000, 0.000, 11:20:32.580
65, 11.65, 0.00, 17.50, 19.78, 0.000, 0.000, 0.000, 11:20:32.580
66, 10.52, 0.00, 11.07, 15.76, 0.000, 0.000, 0.000, 11:20:32.581
67, 9.68, 0.00, 17.70, 17.60, 0.000, 0.000, 0.000, 11:20:32.597
68, 12.46, 0.00, 12.39, 18.78, 0.000, 0.000, 0.000, 11:20:32.597
69, 11.78, 0.00, 11.37, 18.13, 0.000, 0.000, 0.000, 11:20:32.610
70, 12.09, 0.00, 9.85, 11.80, 0.000, 0.000, 0.000, 11:20:32.610
71, 14.18, 0.00, 10.13, 14.23, 0.000, 0.000, 0.000, 11:20:32.610
72, 12.52, 0.00, 10.71, 15.51, 0.000, 0.000, 0.000, 11:20:32.610
73, 16.52, 0.00, 12.85, 19.34, 0.000, 0.000, 0.000, 11:20:32.625
74, 13.85, 0.00, 14.43, 18.04, 0.000, 0.000, 0.000, 11:20:32.625
75, 12.81, 0.00, 14.51, 16.19, 0.000, 0.000, 0.000, 11:20:32.641
76, 18.99, 0.00, 12.95, 16.51, 0.000, 0.000, 0.000, 11:20:32.641
77, 14.51, 0.00, 14.16, 13.54, 0.000, 0.000, 0.000, 11:20:32.641
78, 13.60, 0.00, 7.99, 15.81, 0.000, 0.000, 0.000, 11:20:32.642
79, 13.86, 0.00, 11.97, 14.94, 0.000, 0.000, 0.000, 11:20:32.655
80, 15.25, 0.00, 14.62, 13.41, 0.000, 0.000, 0.000, 11:20:32.655
81, 9.52, 0.00, 10.76, 14.54, 0.000, 0.000, 0.000, 11:20:32.670
82, 11.13, 0.00, 13.33, 19.92, 0.000, 0.000, 0.000, 11:20:32.670
83, 9.45, 0.00, 13.50, 15.22, 0.000, 0.000, 0.000, 11:20:32.670
84, 13.97, 0.00, 15.73, 16.06, 0.000, 0.000, 0.000, 11:20:32.670
85, 11.53, 0.00, 15.32, 19.34, 0.000, 0.000, 0.000, 11:20:32.685
86, 13.24, 0.00, 17.38, 16.80, 0.000, 0.000, 0.000, 11:20:32.686
87, 12.30, 0.00, 12.65, 15.41, 0.000, 0.000, 0.000, 11:20:32.700
88, 13.24, 0.00, 11.42, 16.07, 0.000, 0.000, 0.000, 11:20:32.700
89, 12.97, 0.00, 12.73, 17.00, 0.000, 0.000, 0.000, 11:20:32.715
90, 8.20, 0.00, 17.33, 17.21, 0.000, 0.000, 0.000, 11:20:32.715
91, 9.78, 0.00, 13.33, 15.21, 0.000, 0.000, 0.000, 11:20:32.730
92, 8.26, 0.00, 15.32, 15.37, 0.000, 0.000, 0.000, 11:20:32.730
93, 12.64, 0.00, 12.74, 15.41, 0.000, 0.000, 0.000, 11:20:32.732
94, 10.63, 0.00, 16.97, 15.07, 0.000, 0.000, 0.000, 11:20:32.732
95, 12.23, 0.00, 16.52, 15.73, 0.000, 0.000, 0.000, 11:20:32.733
96, 12.91, 0.00, 14.19, 13.84, 0.000, 0.000, 0.000, 11:20:32.733
97, 11.76, 0.00, 8.13, 15.70, 0.000, 0.000, 0.000, 11:20:32.746
98, 14.14, 0.00, 15.60, 18.40, 0.000, 0.000, 0.000, 11:20:32.747
99, 15.97, 0.00, 16.00, 14.77, 0.000, 0.000, 0.000, 11:20:32.763
100, 11.83, 0.00, 10.28, 13.84, 0.000, 0.000, 0.000, 11:20:32.764
101, 10.50, 0.00, 15.47, 13.85, 0.000, 0.000, 0.000, 11:20:32.765
102, 7.83, 0.00, 13.26, 16.39, 0.000, 0.000, 0.000, 11:20:32.765
103, 7.87, 0.00, 9.21, 14.13, 0.000, 0.000, 0.000, 11:20:32.776
104, 14.36, 0.00, 12.23, 12.86, 0.000, 0.000, 0.000, 11:20:32.776
105, 13.61, 0.00, 13.23, 16.09, 0.000, 0.000, 0.000, 11:20:32.805
106, 12.56, 0.00, 13.05, 17.72, 0.000, 0.000, 0.000, 11:20:32.805
107, 13.00, 0.00, 9.61, 15.71, 0.000, 0.000, 0.000, 11:20:32.806
108, 9.51, 0.00, 11.53, 16.43, 0.000, 0.000, 0.000, 11:20:32.806
109, 9.57, 0.00, 14.30, 16.92, 0.000, 0.000, 0.000, 11:20:32.809
110, 12.05, 0.00, 9.11, 16.58, 0.000, 0.000, 0.000, 11:20:32.810
111, 10.77, 0.00, 9.50, 14.02, 0.000, 0.000, 0.000, 11:20:32.811
112, 12.46, 0.00, 13.03, 15.64, 0.000, 0.000, 0.000, 11:20:32.813
113, 15.17, 0.00, 12.48, 14.47, 0.000, 0.000, 0.000, 11:20:32.822
114, 13.31, 0.00, 16.63, 15.99, 0.000, 0.000, 0.000, 11:20:32.822
115, 6.66, 0.00, 12.81, 15.51, 0.000, 0.000, 0.000, 11:20:32.835
116, 13.45, 0.00, 10.29, 11.99, 0.000, 0.000, 0.000, 11:20:32.835
117, 15.46, 0.00, 12.37, 15.09, 0.000, 0.000, 0.000, 11:20:32.850
118, 11.35, 0.00, 11.86, 19.59, 0.000, 0.000, 0.000, 11:20:32.850
119, 9.72, 0.00, 14.55, 18.68, 0.000, 0.000, 0.000, 11:20:32.851
120, 13.08, 0.00, 14.08, 19.63, 0.000, 0.000, 0.000, 11:20:32.851
121, 9.72, 0.00, 14.75, 15.40, 0.000, 0.000, 0.000, 11:20:32.872
122, 9.27, 0.00, 14.89, 15.17, 0.000, 0.000, 0.000, 11:20:32.872
123, 8.70, 0.00, 9.97, 14.56, 0.000, 0.000, 0.000, 11:20:32.880
124, 8.72, 0.00, 11.94, 12.23, 0.000, 0.000, 0.000, 11:20:32.880
125, 10.27, 0.00, 13.77, 15.03, 0.000, 0.000, 0.000, 11:20:32.881
126, 8.73, 0.00, 12.56, 20.78, 0.000, 0.000, 0.000, 11:20:32.881
127, 10.55, 0.00, 9.56, 17.88, 0.000, 0.000, 0.000, 11:20:32.896
128, 11.00, 0.00, 9.48, 15.51, 0.000, 0.000, 0.000, 11:20:32.896
129, 12.67, 0.00, 11.54, 14.85, 0.000, 0.000, 0.000, 11:20:32.913
130, 14.61, 0.00, 14.72, 14.60, 0.000, 0.000, 0.000, 11:20:32.913
131, 11.00, 0.00, 12.88, 17.36, 0.000, 0.000, 0.000, 11:20:32.914
132, 12.11, 0.00, 10.86, 16.45, 0.000, 0.000, 0.000, 11:20:32.914
133, 9.32, 0.00, 12.21, 15.83, 0.000, 0.000, 0.000, 11:20:32.926
134, 6.77, 0.00, 14.67, 19.89, 0.000, 0.000, 0.000, 11:20:32.926
135, 9.10, 0.00, 7.93, 19.67, 0.000, 0.000, 0.000, 11:20:32.941
136, 7.52, 0.00, 14.58, 13.99, 0.000, 0.000, 0.000, 11:20:32.942
137, 7.87, 0.00, 11.32, 16.41, 0.000, 0.000, 0.000, 11:20:32.942
138, 6.98, 0.00, 16.83, 17.08, 0.000, 0.000, 0.000, 11:20:32.942
139, 6.82, 0.00, 14.30, 19.37, 0.000, 0.000, 0.000, 11:20:32.955
140, 8.26, 0.00, 10.47, 17.66, 0.000, 0.000, 0.000, 11:20:32.955
141, 9.78, 0.00, 9.19, 20.34, 0.000, 0.000, 0.000, 11:20:32.970
142, 8.17, 0.00, 7.03, 16.57, 0.000, 0.000, 0.000, 11:20:32.970
143, 5.85, 0.00, 12.75, 16.52, 0.000, 0.000, 0.000, 11:20:32.970
144, 11.06, 0.00, 17.70, 12.73, 0.000, 0.000, 0.000, 11:20:32.971
145, 12.24, 0.00, 9.59, 15.79, 0.000, 0.000, 0.000, 11:20:32.985
146, 12.05, 0.00, 17.80, 16.86, 0.000, 0.000, 0.000, 11:20:32.985
147, 12.16, 0.00, 4.13, 13.48, 0.000, 0.000, 0.000, 11:20:33.000
148, 12.07, 0.00, 4.01, 15.26, 0.000, 0.000, 0.000, 11:20:33.000
149, 11.14, 0.00, 1.19, 17.02, 0.000, 0.000, 0.000, 11:20:33.000
150, 8.86, 0.00, 8.87, 14.23, 0.000, 0.000, 0.000, 11:20:33.000
151, 9.39, 0.00, 2.40, 12.22, 0.000, 0.000, 0.000, 11:20:33.029
152, 8.46, 0.00, 9.67, 15.71, 0.000, 0.000, 0.000, 11:20:33.030
153, 10.06, 0.00, 15.96, 18.53, 0.000, 0.000, 0.000, 11:20:33.030
154, 10.64, 0.00, 15.58, 16.04, 0.000, 0.000, 0.000, 11:20:33.030
155, 10.40, 0.00, 12.32, 16.28, 0.000, 0.000, 0.000, 11:20:33.031
156, 10.82, 0.00, 16.71, 17.99, 0.000, 0.000, 0.000, 11:20:33.031
157, 8.15, 0.00, 12.45, 16.68, 0.000, 0.000, 0.000, 11:20:33.045
158, 10.98, 0.00, 17.58, 15.53, 0.000, 0.000, 0.000, 11:20:33.045
159, 7.94, 0.00, 26.65, 13.07, 0.000, 0.000, 0.000, 11:20:33.063
160, 17.25, 0.00, 5.85, 14.89, 0.000, 0.000, 0.000, 11:20:33.064
161, 12.89, 0.00, 15.36, 13.29, 0.000, 0.000, 0.000, 11:20:33.065
162, 13.74, 0.00, 11.87, 12.62, 0.000, 0.000, 0.000, 11:20:33.065
163, 13.02, 0.00, 13.05, 16.18, 0.000, 0.000, 0.000, 11:20:33.078
164, 17.15, 0.00, 15.66, 15.26, 0.000, 0.000, 0.000, 11:20:33.078
165, 10.76, 0.00, 12.33, 15.43, 0.000, 0.000, 0.000, 11:20:33.092
166, 12.36, 0.00, 14.18, 18.98, 0.000, 0.000, 0.000, 11:20:33.093
167, 8.31, 0.00, 20.26, 18.79, 0.000, 0.000, 0.000, 11:20:33.094
168, 19.39, 0.00, 13.86, 16.29, 0.000, 0.000, 0.000, 11:20:33.094
169, 14.78, 0.00, 14.71, 17.21, 0.000, 0.000, 0.000, 11:20:33.105
170, 12.80, 0.00, 14.09, 16.50, 0.000, 0.000, 0.000, 11:20:33.105
171, 16.15, 0.00, 20.66, 17.39, 0.000, 0.000, 0.000, 11:20:33.120
172, 13.03, 0.00, 12.93, 16.23, 0.000, 0.000, 0.000, 11:20:33.121
173, 13.48, 0.00, 11.57, 18.84, 0.000, 0.000, 0.000, 11:20:33.121
174, 13.69, 0.00, 11.69, 19.11, 0.000, 0.000, 0.000, 11:20:33.121
175, 12.46, 0.00, 13.37, 17.45, 0.000, 0.000, 0.000, 11:20:33.135
176, 15.26, 0.00, 7.85, 14.35, 0.000, 0.000, 0.000, 11:20:33.135
177, 10.89, 0.00, 12.44, 18.50, 0.000, 0.000, 0.000, 11:20:33.150
178, 11.06, 0.00, 11.76, 15.83, 0.000, 0.000, 0.000, 11:20:33.150
179, 9.35, 0.00, 15.56, 14.90, 0.000, 0.000, 0.000, 11:20:33.151
180, 13.77, 0.00, 14.07, 14.67, 0.000, 0.000, 0.000, 11:20:33.151
181, 12.77, 0.00, 18.33, 12.21, 0.000, 0.000, 0.000, 11:20:33.165
182, 14.50, 0.00, 19.53, 18.13, 0.000, 0.000, 0.000, 11:20:33.165
183, 10.32, 0.00, 15.76, 16.92, 0.000, 0.000, 0.000, 11:20:33.180
184, 12.34, 0.00, 11.96, 14.90, 0.000, 0.000, 0.000, 11:20:33.180
185, 12.71, 0.00, 13.14, 15.94, 0.000, 0.000, 0.000, 11:20:33.181
186, 12.64, 0.00, 17.55, 15.22, 0.000, 0.000, 0.000, 11:20:33.181
187, 15.93, 0.00, 11.98, 19.17, 0.000, 0.000, 0.000, 11:20:33.196
188, 11.37, 0.00, 12.16, 14.09, 0.000, 0.000, 0.000, 11:20:33.196
189, 14.62, 0.00, 12.54, 14.16, 0.000, 0.000, 0.000, 11:20:33.213
190, 11.14, 0.00, 10.46, 16.01, 0.000, 0.000, 0.000, 11:20:33.214
191, 13.74, 0.00, 15.45, 18.45, 0.000, 0.000, 0.000, 11:20:33.218
192, 13.55, 0.00, 11.35, 13.30, 0.000, 0.000, 0.000, 11:20:33.218
193, 15.11, 0.00, 10.84, 16.65, 0.000, 0.000, 0.000, 11:20:33.225
194, 13.52, 0.00, 14.61, 21.72, 0.000, 0.000, 0.000, 11:20:33.226
195, 10.65, 0.00, 16.24, 17.32, 0.000, 0.000, 0.000, 11:20:33.241
196, 12.89, 0.00, 11.52, 18.20, 0.000, 0.000, 0.000, 11:20:33.242
197, 11.46, 0.00, 9.90, 13.53, 0.000, 0.000, 0.000, 11:20:33.243
198, 10.60, 0.00, 15.71, 20.78, 0.000, 0.000, 0.000, 11:20:33.244
199, 8.48, 0.00, 10.28, 13.75, 0.000, 0.000, 0.000, 11:20:33.255
200, 12.41, 0.00, 11.46, 14.07, 0.000, 0.000, 0.000, 11:20:33.255
0, 11.53, 0.00, 15.13, 18.38, 0.000, 0.000, 0.000, 11:20:33.272
1, 13.56, 0.00, 13.76, 16.01, 0.000, 0.000, 0.000, 11:20:33.273
2, 13.69, 0.00, 11.20, 16.93, 0.000, 0.000, 0.000, 11:20:33.273
3, 13.42, 0.00, 10.96, 15.76, 0.000, 0.000, 0.000, 11:20:33.285
4, 10.34, 0.00, 12.85, 15.56, 0.000, 0.000, 0.000, 11:20:33.285
5, 10.68, 0.00, 8.68, 17.85, 0.000, 0.000, 0.000, 11:20:33.286
6, 6.70, 0.00, 13.57, 16.33, 0.000, 0.000, 0.000, 11:20:33.286
7, 10.69, 0.00, 12.15, 13.31, 0.000, 0.000, 0.000, 11:20:33.301
8, 12.02, 0.00, 15.40, 15.29, 0.000, 0.000, 0.000, 11:20:33.301
9, 12.60, 0.00, 15.66, 16.44, 0.000, 0.000, 0.000, 11:20:33.317
10, 12.52, 0.00, 11.54, 17.58, 0.000, 0.000, 0.000, 11:20:33.317
11, 10.45, 0.00, 12.27, 20.69, 0.000, 0.000, 0.000, 11:20:33.317
12, 12.66, 0.00, 13.93, 15.47, 0.000, 0.000, 0.000, 11:20:33.317
13, 13.10, 0.00, 15.12, 18.67, 0.000, 0.000, 0.000, 11:20:33.331
14, 12.78, 0.00, 11.47, 16.56, 0.000, 0.000, 0.000, 11:20:33.331
15, 14.95, 0.00, 14.85, 18.71, 0.000, 0.000, 0.000, 11:20:33.345
16, 13.88, 0.00, 19.24, 18.87, 0.000, 0.000, 0.000, 11:20:33.345
17, 12.73, 0.00, 16.95, 14.09, 0.000, 0.000, 0.000, 11:20:33.346
18, 11.44, 0.00, 8.88, 13.51, 0.000, 0.000, 0.000, 11:20:33.346
19, 9.08, 0.00, 16.22, 16.62, 0.000, 0.000, 0.000, 11:20:33.365
20, 12.07, 0.00, 12.41, 15.84, 0.000, 0.000, 0.000, 11:20:33.365
21, 12.72, 0.00, 13.73, 20.97, 0.000, 0.000, 0.000, 11:20:33.376
22, 11.66, 0.00, 16.06, 12.86, 0.000, 0.000, 0.000, 11:20:33.377
23, 13.57, 0.00, 10.97, 13.50, 0.000, 0.000, 0.000, 11:20:33.379
24, 14.13, 0.00, 12.74, 17.11, 0.000, 0.000, 0.000, 11:20:33.379
25, 8.09, 0.00, 9.15, 18.30, 0.000, 0.000, 0.000, 11:20:33.393
26, 13.70, 0.00, 16.06, 17.03, 0.000, 0.000, 0.000, 11:20:33.393
27, 13.51, 0.00, 10.52, 14.19, 0.000, 0.000, 0.000, 11:20:33.405
28, 12.45, 0.00, 11.55, 15.12, 0.000, 0.000, 0.000, 11:20:33.406
29, 14.77, 0.00, 10.89, 12.13, 0.000, 0.000, 0.000, 11:20:33.408
30, 9.85, 0.00, 15.57, 13.13, 0.000, 0.000, 0.000, 11:20:33.411
31, 11.68, 0.00, 11.29, 13.75, 0.000, 0.000, 0.000, 11:20:33.420
32, 12.75, 0.00, 15.01, 14.98, 0.000, 0.000, 0.000, 11:20:33.420
33, 12.54, 0.00, 19.09, 18.15, 0.000, 0.000, 0.000, 11:20:33.434
34, 11.03, 0.00, 18.14, 17.18, 0.000, 0.000, 0.000, 11:20:33.435
35, 9.67, 0.00, 12.63, 16.29, 0.000, 0.000, 0.000, 11:20:33.435
36, 11.32, 0.00, 11.96, 15.61, 0.000, 0.000, 0.000, 11:20:33.435
37, 12.40, 0.00, 8.76, 16.69, 0.000, 0.000, 0.000, 11:20:33.450
38, 12.49, 0.00, 13.74, 17.72, 0.000, 0.000, 0.000, 11:20:33.450
39, 8.28, 0.00, 9.87, 16.72, 0.000, 0.000, 0.000, 11:20:33.465
40, 6.19, 0.00, 11.51, 17.50, 0.000, 0.000, 0.000, 11:20:33.465
41, 10.59, 0.00, 14.45, 15.64, 0.000, 0.000, 0.000, 11:20:33.466
42, 10.71, 0.00, 8.97, 17.20, 0.000, 0.000, 0.000, 11:20:33.466
43, 11.03, 0.00, 17.43, 11.10, 0.000, 0.000, 0.000, 11:20:33.480
44, 11.09, 0.00, 14.34, 17.50, 0.000, 0.000, 0.000, 11:20:33.480
45, 14.11, 0.00, 4.73, 16.40, 0.000, 0.000, 0.000, 11:20:33.495
46, 7.60, 0.00, 19.89, 17.56, 0.000, 0.000, 0.000, 11:20:33.495
47, 7.66, 0.00, 19.77, 11.63, 0.000, 0.000, 0.000, 11:20:33.495
48, 2.26, 0.00, 24.02, 14.79, 0.000, 0.000, 0.000, 11:20:33.495
49, 7.03, 0.00, 20.04, 18.60, 0.000, 0.000, 0.000, 11:20:33.513
50, 15.57, 0.00, 9.05, 16.29, 0.000, 0.000, 0.000, 11:20:33.514
51, 8.77, 0.00, 2.70, 15.19, 0.000, 0.000, 0.000, 11:20:33.526
52, 15.43, 0.00, 1.40, 17.27, 0.000, 0.000, 0.000, 11:20:33.526
53, 12.96, 0.00, 14.54, 17.39, 0.000, 0.000, 0.000, 11:20:33.532
54, 6.70, 0.00, 17.01, 16.66, 0.000, 0.000, 0.000, 11:20:33.532
55, 8.07, 0.00, 13.32, 14.41, 0.000, 0.000, 0.000, 11:20:33.541
56, 13.26, 0.00, 15.06, 16.46, 0.000, 0.000, 0.000, 11:20:33.541
57, 15.23, 0.00, 10.85, 19.19, 0.000, 0.000, 0.000, 11:20:33.555
58, 18.43, 0.00, 15.04, 15.66, 0.000, 0.000, 0.000, 11:20:33.555
59, 9.60, 0.00, 3.37, 12.34, 0.000, 0.000, 0.000, 11:20:33.556
60, 12.29, 0.00, 13.25, 18.73, 0.000, 0.000, 0.000, 11:20:33.556
61, 13.50, 0.00, 13.93, 17.97, 0.000, 0.000, 0.000, 11:20:33.570
62, 11.11, 0.00, 12.00, 13.90, 0.000, 0.000, 0.000, 11:20:33.571
63, 13.15, 0.00, 9.49, 15.15, 0.000, 0.000, 0.000, 11:20:33.585
64, 8.56, 0.00, 9.59, 15.52, 0.000, 0.000, 0.000, 11:20:33.585
65, 15.09, 0.00, 12.80, 14.41, 0.000, 0.000, 0.000, 11:20:33.600
66, 12.13, 0.00, 8.78, 14.55, 0.000, 0.000, 0.000, 11:20:33.600
67, 13.69, 0.00, 14.89, 19.21, 0.000, 0.000, 0.000, 11:20:33.601
68, 13.62, 0.00, 12.33, 20.41, 0.000, 0.000, 0.000, 11:20:33.601
69, 13.77, 0.00, 15.46, 17.82, 0.000, 0.000, 0.000, 11:20:33.615
70, 9.59, 0.00, 12.17, 16.60, 0.000, 0.000, 0.000, 11:20:33.615
71, 10.06, 0.00, 14.29, 15.70, 0.000, 0.000, 0.000, 11:20:33.616
72, 10.74, 0.00, 13.00, 12.54, 0.000, 0.000, 0.000, 11:20:33.616
73, 10.40, 0.00, 15.80, 15.71, 0.000, 0.000, 0.000, 11:20:33.631
74, 11.15, 0.00, 16.48, 17.41, 0.000, 0.000, 0.000, 11:20:33.632
75, 10.34, 0.00, 10.02, 15.13, 0.000, 0.000, 0.000, 11:20:33.646
76, 11.18, 0.00, 7.81, 15.31, 0.000, 0.000, 0.000, 11:20:33.647
77, 11.42, 0.00, 16.35, 20.11, 0.000, 0.000, 0.000, 11:20:33.647
78, 14.45, 0.00, 15.31, 15.97, 0.000, 0.000, 0.000, 11:20:33.647
79, 8.23, 0.00, 8.43, 13.27, 0.000, 0.000, 0.000, 11:20:33.661
80, 12.46, 0.00, 10.24, 13.89, 0.000, 0.000, 0.000, 11:20:33.663
81, 10.32, 0.00, 16.98, 21.48, 0.000, 0.000, 0.000, 11:20:33.675
82, 11.67, 0.00, 16.54, 22.24, 0.000, 0.000, 0.000, 11:20:33.675
83, 13.18, 0.00, 2.56, 13.37, 0.000, 0.000, 0.000, 11:20:33.676
84, 14.14, 0.00, 5.84, 13.33, 0.000, 0.000, 0.000, 11:20:33.676
85, 10.51, 0.00, 14.35, 15.57, 0.000, 0.000, 0.000, 11:20:33.692
86, 13.40, 0.00, 10.23, 14.94, 0.000, 0.000, 0.000, 11:20:33.692
87, 14.09, 0.00, 13.31, 16.10, 0.000, 0.000, 0.000, 11:20:33.705
88, 11.10, 0.00, 16.66, 17.93, 0.000, 0.000, 0.000, 11:20:33.705
89, 15.30, 0.00, 15.27, 19.96, 0.000, 0.000, 0.000, 11:20:33.706
90, 16.17, 0.00, 9.98, 13.94, 0.000, 0.000, 0.000, 11:20:33.706
91, 14.66, 0.00, 10.36, 15.34, 0.000, 0.000, 0.000, 11:20:33.720
92, 8.95, 0.00, 11.93, 12.64, 0.000, 0.000, 0.000, 11:20:33.720
93, 10.05, 0.00, 14.22, 16.70, 0.000, 0.000, 0.000, 11:20:33.735
94, 12.73, 0.00, 13.85, 16.26, 0.000, 0.000, 0.000, 11:20:33.735
95, 9.11, 0.00, 7.58, 10.89, 0.000, 0.000, 0.000, 11:20:33.735
96, 11.57, 0.00, 15.66, 17.12, 0.000, 0.000, 0.000, 11:20:33.736
97, 11.88, 0.00, 10.69, 20.72, 0.000, 0.000, 0.000, 11:20:33.750
98, 10.86, 0.00, 16.38, 18.82, 0.000, 0.000, 0.000, 11:20:33.750
99, 11.92, 0.00, 8.96, 16.84, 0.000, 0.000, 0.000, 11:20:33.765
100, 11.49, 0.00, 15.11, 18.31, 0.000, 0.000, 0.000, 11:20:33.765
101, 10.21, 0.00, 16.18, 18.25, 0.000, 0.000, 0.000, 11:20:33.766
102, 12.34, 0.00, 12.06, 14.17, 0.000, 0.000, 0.000, 11:20:33.766
103, 13.19, 0.00, 15.07, 17.95, 0.000, 0.000, 0.000, 11:20:33.780
104, 12.89, 0.00, 12.00, 13.74, 0.000, 0.000, 0.000, 11:20:33.780
105, 11.26, 0.00, 15.89, 18.82, 0.000, 0.000, 0.000, 11:20:33.796
106, 11.69, 0.00, 13.64, 17.03, 0.000, 0.000, 0.000, 11:20:33.796
107, 10.39, 0.00, 8.20, 14.64, 0.000, 0.000, 0.000, 11:20:33.796
108, 12.27, 0.00, 17.24, 17.41, 0.000, 0.000, 0.000, 11:20:33.796
109, 14.93, 0.00, 16.54, 16.47, 0.000, 0.000, 0.000, 11:20:33.813
110, 13.49, 0.00, 11.96, 15.86, 0.000, 0.000, 0.000, 11:20:33.814
111, 11.47, 0.00, 8.68, 13.79, 0.000, 0.000, 0.000, 11:20:33.825
112, 6.19, 0.00, 17.46, 17.04, 0.000, 0.000, 0.000, 11:20:33.826
113, 15.20, 0.00, 14.14, 16.86, 0.000, 0.000, 0.000, 11:20:33.826
114, 13.18, 0.00, 10.41, 18.40, 0.000, 0.000, 0.000, 11:20:33.827
115, 8.49, 0.00, 8.86, 14.16, 0.000, 0.000, 0.000, 11:20:33.842
116, 14.60, 0.00, 14.86, 15.86, 0.000, 0.000, 0.000, 11:20:33.842
117, 16.38, 0.00, 13.50, 15.71, 0.000, 0.000, 0.000, 11:20:33.855
118, 9.20, 0.00, 12.56, 13.73, 0.000, 0.000, 0.000, 11:20:33.855
119, 13.67, 0.00, 7.84, 19.45, 0.000, 0.000, 0.000, 11:20:33.856
120, 13.17, 0.00, 10.54, 17.23, 0.000, 0.000, 0.000, 11:20:33.857
121, 11.85, 0.00, 17.73, 16.94, 0.000, 0.000, 0.000, 11:20:33.870
122, 14.69, 0.00, 21.65, 19.20, 0.000, 0.000, 0.000, 11:20:33.871
123, 12.06, 0.00, 16.01, 16.50, 0.000, 0.000, 0.000, 11:20:33.885
124, 9.43, 0.00, 6.63, 15.60, 0.000, 0.000, 0.000, 11:20:33.885
125, 10.03, 0.00, 17.46, 13.14, 0.000, 0.000, 0.000, 11:20:33.885
126, 6.47, 0.00, 14.93, 17.93, 0.000, 0.000, 0.000, 11:20:33.886
127, 10.02, 0.00, 7.87, 14.87, 0.000, 0.000, 0.000, 11:20:33.901
128, 13.12, 0.00, 15.81, 14.63, 0.000, 0.000, 0.000, 11:20:33.901
129, 12.56, 0.00, 8.44, 13.96, 0.000, 0.000, 0.000, 11:20:33.916
130, 10.45, 0.00, 13.01, 14.64, 0.000, 0.000, 0.000, 11:20:33.916
131, 9.79, 0.00, 9.54, 13.25, 0.000, 0.000, 0.000, 11:20:33.917
132, 8.73, 0.00, 11.19, 15.11, 0.000, 0.000, 0.000, 11:20:33.917
133, 14.71, 0.00, 16.02, 20.24, 0.000, 0.000, 0.000, 11:20:33.930
134, 11.00, 0.00, 18.39, 18.50, 0.000, 0.000, 0.000, 11:20:33.931
135, 13.82, 0.00, 8.67, 18.01, 0.000, 0.000, 0.000, 11:20:33.945
136, 12.09, 0.00, 15.59, 15.09, 0.000, 0.000, 0.000, 11:20:33.945
137, 11.33, 0.00, 14.48, 15.97, 0.000, 0.000, 0.000, 11:20:33.946
138, 15.59, 0.00, 13.99, 14.76, 0.000, 0.000, 0.000, 11:20:33.946
139, 11.94, 0.00, 13.48, 17.79, 0.000, 0.000, 0.000, 11:20:33.965
140, 12.50, 0.00, 14.10, 15.06, 0.000, 0.000, 0.000, 11:20:33.965
141, 10.59, 0.00, 18.70, 17.30, 0.000, 0.000, 0.000, 11:20:33.976
142, 11.17, 0.00, 13.39, 17.50, 0.000, 0.000, 0.000, 11:20:33.976
143, 13.74, 0.00, 16.85, 19.65, 0.000, 0.000, 0.000, 11:20:33.977
144, 14.66, 0.00, 13.78, 16.23, 0.000, 0.000, 0.000, 11:20:33.978
145, 15.73, 0.00, 15.09, 16.28, 0.000, 0.000, 0.000, 11:20:33.993
146, 10.09, 0.00, 13.88, 17.61, 0.000, 0.000, 0.000, 11:20:33.993
147, 8.05, 0.00, 5.82, 14.67, 0.000, 0.000, 0.000, 11:20:34.005
148, 11.17, 0.00, 10.52, 18.52, 0.000, 0.000, 0.000, 11:20:34.006
149, 7.89, 0.00, 13.75, 14.62, 0.000, 0.000, 0.000, 11:20:34.007
150, 10.02, 0.00, 16.71, 16.08, 0.000, 0.000, 0.000, 11:20:34.007
151, 7.01, 0.00, 14.07, 18.85, 0.000, 0.000, 0.000, 11:20:34.020
152, 8.69, 0.00, 13.63, 13.88, 0.000, 0.000, 0.000, 11:20:34.020
153, 10.95, 0.00, 16.87, 15.75, 0.000, 0.000, 0.000, 11:20:34.035
154, 9.55, 0.00, 13.69, 14.23, 0.000, 0.000, 0.000, 11:20:34.035
155, 11.69, 0.00, 7.53, 16.51, 0.000, 0.000, 0.000, 11:20:34.035
156, 8.61, 0.00, 5.90, 16.39, 0.000, 0.000, 0.000, 11:20:34.035
157, 11.38, 0.00, 16.45, 18.50, 0.000, 0.000, 0.000, 11:20:34.050
158, 9.71, 0.00, 16.37, 17.10, 0.000, 0.000, 0.000, 11:20:34.050
159, 12.86, 0.00, 15.73, 17.37, 0.000, 0.000, 0.000, 11:20:34.067
160, 13.31, 0.00, 11.42, 13.30, 0.000, 0.000, 0.000, 11:20:34.067
161, 11.86, 0.00, 5.47, 13.17, 0.000, 0.000, 0.000, 11:20:34.067
162, 9.68, 0.00, 11.46, 14.94, 0.000, 0.000, 0.000, 11:20:34.068
163, 9.25, 0.00, 8.67, 14.44, 0.000, 0.000, 0.000, 11:20:34.083
164, 9.31, 0.00, 11.40, 13.89, 0.000, 0.000, 0.000, 11:20:34.083
165, 8.44, 0.00, 18.71, 17.77, 0.000, 0.000, 0.000, 11:20:34.096
166, 9.81, 0.00, 13.82, 12.58, 0.000, 0.000, 0.000, 11:20:34.096
167, 13.92, 0.00, 8.21, 16.67, 0.000, 0.000, 0.000, 11:20:34.097
168, 12.78, 0.00, 14.23, 13.17, 0.000, 0.000, 0.000, 11:20:34.097
169, 11.69, 0.00, 12.95, 15.31, 0.000, 0.000, 0.000, 11:20:34.110
170, 10.16, 0.00, 17.73, 17.31, 0.000, 0.000, 0.000, 11:20:34.111
171, 14.24, 0.00, 19.99, 17.06, 0.000, 0.000, 0.000, 11:20:34.126
172, 13.05, 0.00, 9.62, 19.29, 0.000, 0.000, 0.000, 11:20:34.127
173, 10.15, 0.00, 14.40, 17.43, 0.000, 0.000, 0.000, 11:20:34.128
174, 17.37, 0.00, 13.56, 17.57, 0.000, 0.000, 0.000, 11:20:34.128
175, 12.19, 0.00, 9.92, 17.87, 0.000, 0.000, 0.000, 11:20:34.142
176, 8.14, 0.00, 9.07, 15.58, 0.000, 0.000, 0.000, 11:20:34.142
177, 12.16, 0.00, 15.07, 16.05, 0.000, 0.000, 0.000, 11:20:34.155
178, 13.66, 0.00, 18.81, 18.62, 0.000, 0.000, 0.000, 11:20:34.155
179, 11.32, 0.00, 6.91, 14.46, 0.000, 0.000, 0.000, 11:20:34.156
180, 10.90, 0.00, 0.42, 14.84, 0.000, 0.000, 0.000, 11:20:34.156
181, 9.58, 0.00, 8.20, 17.79, 0.000, 0.000, 0.000, 11:20:34.185
182, 8.15, 0.00, 21.85, 19.42, 0.000, 0.000, 0.000, 11:20:34.185
183, 11.65, 0.00, 11.89, 19.66, 0.000, 0.000, 0.000, 11:20:34.185
184, 16.48, 0.00, 12.91, 18.03, 0.000, 0.000, 0.000, 11:20:34.185
185, 12.45, 0.00, 21.09, 13.20, 0.000, 0.000, 0.000, 11:20:34.186
186, 7.87, 0.00, 10.80, 16.55, 0.000, 0.000, 0.000, 11:20:34.186
187, 9.87, 0.00, 14.84, 15.53, 0.000, 0.000, 0.000, 11:20:34.201
188, 9.50, 0.00, 9.09, 15.41, 0.000, 0.000, 0.000, 11:20:34.202
189, 10.50, 0.00, 11.11, 15.66, 0.000, 0.000, 0.000, 11:20:34.216
190, 11.19, 0.00, 16.35, 15.10, 0.000, 0.000, 0.000, 11:20:34.216
191, 10.45, 0.00, 10.45, 17.31, 0.000, 0.000, 0.000, 11:20:34.216
192, 12.51, 0.00, 16.71, 16.37, 0.000, 0.000, 0.000, 11:20:34.216
193, 11.21, 0.00, 15.11, 15.15, 0.000, 0.000, 0.000, 11:20:34.230
194, 13.96, 0.00, 15.04, 15.03, 0.000, 0.000, 0.000, 11:20:34.231
195, 10.16, 0.00, 12.75, 16.52, 0.000, 0.000, 0.000, 11:20:34.246
196, 10.82, 0.00, 12.04, 15.83, 0.000, 0.000, 0.000, 11:20:34.246
197, 13.51, 0.00, 15.70, 16.08, 0.000, 0.000, 0.000, 11:20:34.246
198, 13.94, 0.00, 16.43, 19.51, 0.000, 0.000, 0.000, 11:20:34.246
199, 9.02, 0.00, 12.15, 12.31, 0.000, 0.000, 0.000, 11:20:34.263
200, 9.14, 0.00, 15.03, 10.35, 0.000, 0.000, 0.000, 11:20:34.264
0, 10.70, 0.00, 16.47, 14.88, 0.000, 0.000, 0.000, 11:20:34.265
1, 8.51, 0.00, 9.17, 16.75, 0.000, 0.000, 0.000, 11:20:34.277
2, 11.78, 0.00, 12.31, 16.27, 0.000, 0.000, 0.000, 11:20:34.278
3, 14.25, 0.00, 11.98, 17.88, 0.000, 0.000, 0.000, 11:20:34.292
4, 12.66, 0.00, 14.37, 15.64, 0.000, 0.000, 0.000, 11:20:34.293
5, 8.53, 0.00, 13.87, 20.64, 0.000, 0.000, 0.000, 11:20:34.294
6, 9.93, 0.00, 13.03, 11.40, 0.000, 0.000, 0.000, 11:20:34.297
7, 12.00, 0.00, 8.02, 16.63, 0.000, 0.000, 0.000, 11:20:34.305
8, 8.69, 0.00, 11.78, 17.66, 0.000, 0.000, 0.000, 11:20:34.305
9, 10.73, 0.00, 13.97, 20.28, 0.000, 0.000, 0.000, 11:20:34.320
10, 9.38, 0.00, 10.85, 16.03, 0.000, 0.000, 0.000, 11:20:34.320
11, 12.24, 0.00, 15.40, 17.88, 0.000, 0.000, 0.000, 11:20:34.329
12, 13.19, 0.00, 7.95, 15.16, 0.000, 0.000, 0.000, 11:20:34.329
13, 9.14, 0.00, 12.54, 15.63, 0.000, 0.000, 0.000, 11:20:34.335
14, 10.84, 0.00, 10.97, 15.45, 0.000, 0.000, 0.000, 11:20:34.335
15, 10.54, 0.00, 9.92, 14.58, 0.000, 0.000, 0.000, 11:20:34.350
16, 14.22, 0.00, 17.32, 15.45, 0.000, 0.000, 0.000, 11:20:34.351
17, 13.64, 0.00, 15.14, 16.41, 0.000, 0.000, 0.000, 11:20:34.351
18, 15.84, 0.00, 9.28, 15.57, 0.000, 0.000, 0.000, 11:20:34.351
19, 18.11, 0.00, 9.79, 17.43, 0.000, 0.000, 0.000, 11:20:34.365
20, 15.23, 0.00, 13.96, 16.19, 0.000, 0.000, 0.000, 11:20:34.365
21, 4.69, 0.00, 12.95, 19.75, 0.000, 0.000, 0.000, 11:20:34.380
22, 7.97, 0.00, 15.22, 15.98, 0.000, 0.000, 0.000, 11:20:34.380
23, 17.56, 0.00, 12.64, 11.07, 0.000, 0.000, 0.000, 11:20:34.380
24, 10.03, 0.00, 10.71, 14.37, 0.000, 0.000, 0.000, 11:20:34.381
25, 15.48, 0.00, 12.78, 16.54, 0.000, 0.000, 0.000, 11:20:34.395
26, 15.42, 0.00, 13.85, 17.72, 0.000, 0.000, 0.000, 11:20:34.395
27, 13.65, 0.00, 11.56, 17.75, 0.000, 0.000, 0.000, 11:20:34.425
28, 13.65, 0.00, 14.42, 15.33, 0.000, 0.000, 0.000, 11:20:34.426
29, 13.02, 0.00, 15.80, 14.59, 0.000, 0.000, 0.000, 11:20:34.426
30, 8.89, 0.00, 11.33, 15.35, 0.000, 0.000, 0.000, 11:20:34.427
31, 12.89, 0.00, 12.04, 14.58, 0.000, 0.000, 0.000, 11:20:34.428
32, 12.58, 0.00, 11.46, 19.44, 0.000, 0.000, 0.000, 11:20:34.428
33, 11.18, 0.00, 11.83, 18.65, 0.000, 0.000, 0.000, 11:20:34.429
34, 7.94, 0.00, 11.31, 17.53, 0.000, 0.000, 0.000, 11:20:34.429
35, 3.03, 0.00, 12.74, 12.32, 0.000, 0.000, 0.000, 11:20:34.441
36, 3.28, 0.00, 11.96, 19.46, 0.000, 0.000, 0.000, 11:20:34.441
37, 11.53, 0.00, 14.32, 17.80, 0.000, 0.000, 0.000, 11:20:34.470
38, 12.45, 0.00, 11.32, 18.70, 0.000, 0.000, 0.000, 11:20:34.470
39, 9.94, 0.00, 10.81, 14.44, 0.000, 0.000, 0.000, 11:20:34.470
40, 2.49, 0.00, 16.34, 19.48, 0.000, 0.000, 0.000, 11:20:34.470
41, 5.09, 0.00, 16.94, 18.91, 0.000, 0.000, 0.000, 11:20:34.471
42, 8.13, 0.00, 14.99, 13.00, 0.000, 0.000, 0.000, 11:20:34.471
43, 5.83, 0.00, 9.65, 15.09, 0.000, 0.000, 0.000, 11:20:34.485
44, 12.42, 0.00, 15.35, 16.92, 0.000, 0.000, 0.000, 11:20:34.485
45, 17.17, 0.00, 13.21, 17.87, 0.000, 0.000, 0.000, 11:20:34.499
46, 15.52, 0.00, 12.21, 15.97, 0.000, 0.000, 0.000, 11:20:34.500
47, 10.27, 0.00, 11.57, 14.53, 0.000, 0.000, 0.000, 11:20:34.500
48, 13.88, 0.00, 12.32, 13.80, 0.000, 0.000, 0.000, 11:20:34.500
49, 12.47, 0.00, 12.92, 15.15, 0.000, 0.000, 0.000, 11:20:34.515
50, 12.33, 0.00, 14.68, 15.84, 0.000, 0.000, 0.000, 11:20:34.515
51, -0.02, 0.00, 13.75, 13.15, 0.000, 0.000, 0.000, 11:20:34.530
52, 8.21, 0.00, 10.97, 12.64, 0.000, 0.000, 0.000, 11:20:34.530
53, 3.82, 0.00, 15.83, 16.63, 0.000, 0.000, 0.000, 11:20:34.530
54, 4.85, 0.00, 15.97, 14.11, 0.000, 0.000, 0.000, 11:20:34.530
55, 10.45, 0.00, 11.54, 14.08, 0.000, 0.000, 0.000, 11:20:34.545
56, 19.97, 0.00, 14.04, 17.57, 0.000, 0.000, 0.000, 11:20:34.545
57, 16.93, 0.00, 11.97, 15.70, 0.000, 0.000, 0.000, 11:20:34.563
58, 14.63, 0.00, 14.02, 17.12, 0.000, 0.000, 0.000, 11:20:34.563
59, 19.33, 0.00, 7.91, 15.83, 0.000, 0.000, 0.000, 11:20:34.563
60, 9.36, 0.00, 14.11, 18.84, 0.000, 0.000, 0.000, 11:20:34.563
61, 4.48, 0.00, 13.22, 19.46, 0.000, 0.000, 0.000, 11:20:34.576
62, 5.59, 0.00, 14.77, 11.32, 0.000, 0.000, 0.000, 11:20:34.577
63, 10.41, 0.00, 9.76, 16.36, 0.000, 0.000, 0.000, 11:20:34.591
64, 9.71, 0.00, 15.30, 19.67, 0.000, 0.000, 0.000, 11:20:34.591
65, 6.72, 0.00, 13.46, 15.69, 0.000, 0.000, 0.000, 11:20:34.592
66, 7.45, 0.00, 16.51, 18.45, 0.000, 0.000, 0.000, 11:20:34.592
67, 8.76, 0.00, 14.54, 19.59, 0.000, 0.000, 0.000, 11:20:34.605
68, 7.06, 0.00, 13.55, 16.00, 0.000, 0.000, 0.000, 11:20:34.605
69, 11.10, 0.00, 13.04, 18.03, 0.000, 0.000, 0.000, 11:20:34.620
70, 5.82, 0.00, 12.08, 16.77, 0.000, 0.000, 0.000, 11:20:34.620
71, 17.40, 0.00, 13.08, 17.44, 0.000, 0.000, 0.000, 11:20:34.620
72, 20.41, 0.00, 16.16, 19.40, 0.000, 0.000, 0.000, 11:20:34.620
73, 17.12, 0.00, 11.78, 17.14, 0.000, 0.000, 0.000, 11:20:34.653
74, 16.05, 0.00, 8.31, 15.01, 0.000, 0.000, 0.000, 11:20:34.653
75, 15.93, 0.00, 12.31, 14.20, 0.000, 0.000, 0.000, 11:20:34.653
76, 7.96, 0.00, 13.62, 16.09, 0.000, 0.000, 0.000, 11:20:34.653
77, 6.03, 0.00, 12.89, 15.91, 0.000, 0.000, 0.000, 11:20:34.653
78, 10.21, 0.00, 10.73, 11.58, 0.000, 0.000, 0.000, 11:20:34.654
79, 19.14, 0.00, 12.25, 12.20, 0.000, 0.000, 0.000, 11:20:34.666
80, 16.63, 0.00, 12.82, 19.88, 0.000, 0.000, 0.000, 11:20:34.666
81, 18.19, 0.00, 9.57, 17.12, 0.000, 0.000, 0.000, 11:20:34.680
82, 13.49, 0.00, 11.82, 18.30, 0.000, 0.000, 0.000, 11:20:34.680
83, 14.72, 0.00, 11.47, 15.84, 0.000, 0.000, 0.000, 11:20:34.680
84, 11.16, 0.00, 12.42, 13.07, 0.000, 0.000, 0.000, 11:20:34.680
85, 13.20, 0.00, 14.50, 11.45, 0.000, 0.000, 0.000, 11:20:34.695
86, 9.32, 0.00, 13.62, 13.01, 0.000, 0.000, 0.000, 11:20:34.695
87, 9.83, 0.00, 10.64, 16.75, 0.000, 0.000, 0.000, 11:20:34.716
88, 8.96, 0.00, 13.24, 16.15, 0.000, 0.000, 0.000, 11:20:34.716
89, 8.65, 0.00, 13.61, 20.23, 0.000, 0.000, 0.000, 11:20:34.716
90, 8.71, 0.00, 12.83, 17.53, 0.000, 0.000, 0.000, 11:20:34.717
91, 10.42, 0.00, 13.35, 16.77, 0.000, 0.000, 0.000, 11:20:34.735
92, 8.19, 0.00, 5.60, 17.25, 0.000, 0.000, 0.000, 11:20:34.735
93, 8.94, 0.00, 11.61, 13.90, 0.000, 0.000, 0.000, 11:20:34.741
94, 14.02, 0.00, 11.74, 15.11, 0.000, 0.000, 0.000, 11:20:34.741
95, 14.04, 0.00, 13.76, 18.40, 0.000, 0.000, 0.000, 11:20:34.742
96, 12.14, 0.00, 17.86, 15.55, 0.000, 0.000, 0.000, 11:20:34.742
97, 17.29, 0.00, 13.40, 18.51, 0.000, 0.000, 0.000, 11:20:34.755
98, 15.21, 0.00, 8.99, 18.25, 0.000, 0.000, 0.000, 11:20:34.755
99, 16.24, 0.00, 9.64, 16.09, 0.000, 0.000, 0.000, 11:20:34.770
100, 12.57, 0.00, 10.20, 15.26, 0.000, 0.000, 0.000, 11:20:34.770
101, 13.39, 0.00, 15.84, 15.21, 0.000, 0.000, 0.000, 11:20:34.770
102, 12.20, 0.00, 17.72, 16.45, 0.000, 0.000, 0.000, 11:20:34.770
103, 12.86, 0.00, 10.97, 16.02, 0.000, 0.000, 0.000, 11:20:34.785
104, 11.31, 0.00, 4.97, 17.18, 0.000, 0.000, 0.000, 11:20:34.785
105, 12.70, 0.00, 13.60, 16.41, 0.000, 0.000, 0.000, 11:20:34.800
106, 12.56, 0.00, 16.80, 16.55, 0.000, 0.000, 0.000, 11:20:34.800
107, 13.38, 0.00, 14.90, 14.11, 0.000, 0.000, 0.000, 11:20:34.800
108, 16.38, 0.00, 15.74, 18.41, 0.000, 0.000, 0.000, 11:20:34.800
109, 15.19, 0.00, 19.92, 15.66, 0.000, 0.000, 0.000, 11:20:34.815
110, 7.80, 0.00, 14.06, 18.41, 0.000, 0.000, 0.000, 11:20:34.815
111, 5.93, 0.00, 12.95, 16.99, 0.000, 0.000, 0.000, 11:20:34.830
112, 1.46, 0.00, 11.52, 16.23, 0.000, 0.000, 0.000, 11:20:34.830
113, 3.41, 0.00, 8.80, 18.01, 0.000, 0.000, 0.000, 11:20:34.830
114, 7.12, 0.00, 20.83, 17.99, 0.000, 0.000, 0.000, 11:20:34.831
115, 7.44, 0.00, 15.24, 15.04, 0.000, 0.000, 0.000, 11:20:34.845
116, 8.23, 0.00, 13.92, 15.05, 0.000, 0.000, 0.000, 11:20:34.845
117, 9.11, 0.00, 12.44, 15.83, 0.000, 0.000, 0.000, 11:20:34.864
118, 5.79, 0.00, 13.52, 14.11, 0.000, 0.000, 0.000, 11:20:34.865
119, 7.10, 0.00, 9.68, 14.18, 0.000, 0.000, 0.000, 11:20:34.865
120, 9.50, 0.00, 8.74, 14.36, 0.000, 0.000, 0.000, 11:20:34.865
121, 12.09, 0.00, 15.52, 18.10, 0.000, 0.000, 0.000, 11:20:34.891
122, 9.31, 0.00, 9.74, 18.84, 0.000, 0.000, 0.000, 11:20:34.891
123, 9.45, 0.00, 9.38, 16.11, 0.000, 0.000, 0.000, 11:20:34.892
124, 9.65, 0.00, 15.88, 12.40, 0.000, 0.000, 0.000, 11:20:34.892
125, 12.75, 0.00, 11.44, 14.96, 0.000, 0.000, 0.000, 11:20:34.893
126, 14.63, 0.00, 13.78, 17.98, 0.000, 0.000, 0.000, 11:20:34.895
127, 7.97, 0.00, 12.27, 15.27, 0.000, 0.000, 0.000, 11:20:34.905
128, 10.18, 0.00, 8.68, 12.98, 0.000, 0.000, 0.000, 11:20:34.905
129, 20.93, 0.00, 13.56, 18.75, 0.000, 0.000, 0.000, 11:20:34.920
130, 22.59, 0.00, 18.25, 17.38, 0.000, 0.000, 0.000, 11:20:34.920
131, 15.60, 0.00, 14.40, 13.30, 0.000, 0.000, 0.000, 11:20:34.921
132, 10.48, 0.00, 14.66, 13.16, 0.000, 0.000, 0.000, 11:20:34.921
133, 12.81, 0.00, 14.92, 14.55, 0.000, 0.000, 0.000, 11:20:34.936
134, 15.43, 0.00, 12.27, 18.32, 0.000, 0.000, 0.000, 11:20:34.936
135, 16.56, 0.00, 16.98, 18.41, 0.000, 0.000, 0.000, 11:20:34.950
136, 15.81, 0.00, 8.43, 15.87, 0.000, 0.000, 0.000, 11:20:34.950
137, 13.74, 0.00, 12.51, 19.35, 0.000, 0.000, 0.000, 11:20:34.950
138, 11.49, 0.00, 14.72, 16.81, 0.000, 0.000, 0.000, 11:20:34.950
139, 10.74, 0.00, 9.32, 12.75, 0.000, 0.000, 0.000, 11:20:34.965
140, 13.89, 0.00, 17.80, 15.76, 0.000, 0.000, 0.000, 11:20:34.965
141, 13.33, 0.00, 10.18, 13.73, 0.000, 0.000, 0.000, 11:20:34.980
142, 11.13, 0.00, 7.81, 15.66, 0.000, 0.000, 0.000, 11:20:34.980
143, 9.70, 0.00, 12.95, 16.91, 0.000, 0.000, 0.000, 11:20:34.980
144, 12.53, 0.00, 16.06, 16.29, 0.000, 0.000, 0.000, 11:20:34.981
145, 14.20, 0.00, 14.05, 18.48, 0.000, 0.000, 0.000, 11:20:34.995
146, 13.12, 0.00, 13.48, 17.04, 0.000, 0.000, 0.000, 11:20:34.995
147, 11.02, 0.00, 9.27, 14.57, 0.000, 0.000, 0.000, 11:20:35.012
148, 12.50, 0.00, 13.56, 17.64, 0.000, 0.000, 0.000, 11:20:35.013
149, 7.85, 0.00, 14.60, 17.14, 0.000, 0.000, 0.000, 11:20:35.013
150, 11.11, 0.00, 12.15, 15.11, 0.000, 0.000, 0.000, 11:20:35.013
151, 13.12, 0.00, 11.59, 10.31, 0.000, 0.000, 0.000, 11:20:35.025
152, 10.79, 0.00, 11.52, 16.26, 0.000, 0.000, 0.000, 11:20:35.026
153, 13.85, 0.00, 13.66, 20.47, 0.000, 0.000, 0.000, 11:20:35.059
154, 11.64, 0.00, 14.61, 17.18, 0.000, 0.000, 0.000, 11:20:35.060
155, 14.81, 0.00, 12.56, 17.31, 0.000, 0.000, 0.000, 11:20:35.063
156, 13.08, 0.00, 11.56, 17.64, 0.000, 0.000, 0.000, 11:20:35.064
157, 13.98, 0.00, 16.29, 15.29, 0.000, 0.000, 0.000, 11:20:35.065
158, 10.17, 0.00, 17.25, 17.39, 0.000, 0.000, 0.000, 11:20:35.065
159, 12.23, 0.00, 12.03, 16.20, 0.000, 0.000, 0.000, 11:20:35.065
160, 11.47, 0.00, 12.51, 15.17, 0.000, 0.000, 0.000, 11:20:35.065
161, 12.03, 0.00, 12.78, 22.42, 0.000, 0.000, 0.000, 11:20:35.074
162, 8.86, 0.00, 12.67, 14.94, 0.000, 0.000, 0.000, 11:20:35.075
163, 8.21, 0.00, 11.92, 17.08, 0.000, 0.000, 0.000, 11:20:35.085
164, 12.71, 0.00, 14.18, 15.61, 0.000, 0.000, 0.000, 11:20:35.085
165, 10.54, 0.00, 16.31, 20.68, 0.000, 0.000, 0.000, 11:20:35.100
166, 13.17, 0.00, 10.71, 19.27, 0.000, 0.000, 0.000, 11:20:35.100
167, 8.42, 0.00, 10.56, 14.09, 0.000, 0.000, 0.000, 11:20:35.102
168, 6.42, 0.00, 12.50, 16.71, 0.000, 0.000, 0.000, 11:20:35.102
169, 11.14, 0.00, 12.41, 17.21, 0.000, 0.000, 0.000, 11:20:35.116
170, 8.81, 0.00, 14.59, 13.95, 0.000, 0.000, 0.000, 11:20:35.116
171, 12.18, 0.00, 15.54, 15.51, 0.000, 0.000, 0.000, 11:20:35.130
172, 8.40, 0.00, 11.61, 16.18, 0.000, 0.000, 0.000, 11:20:35.130
173, 14.05, 0.00, 16.24, 20.11, 0.000, 0.000, 0.000, 11:20:35.131
174, 10.68, 0.00, 14.44, 16.89, 0.000, 0.000, 0.000, 11:20:35.131
175, 11.27, 0.00, 8.35, 12.75, 0.000, 0.000, 0.000, 11:20:35.145
176, 13.24, 0.00, 13.59, 15.13, 0.000, 0.000, 0.000, 11:20:35.146
177, 12.83, 0.00, 9.37, 16.57, 0.000, 0.000, 0.000, 11:20:35.162
178, 12.14, 0.00, 14.62, 21.50, 0.000, 0.000, 0.000, 11:20:35.162
179, 16.02, 0.00, 9.75, 16.34, 0.000, 0.000, 0.000, 11:20:35.162
180, 12.01, 0.00, 14.47, 11.93, 0.000, 0.000, 0.000, 11:20:35.162
181, 10.20, 0.00, 15.57, 15.87, 0.000, 0.000, 0.000, 11:20:35.176
182, 6.23, 0.00, 8.31, 18.49, 0.000, 0.000, 0.000, 11:20:35.177
183, 9.03, 0.00, 10.24, 14.62, 0.000, 0.000, 0.000, 11:20:35.191
184, 12.65, 0.00, 12.93, 15.26, 0.000, 0.000, 0.000, 11:20:35.191
185, 13.87, 0.00, 19.44, 18.53, 0.000, 0.000, 0.000, 11:20:35.192
186, 8.53, 0.00, 15.73, 16.99, 0.000, 0.000, 0.000, 11:20:35.193
187, 7.37, 0.00, 13.64, 13.79, 0.000, 0.000, 0.000, 11:20:35.205
188, 8.15, 0.00, 15.01, 17.28, 0.000, 0.000, 0.000, 11:20:35.205
189, 7.32, 0.00, 8.39, 16.94, 0.000, 0.000, 0.000, 11:20:35.220
190, 8.58, 0.00, 20.96, 20.19, 0.000, 0.000, 0.000, 11:20:35.220
191, 10.22, 0.00, 12.32, 15.92, 0.000, 0.000, 0.000, 11:20:35.229
192, 7.86, 0.00, 16.82, 15.19, 0.000, 0.000, 0.000, 11:20:35.229
193, 13.75, 0.00, 13.97, 18.53, 0.000, 0.000, 0.000, 11:20:35.235
194, 8.35, 0.00, 12.96, 17.19, 0.000, 0.000, 0.000, 11:20:35.235
195, 11.57, 0.00, 9.45, 15.45, 0.000, 0.000, 0.000, 11:20:35.250
196, 15.40, 0.00, 7.66, 15.99, 0.000, 0.000, 0.000, 11:20:35.250
197, 9.36, 0.00, 14.13, 17.29, 0.000, 0.000, 0.000, 11:20:35.250
198, 10.49, 0.00, 13.02, 18.29, 0.000, 0.000, 0.000, 11:20:35.250
199, 12.75, 0.00, 10.84, 15.20, 0.000, 0.000, 0.000, 11:20:35.265
200, 10.06, 0.00, 15.21, 13.20, 0.000, 0.000, 0.000, 11:20:35.265
0, 17.09, 0.00, 9.48, 18.95, 0.000, 0.000, 0.000, 11:20:35.265
1, 20.81, 0.00, 20.68, 18.42, 0.000, 0.000, 0.000, 11:20:35.280
2, 17.24, 0.00, 13.06, 20.25, 0.000, 0.000, 0.000, 11:20:35.280
3, 21.27, 0.00, 13.68, 19.17, 0.000, 0.000, 0.000, 11:20:35.295
4, 16.85, 0.00, 17.49, 18.08, 0.000, 0.000, 0.000, 11:20:35.295
5, 13.37, 0.00, 17.76, 14.28, 0.000, 0.000, 0.000, 11:20:35.298
6, 8.15, 0.00, 7.39, 13.42, 0.000, 0.000, 0.000, 11:20:35.298
7, 11.03, 0.00, 15.63, 11.40, 0.000, 0.000, 0.000, 11:20:35.312
8, 18.80, 0.00, 18.57, 13.55, 0.000, 0.000, 0.000, 11:20:35.313
9, 10.84, 0.00, 12.73, 15.32, 0.000, 0.000, 0.000, 11:20:35.325
10, 7.50, 0.00, 8.36, 16.39, 0.000, 0.000, 0.000, 11:20:35.325
11, 7.52, 0.00, 6.25, 16.51, 0.000, 0.000, 0.000, 11:20:35.326
12, 9.07, 0.00, 15.42, 14.52, 0.000, 0.000, 0.000, 11:20:35.326
13, 9.44, 0.00, 16.67, 12.80, 0.000, 0.000, 0.000, 11:20:35.345
14, 9.26, 0.00, 7.97, 16.23, 0.000, 0.000, 0.000, 11:20:35.345
15, 6.75, 0.00, 5.67, 17.61, 0.000, 0.000, 0.000, 11:20:35.355
16, 8.73, 0.00, 12.65, 13.48, 0.000, 0.000, 0.000, 11:20:35.355
17, 13.68, 0.00, 14.12, 17.25, 0.000, 0.000, 0.000, 11:20:35.356
18, 9.69, 0.00, 15.75, 13.68, 0.000, 0.000, 0.000, 11:20:35.356
19, 16.93, 0.00, 19.35, 17.89, 0.000, 0.000, 0.000, 11:20:35.370
20, 18.83, 0.00, 12.98, 19.05, 0.000, 0.000, 0.000, 11:20:35.370
21, 7.49, 0.00, 12.94, 18.51, 0.000, 0.000, 0.000, 11:20:35.385
22, 9.84, 0.00, 14.65, 16.22, 0.000, 0.000, 0.000, 11:20:35.385
23, 6.69, 0.00, 10.40, 11.93, 0.000, 0.000, 0.000, 11:20:35.385
24, 9.57, 0.00, 13.44, 17.47, 0.000, 0.000, 0.000, 11:20:35.386
25, 12.55, 0.00, 16.62, 16.67, 0.000, 0.000, 0.000, 11:20:35.400
26, 18.42, 0.00, 15.05, 20.91, 0.000, 0.000, 0.000, 11:20:35.400
27, 17.93, 0.00, 9.85, 15.39, 0.000, 0.000, 0.000, 11:20:35.415
28, 14.84, 0.00, 13.73, 17.09, 0.000, 0.000, 0.000, 11:20:35.416
29, 17.11, 0.00, 12.24, 17.00, 0.000, 0.000, 0.000, 11:20:35.416
30, 12.81, 0.00, 14.64, 13.79, 0.000, 0.000, 0.000, 11:20:35.416
31, 6.46, 0.00, 8.81, 15.15, 0.000, 0.000, 0.000, 11:20:35.430
32, 15.01, 0.00, 12.88, 17.39, 0.000, 0.000, 0.000, 11:20:35.430
33, 14.41, 0.00, 16.29, 15.93, 0.000, 0.000, 0.000, 11:20:35.445
34, 7.98, 0.00, 13.85, 14.03, 0.000, 0.000, 0.000, 11:20:35.445
35, 3.12, 0.00, 13.68, 12.28, 0.000, 0.000, 0.000, 11:20:35.445
36, 6.28, 0.00, 15.47, 16.07, 0.000, 0.000, 0.000, 11:20:35.445
37, 9.08, 0.00, 12.67, 18.36, 0.000, 0.000, 0.000, 11:20:35.462
38, 10.62, 0.00, 8.98, 15.69, 0.000, 0.000, 0.000, 11:20:35.463
39, 11.10, 0.00, 10.45, 18.71, 0.000, 0.000, 0.000, 11:20:35.475
40, 10.72, 0.00, 11.53, 17.97, 0.000, 0.000, 0.000, 11:20:35.475
41, 10.42, 0.00, 11.81, 17.53, 0.000, 0.000, 0.000, 11:20:35.477
42, 9.31, 0.00, 15.15, 15.58, 0.000, 0.000, 0.000, 11:20:35.477
43, 9.43, 0.00, 9.25, 18.59, 0.000, 0.000, 0.000, 11:20:35.491
44, 7.25, 0.00, 9.00, 15.95, 0.000, 0.000, 0.000, 11:20:35.491
45, 15.41, 0.00, 10.51, 14.72, 0.000, 0.000, 0.000, 11:20:35.506
46, 16.19, 0.00, 13.60, 17.84, 0.000, 0.000, 0.000, 11:20:35.507
47, 20.84, 0.00, 14.39, 17.45, 0.000, 0.000, 0.000, 11:20:35.508
48, 15.61, 0.00, 4.67, 17.09, 0.000, 0.000, 0.000, 11:20:35.508
49, 19.78, 0.00, 16.41, 18.94, 0.000, 0.000, 0.000, 11:20:35.520
50, 17.98, 0.00, 13.34, 14.59, 0.000, 0.000, 0.000, 11:20:35.520
51, 17.03, 0.00, 15.78, 17.62, 0.000, 0.000, 0.000, 11:20:35.535
52, 10.97, 0.00, 14.37, 13.90, 0.000, 0.000, 0.000, 11:20:35.535
53, 14.85, 0.00, 11.63, 17.76, 0.000, 0.000, 0.000, 11:20:35.536
54, 9.35, 0.00, 10.88, 12.96, 0.000, 0.000, 0.000, 11:20:35.536
55, 12.93, 0.00, 10.90, 15.45, 0.000, 0.000, 0.000, 11:20:35.550
56, 11.05, 0.00, 12.30, 17.65, 0.000, 0.000, 0.000, 11:20:35.550
57, 10.33, 0.00, 14.64, 18.74, 0.000, 0.000, 0.000, 11:20:35.565
58, 12.08, 0.00, 12.85, 13.25, 0.000, 0.000, 0.000, 11:20:35.566
59, 9.53, 0.00, 10.19, 12.64, 0.000, 0.000, 0.000, 11:20:35.567
60, 10.50, 0.00, 9.25, 16.70, 0.000, 0.000, 0.000, 11:20:35.568
61, 12.63, 0.00, 16.84, 18.09, 0.000, 0.000, 0.000, 11:20:35.581
62, 16.84, 0.00, 15.03, 16.15, 0.000, 0.000, 0.000, 11:20:35.581
63, 11.81, 0.00, 12.62, 15.27, 0.000, 0.000, 0.000, 11:20:35.595
64, 12.03, 0.00, 6.48, 16.15, 0.000, 0.000, 0.000, 11:20:35.595
65, 11.96, 0.00, 11.71, 16.38, 0.000, 0.000, 0.000, 11:20:35.595
66, 10.35, 0.00, 13.63, 19.62, 0.000, 0.000, 0.000, 11:20:35.596
67, 14.52, 0.00, 10.96, 15.91, 0.000, 0.000, 0.000, 11:20:35.612
68, 9.88, 0.00, 15.77, 16.29, 0.000, 0.000, 0.000, 11:20:35.612
69, 5.87, 0.00, 14.31, 13.50, 0.000, 0.000, 0.000, 11:20:35.625
70, 3.06, 0.00, 15.52, 16.97, 0.000, 0.000, 0.000, 11:20:35.625
71, 4.88, 0.00, 12.40, 17.07, 0.000, 0.000, 0.000, 11:20:35.626
72, 11.59, 0.00, 16.72, 13.67, 0.000, 0.000, 0.000, 11:20:35.627
73, 13.49, 0.00, 14.30, 14.30, 0.000, 0.000, 0.000, 11:20:35.643
74, 12.75, 0.00, 13.90, 14.91, 0.000, 0.000, 0.000, 11:20:35.644
75, 14.02, 0.00, 15.78, 18.22, 0.000, 0.000, 0.000, 11:20:35.655
76, 13.51, 0.00, 17.48, 15.49, 0.000, 0.000, 0.000, 11:20:35.655
77, 9.04, 0.00, 11.54, 16.61, 0.000, 0.000, 0.000, 11:20:35.657
78, 8.37, 0.00, 13.74, 15.41, 0.000, 0.000, 0.000, 11:20:35.657
79, 12.69, 0.00, 13.60, 20.26, 0.000, 0.000, 0.000, 11:20:35.678
80, 12.08, 0.00, 12.82, 15.01, 0.000, 0.000, 0.000, 11:20:35.678
81, 19.47, 0.00, 13.24, 16.12, 0.000, 0.000, 0.000, 11:20:35.685
82, 12.03, 0.00, 8.40, 15.19, 0.000, 0.000, 0.000, 11:20:35.685
83, 13.88, 0.00, 12.35, 16.88, 0.000, 0.000, 0.000, 11:20:35.685
84, 6.93, 0.00, 15.32, 19.19, 0.000, 0.000, 0.000, 11:20:35.686
85, 9.07, 0.00, 13.87, 13.38, 0.000, 0.000, 0.000, 11:20:35.701
86, 3.14, 0.00, 10.41, 11.74, 0.000, 0.000, 0.000, 11:20:35.701
87, 4.04, 0.00, 6.25, 13.89, 0.000, 0.000, 0.000, 11:20:35.715
88, 12.03, 0.00, 13.50, 16.38, 0.000, 0.000, 0.000, 11:20:35.715
89, 7.43, 0.00, 13.57, 14.22, 0.000, 0.000, 0.000, 11:20:35.716
90, 4.47, 0.00, 12.54, 16.84, 0.000, 0.000, 0.000, 11:20:35.716
91, 11.67, 0.00, 6.53, 12.31, 0.000, 0.000, 0.000, 11:20:35.730
92, 23.66, 0.00, 13.43, 23.11, 0.000, 0.000, 0.000, 11:20:35.730
93, 14.85, 0.00, 13.05, 15.85, 0.000, 0.000, 0.000, 11:20:35.745
94, 14.88, 0.00, 13.84, 16.25, 0.000, 0.000, 0.000, 11:20:35.745
95, 13.37, 0.00, 11.41, 15.67, 0.000, 0.000, 0.000, 11:20:35.762
96, 15.12, 0.00, 11.42, 18.19, 0.000, 0.000, 0.000, 11:20:35.762
97, 18.05, 0.00, 14.83, 22.00, 0.000, 0.000, 0.000, 11:20:35.762
98, 16.32, 0.00, 14.12, 15.11, 0.000, 0.000, 0.000, 11:20:35.762
99, 20.30, 0.00, 16.38, 13.96, 0.000, 0.000, 0.000, 11:20:35.775
100, 4.40, 0.00, 15.91, 18.60, 0.000, 0.000, 0.000, 11:20:35.776
101, 2.41, 0.00, 15.52, 13.12, 0.000, 0.000, 0.000, 11:20:35.777
102, 8.84, 0.00, 12.88, 14.59, 0.000, 0.000, 0.000, 11:20:35.777
103, 17.99, 0.00, 8.47, 12.89, 0.000, 0.000, 0.000, 11:20:35.791
104, 14.76, 0.00, 13.78, 19.47, 0.000, 0.000, 0.000, 11:20:35.791
105, 14.45, 0.00, 13.90, 14.13, 0.000, 0.000, 0.000, 11:20:35.805
106, 10.07, 0.00, 10.93, 16.10, 0.000, 0.000, 0.000, 11:20:35.805
107, 13.37, 0.00, 11.17, 15.24, 0.000, 0.000, 0.000, 11:20:35.805
108, 12.79, 0.00, 9.73, 15.69, 0.000, 0.000, 0.000, 11:20:35.806
109, 11.07, 0.00, 12.06, 16.25, 0.000, 0.000, 0.000, 11:20:35.820
110, 10.64, 0.00, 9.30, 17.15, 0.000, 0.000, 0.000, 11:20:35.820
111, 13.21, 0.00, 12.61, 15.03, 0.000, 0.000, 0.000, 11:20:35.835
112, 16.89, 0.00, 16.35, 19.06, 0.000, 0.000, 0.000, 11:20:35.835
113, 11.39, 0.00, 17.32, 21.11, 0.000, 0.000, 0.000, 11:20:35.835
114, 12.55, 0.00, 13.09, 17.56, 0.000, 0.000, 0.000, 11:20:35.835
115, 13.76, 0.00, 15.67, 16.62, 0.000, 0.000, 0.000, 11:20:35.850
116, 13.38, 0.00, 8.97, 15.18, 0.000, 0.000, 0.000, 11:20:35.850
117, 13.70, 0.00, 12.09, 17.44, 0.000, 0.000, 0.000, 11:20:35.865
118, 13.65, 0.00, 15.70, 17.81, 0.000, 0.000, 0.000, 11:20:35.866
119, 14.24, 0.00, 16.97, 15.51, 0.000, 0.000, 0.000, 11:20:35.866
120, 9.01, 0.00, 11.85, 18.68, 0.000, 0.000, 0.000, 11:20:35.866
121, 9.83, 0.00, 13.73, 16.50, 0.000, 0.000, 0.000, 11:20:35.880
122, 1.61, 0.00, 11.57, 15.93, 0.000, 0.000, 0.000, 11:20:35.880
123, 2.24, 0.00, 15.34, 10.45, 0.000, 0.000, 0.000, 11:20:35.895
124, 6.14, 0.00, 19.72, 16.44, 0.000, 0.000, 0.000, 11:20:35.895
125, 5.36, 0.00, 13.06, 18.53, 0.000, 0.000, 0.000, 11:20:35.896
126, 4.71, 0.00, 10.51, 19.66, 0.000, 0.000, 0.000, 11:20:35.896
127, 12.57, 0.00, 10.53, 16.79, 0.000, 0.000, 0.000, 11:20:35.925
128, 13.59, 0.00, 12.36, 17.53, 0.000, 0.000, 0.000, 11:20:35.925
129, 6.42, 0.00, 15.67, 15.78, 0.000, 0.000, 0.000, 11:20:35.927
130, 6.90, 0.00, 10.91, 15.74, 0.000, 0.000, 0.000, 11:20:35.927
131, 14.99, 0.00, 12.51, 13.38, 0.000, 0.000, 0.000, 11:20:35.928
132, 12.89, 0.00, 12.67, 15.63, 0.000, 0.000, 0.000, 11:20:35.928
133, 10.33, 0.00, 11.09, 13.01, 0.000, 0.000, 0.000, 11:20:35.941
134, 13.69, 0.00, 15.65, 18.68, 0.000, 0.000, 0.000, 11:20:35.941
135, 17.17, 0.00, 12.86, 16.09, 0.000, 0.000, 0.000, 11:20:35.955
136, 13.62, 0.00, 11.35, 15.86, 0.000, 0.000, 0.000, 11:20:35.955
137, 14.69, 0.00, 11.54, 15.66, 0.000, 0.000, 0.000, 11:20:35.956
138, 13.90, 0.00, 6.76, 15.77, 0.000, 0.000, 0.000, 11:20:35.956
139, 14.11, 0.00, 17.91, 19.79, 0.000, 0.000, 0.000, 11:20:35.970
140, 14.75, 0.00, 23.12, 19.76, 0.000, 0.000, 0.000, 11:20:35.970
141, 7.45, 0.00, 10.85, 21.26, 0.000, 0.000, 0.000, 11:20:35.985
142, 7.79, 0.00, 5.69, 14.13, 0.000, 0.000, 0.000, 11:20:35.986
143, 6.31, 0.00, 17.15, 15.47, 0.000, 0.000, 0.000, 11:20:35.986
144, 6.17, 0.00, 16.42, 19.63, 0.000, 0.000, 0.000, 11:20:35.986
145, 11.20, 0.00, 16.25, 18.51, 0.000, 0.000, 0.000, 11:20:36.001
146, 8.51, 0.00, 15.22, 15.35, 0.000, 0.000, 0.000, 11:20:36.001
147, 9.15, 0.00, 10.41, 11.01, 0.000, 0.000, 0.000, 11:20:36.016
148, 9.00, 0.00, 13.81, 15.21, 0.000, 0.000, 0.000, 11:20:36.016
149, 7.13, 0.00, 10.56, 17.53, 0.000, 0.000, 0.000, 11:20:36.017
150, 6.48, 0.00, 7.87, 14.90, 0.000, 0.000, 0.000, 11:20:36.017
151, 8.76, 0.00, 9.14, 17.23, 0.000, 0.000, 0.000, 11:20:36.037
152, 12.58, 0.00, 8.92, 13.26, 0.000, 0.000, 0.000, 11:20:36.037
