%No., CH1, CH2, CH3, CH4, Accel X, Accel Y, Accel Z, 2017-05-31_09-38-04
0, 9.63, 0.00, 13.55, 16.98, 0.000, 0.000, 0.000, 09:38:08.927
1, -1.74, 0.00, -0.81, 3.56, 0.000, 0.000, 0.000, 09:38:08.942
2, 9.59, 0.00, 8.44, 20.12, 0.000, 0.000, 0.000, 09:38:08.943
3, 22.29, 0.00, 28.00, 32.73, 0.000, 0.000, 0.000, 09:38:08.958
4, 9.61, 0.00, 8.89, 14.19, 0.000, 0.000, 0.000, 09:38:08.958
5, -0.55, 0.00, -1.06, 2.43, 0.000, 0.000, 0.000, 09:38:08.959
6, 8.78, 0.00, 10.70, 18.05, 0.000, 0.000, 0.000, 09:38:08.960
7, 24.53, 0.00, 26.79, 32.94, 0.000, 0.000, 0.000, 09:38:08.970
8, 11.54, 0.00, 14.35, 18.74, 0.000, 0.000, 0.000, 09:38:08.971
9, 1.05, 0.00, -2.16, -0.07, 0.000, 0.000, 0.000, 09:38:08.986
10, 11.07, 0.00, 11.52, 16.72, 0.000, 0.000, 0.000, 09:38:08.988
11, 22.81, 0.00, 32.73, 33.15, 0.000, 0.000, 0.000, 09:38:08.991
12, 9.75, 0.00, 11.06, 18.02, 0.000, 0.000, 0.000, 09:38:08.991
13, -4.51, 0.00, -2.52, 2.28, 0.000, 0.000, 0.000, 09:38:09.000
14, 11.47, 0.00, 14.88, 17.57, 0.000, 0.000, 0.000, 09:38:09.002
15, 23.62, 0.00, 29.70, 32.12, 0.000, 0.000, 0.000, 09:38:09.017
16, 11.99, 0.00, 18.79, 17.51, 0.000, 0.000, 0.000, 09:38:09.017
17, -0.03, 0.00, 4.16, 2.03, 0.000, 0.000, 0.000, 09:38:09.019
18, 11.67, 0.00, 13.07, 18.18, 0.000, 0.000, 0.000, 09:38:09.020
19, 19.80, 0.00, 27.43, 30.16, 0.000, 0.000, 0.000, 09:38:09.037
20, 10.77, 0.00, 13.73, 17.69, 0.000, 0.000, 0.000, 09:38:09.037
21, -2.69, 0.00, -2.97, 6.06, 0.000, 0.000, 0.000, 09:38:09.046
22, 13.19, 0.00, 7.38, 17.60, 0.000, 0.000, 0.000, 09:38:09.047
23, 22.04, 0.00, 26.21, 33.22, 0.000, 0.000, 0.000, 09:38:09.048
24, 7.96, 0.00, 15.53, 15.66, 0.000, 0.000, 0.000, 09:38:09.049
25, -0.44, 0.00, -1.40, 2.96, 0.000, 0.000, 0.000, 09:38:09.060
26, 16.51, 0.00, 14.29, 13.68, 0.000, 0.000, 0.000, 09:38:09.061
27, 22.20, 0.00, 30.29, 25.88, 0.000, 0.000, 0.000, 09:38:09.076
28, 10.11, 0.00, 11.85, 15.95, 0.000, 0.000, 0.000, 09:38:09.076
29, -2.89, 0.00, -1.12, 3.22, 0.000, 0.000, 0.000, 09:38:09.078
30, 9.02, 0.00, 18.27, 14.56, 0.000, 0.000, 0.000, 09:38:09.078
31, 23.11, 0.00, 28.97, 33.89, 0.000, 0.000, 0.000, 09:38:09.090
32, 9.47, 0.00, 10.71, 21.35, 0.000, 0.000, 0.000, 09:38:09.091
33, -3.17, 0.00, -5.96, 0.84, 0.000, 0.000, 0.000, 09:38:09.105
34, 10.74, 0.00, 17.13, 16.19, 0.000, 0.000, 0.000, 09:38:09.109
35, 23.68, 0.00, 27.40, 30.89, 0.000, 0.000, 0.000, 09:38:09.109
36, 13.64, 0.00, 14.02, 17.06, 0.000, 0.000, 0.000, 09:38:09.110
37, -1.33, 0.00, -0.98, 6.96, 0.000, 0.000, 0.000, 09:38:09.120
38, 18.08, 0.00, 17.58, 18.21, 0.000, 0.000, 0.000, 09:38:09.120
39, 25.58, 0.00, 27.17, 30.43, 0.000, 0.000, 0.000, 09:38:09.136
40, 10.53, 0.00, 12.82, 16.03, 0.000, 0.000, 0.000, 09:38:09.137
41, 1.00, 0.00, -1.11, 2.36, 0.000, 0.000, 0.000, 09:38:09.137
42, 12.98, 0.00, 14.20, 16.62, 0.000, 0.000, 0.000, 09:38:09.137
43, 24.92, 0.00, 27.30, 29.66, 0.000, 0.000, 0.000, 09:38:09.150
44, 9.48, 0.00, 13.61, 22.02, 0.000, 0.000, 0.000, 09:38:09.151
45, -0.00, 0.00, -2.88, 4.19, 0.000, 0.000, 0.000, 09:38:09.165
46, 12.97, 0.00, 13.14, 17.03, 0.000, 0.000, 0.000, 09:38:09.165
47, 27.16, 0.00, 31.07, 32.62, 0.000, 0.000, 0.000, 09:38:09.166
48, 9.28, 0.00, 7.29, 14.80, 0.000, 0.000, 0.000, 09:38:09.166
49, -3.24, 0.00, 0.50, 2.56, 0.000, 0.000, 0.000, 09:38:09.180
50, 11.78, 0.00, 21.44, 18.61, 0.000, 0.000, 0.000, 09:38:09.181
51, 27.67, 0.00, 30.15, 35.59, 0.000, 0.000, 0.000, 09:38:09.196
52, 11.81, 0.00, 14.04, 17.44, 0.000, 0.000, 0.000, 09:38:09.197
53, -2.95, 0.00, 0.64, 2.32, 0.000, 0.000, 0.000, 09:38:09.197
54, 11.31, 0.00, 16.92, 17.66, 0.000, 0.000, 0.000, 09:38:09.197
55, 23.05, 0.00, 30.03, 33.44, 0.000, 0.000, 0.000, 09:38:09.210
56, 13.13, 0.00, 13.23, 20.77, 0.000, 0.000, 0.000, 09:38:09.211
57, -2.30, 0.00, -0.81, -0.98, 0.000, 0.000, 0.000, 09:38:09.226
58, 11.66, 0.00, 15.43, 12.67, 0.000, 0.000, 0.000, 09:38:09.226
59, 26.14, 0.00, 29.67, 34.84, 0.000, 0.000, 0.000, 09:38:09.227
60, 14.14, 0.00, 10.97, 19.12, 0.000, 0.000, 0.000, 09:38:09.227
61, 1.01, 0.00, -1.18, -0.10, 0.000, 0.000, 0.000, 09:38:09.241
62, 12.03, 0.00, 15.42, 17.59, 0.000, 0.000, 0.000, 09:38:09.241
63, 22.87, 0.00, 31.07, 35.01, 0.000, 0.000, 0.000, 09:38:09.255
64, 12.90, 0.00, 22.04, 17.41, 0.000, 0.000, 0.000, 09:38:09.255
65, -3.26, 0.00, -6.26, 1.43, 0.000, 0.000, 0.000, 09:38:09.256
66, 9.28, 0.00, 10.35, 18.33, 0.000, 0.000, 0.000, 09:38:09.256
67, 28.07, 0.00, 36.71, 35.61, 0.000, 0.000, 0.000, 09:38:09.271
68, 13.50, 0.00, 15.52, 13.56, 0.000, 0.000, 0.000, 09:38:09.274
69, -0.73, 0.00, 5.87, 2.84, 0.000, 0.000, 0.000, 09:38:09.287
70, 11.15, 0.00, 16.24, 14.05, 0.000, 0.000, 0.000, 09:38:09.287
71, 23.71, 0.00, 32.18, 29.67, 0.000, 0.000, 0.000, 09:38:09.287
72, 13.13, 0.00, 11.60, 17.65, 0.000, 0.000, 0.000, 09:38:09.288
73, -0.97, 0.00, -1.57, 1.12, 0.000, 0.000, 0.000, 09:38:09.300
74, 8.57, 0.00, 2.67, 12.32, 0.000, 0.000, 0.000, 09:38:09.302
75, 18.18, 0.00, 30.77, 32.46, 0.000, 0.000, 0.000, 09:38:09.315
76, 4.54, 0.00, 12.19, 13.87, 0.000, 0.000, 0.000, 09:38:09.316
77, -2.26, 0.00, -6.07, 7.29, 0.000, 0.000, 0.000, 09:38:09.316
78, 13.06, 0.00, 14.08, 18.00, 0.000, 0.000, 0.000, 09:38:09.316
79, 27.44, 0.00, 27.71, 32.48, 0.000, 0.000, 0.000, 09:38:09.330
80, 11.28, 0.00, 12.89, 18.13, 0.000, 0.000, 0.000, 09:38:09.330
81, -2.84, 0.00, -11.81, 2.33, 0.000, 0.000, 0.000, 09:38:09.345
82, 13.84, 0.00, 15.61, 15.81, 0.000, 0.000, 0.000, 09:38:09.345
83, 26.13, 0.00, 27.33, 33.50, 0.000, 0.000, 0.000, 09:38:09.349
84, 12.78, 0.00, 17.90, 16.84, 0.000, 0.000, 0.000, 09:38:09.349
85, -1.24, 0.00, 1.14, 3.77, 0.000, 0.000, 0.000, 09:38:09.361
86, 7.92, 0.00, 12.25, 15.49, 0.000, 0.000, 0.000, 09:38:09.361
87, 25.52, 0.00, 36.69, 31.65, 0.000, 0.000, 0.000, 09:38:09.376
88, 12.87, 0.00, 16.21, 19.21, 0.000, 0.000, 0.000, 09:38:09.377
89, -4.69, 0.00, -0.16, -1.68, 0.000, 0.000, 0.000, 09:38:09.377
90, 11.42, 0.00, 14.02, 14.90, 0.000, 0.000, 0.000, 09:38:09.377
91, 24.56, 0.00, 26.13, 30.64, 0.000, 0.000, 0.000, 09:38:09.390
92, 14.70, 0.00, 15.61, 22.25, 0.000, 0.000, 0.000, 09:38:09.391
93, -0.68, 0.00, -7.22, -1.12, 0.000, 0.000, 0.000, 09:38:09.405
94, 10.92, 0.00, 8.52, 13.65, 0.000, 0.000, 0.000, 09:38:09.405
95, 27.95, 0.00, 29.17, 32.80, 0.000, 0.000, 0.000, 09:38:09.407
96, 13.95, 0.00, 13.83, 18.93, 0.000, 0.000, 0.000, 09:38:09.409
97, -2.24, 0.00, -5.15, 3.29, 0.000, 0.000, 0.000, 09:38:09.420
98, 10.73, 0.00, 7.14, 20.26, 0.000, 0.000, 0.000, 09:38:09.420
99, 28.00, 0.00, 28.08, 31.76, 0.000, 0.000, 0.000, 09:38:09.436
100, 8.53, 0.00, 19.21, 17.61, 0.000, 0.000, 0.000, 09:38:09.436
101, -3.26, 0.00, 2.72, 2.14, 0.000, 0.000, 0.000, 09:38:09.437
102, 10.45, 0.00, 14.35, 12.99, 0.000, 0.000, 0.000, 09:38:09.437
103, 23.46, 0.00, 26.67, 27.86, 0.000, 0.000, 0.000, 09:38:09.450
104, 12.24, 0.00, 18.03, 19.42, 0.000, 0.000, 0.000, 09:38:09.451
105, 0.53, 0.00, -2.47, -1.53, 0.000, 0.000, 0.000, 09:38:09.464
106, 12.82, 0.00, 17.09, 14.36, 0.000, 0.000, 0.000, 09:38:09.465
107, 22.57, 0.00, 31.39, 34.75, 0.000, 0.000, 0.000, 09:38:09.465
108, 15.26, 0.00, 16.88, 21.26, 0.000, 0.000, 0.000, 09:38:09.465
109, -4.30, 0.00, -1.79, -0.05, 0.000, 0.000, 0.000, 09:38:09.480
110, 7.94, 0.00, 12.26, 14.90, 0.000, 0.000, 0.000, 09:38:09.480
111, 24.49, 0.00, 16.88, 33.50, 0.000, 0.000, 0.000, 09:38:09.495
112, 14.13, 0.00, 15.38, 18.08, 0.000, 0.000, 0.000, 09:38:09.495
113, -0.23, 0.00, 1.69, 3.57, 0.000, 0.000, 0.000, 09:38:09.503
114, 10.04, 0.00, 13.15, 12.78, 0.000, 0.000, 0.000, 09:38:09.504
115, 21.87, 0.00, 33.68, 28.74, 0.000, 0.000, 0.000, 09:38:09.511
116, 12.75, 0.00, 9.85, 14.13, 0.000, 0.000, 0.000, 09:38:09.511
117, -1.54, 0.00, 3.15, 1.70, 0.000, 0.000, 0.000, 09:38:09.525
118, 11.41, 0.00, 15.09, 15.32, 0.000, 0.000, 0.000, 09:38:09.525
119, 25.58, 0.00, 38.04, 37.98, 0.000, 0.000, 0.000, 09:38:09.527
120, 12.58, 0.00, 17.52, 19.73, 0.000, 0.000, 0.000, 09:38:09.527
121, -3.99, 0.00, -0.66, 1.58, 0.000, 0.000, 0.000, 09:38:09.543
122, 10.44, 0.00, 12.61, 13.85, 0.000, 0.000, 0.000, 09:38:09.544
123, 24.31, 0.00, 31.86, 31.29, 0.000, 0.000, 0.000, 09:38:09.556
124, 12.56, 0.00, 6.51, 18.87, 0.000, 0.000, 0.000, 09:38:09.559
125, -0.08, 0.00, -0.98, 3.52, 0.000, 0.000, 0.000, 09:38:09.563
126, 8.78, 0.00, 0.43, 19.22, 0.000, 0.000, 0.000, 09:38:09.576
127, 24.27, 0.00, 33.44, 29.74, 0.000, 0.000, 0.000, 09:38:09.577
128, 10.56, 0.00, 12.84, 16.74, 0.000, 0.000, 0.000, 09:38:09.580
129, -0.62, 0.00, -1.31, 5.76, 0.000, 0.000, 0.000, 09:38:09.587
130, 9.90, 0.00, 14.97, 13.82, 0.000, 0.000, 0.000, 09:38:09.587
131, 25.70, 0.00, 26.62, 29.93, 0.000, 0.000, 0.000, 09:38:09.588
132, 11.80, 0.00, 10.81, 18.40, 0.000, 0.000, 0.000, 09:38:09.589
133, -2.87, 0.00, 4.74, -0.13, 0.000, 0.000, 0.000, 09:38:09.599
134, 13.41, 0.00, 14.75, 14.04, 0.000, 0.000, 0.000, 09:38:09.600
135, 21.77, 0.00, 30.07, 28.75, 0.000, 0.000, 0.000, 09:38:09.615
136, 13.00, 0.00, 10.38, 18.16, 0.000, 0.000, 0.000, 09:38:09.616
137, -1.02, 0.00, 1.09, 0.91, 0.000, 0.000, 0.000, 09:38:09.616
138, 9.45, 0.00, 16.49, 14.78, 0.000, 0.000, 0.000, 09:38:09.616
139, 26.19, 0.00, 33.13, 28.93, 0.000, 0.000, 0.000, 09:38:09.632
140, 12.14, 0.00, 18.90, 17.25, 0.000, 0.000, 0.000, 09:38:09.632
141, -1.40, 0.00, -3.88, 1.88, 0.000, 0.000, 0.000, 09:38:09.644
142, 11.03, 0.00, 11.80, 20.00, 0.000, 0.000, 0.000, 09:38:09.645
143, 24.52, 0.00, 33.45, 34.88, 0.000, 0.000, 0.000, 09:38:09.645
144, 12.53, 0.00, 18.79, 17.55, 0.000, 0.000, 0.000, 09:38:09.645
145, -2.54, 0.00, -3.23, -2.77, 0.000, 0.000, 0.000, 09:38:09.660
146, 11.24, 0.00, 18.36, 20.39, 0.000, 0.000, 0.000, 09:38:09.660
147, 21.21, 0.00, 30.30, 32.31, 0.000, 0.000, 0.000, 09:38:09.674
148, 9.58, 0.00, 12.75, 18.81, 0.000, 0.000, 0.000, 09:38:09.675
149, -0.05, 0.00, 7.53, 4.34, 0.000, 0.000, 0.000, 09:38:09.675
150, 7.96, 0.00, 15.03, 13.64, 0.000, 0.000, 0.000, 09:38:09.676
151, 26.19, 0.00, 24.56, 30.93, 0.000, 0.000, 0.000, 09:38:09.690
152, 15.79, 0.00, 16.76, 23.92, 0.000, 0.000, 0.000, 09:38:09.690
153, 1.37, 0.00, -4.12, 3.23, 0.000, 0.000, 0.000, 09:38:09.705
154, 10.75, 0.00, 9.21, 15.58, 0.000, 0.000, 0.000, 09:38:09.706
155, 25.79, 0.00, 27.12, 30.04, 0.000, 0.000, 0.000, 09:38:09.706
156, 13.83, 0.00, 14.09, 20.77, 0.000, 0.000, 0.000, 09:38:09.707
157, -5.55, 0.00, -5.00, 1.64, 0.000, 0.000, 0.000, 09:38:09.721
158, 9.14, 0.00, 9.74, 14.14, 0.000, 0.000, 0.000, 09:38:09.721
159, 24.87, 0.00, 32.40, 30.08, 0.000, 0.000, 0.000, 09:38:09.737
160, 14.36, 0.00, 19.34, 20.83, 0.000, 0.000, 0.000, 09:38:09.737
161, -0.17, 0.00, 3.19, -0.30, 0.000, 0.000, 0.000, 09:38:09.739
162, 7.93, 0.00, 12.85, 12.35, 0.000, 0.000, 0.000, 09:38:09.739
163, 26.79, 0.00, 27.77, 32.94, 0.000, 0.000, 0.000, 09:38:09.749
164, 9.21, 0.00, 17.51, 21.38, 0.000, 0.000, 0.000, 09:38:09.750
165, -1.90, 0.00, -6.24, 1.27, 0.000, 0.000, 0.000, 09:38:09.764
166, 7.69, 0.00, 12.43, 15.92, 0.000, 0.000, 0.000, 09:38:09.765
167, 25.91, 0.00, 29.41, 29.58, 0.000, 0.000, 0.000, 09:38:09.765
168, 13.15, 0.00, 16.11, 17.98, 0.000, 0.000, 0.000, 09:38:09.765
169, -3.72, 0.00, -0.52, 3.57, 0.000, 0.000, 0.000, 09:38:09.779
170, 11.28, 0.00, 10.32, 15.77, 0.000, 0.000, 0.000, 09:38:09.780
171, 26.31, 0.00, 31.63, 32.04, 0.000, 0.000, 0.000, 09:38:09.795
172, 13.43, 0.00, 18.07, 22.82, 0.000, 0.000, 0.000, 09:38:09.795
173, -1.04, 0.00, -4.69, 5.30, 0.000, 0.000, 0.000, 09:38:09.803
174, 10.47, 0.00, 11.86, 11.28, 0.000, 0.000, 0.000, 09:38:09.808
175, 25.31, 0.00, 28.19, 33.22, 0.000, 0.000, 0.000, 09:38:09.809
176, 14.85, 0.00, 19.45, 22.00, 0.000, 0.000, 0.000, 09:38:09.810
177, -2.60, 0.00, -5.11, 1.48, 0.000, 0.000, 0.000, 09:38:09.824
178, 7.93, 0.00, 8.30, 14.22, 0.000, 0.000, 0.000, 09:38:09.825
179, 27.45, 0.00, 34.35, 30.35, 0.000, 0.000, 0.000, 09:38:09.825
180, 12.30, 0.00, 17.92, 19.80, 0.000, 0.000, 0.000, 09:38:09.825
181, -2.63, 0.00, -4.70, 2.57, 0.000, 0.000, 0.000, 09:38:09.842
182, 9.03, 0.00, 16.26, 13.65, 0.000, 0.000, 0.000, 09:38:09.843
183, 23.15, 0.00, 32.33, 30.75, 0.000, 0.000, 0.000, 09:38:09.857
184, 13.71, 0.00, 12.72, 20.40, 0.000, 0.000, 0.000, 09:38:09.859
185, -3.03, 0.00, 3.93, -0.64, 0.000, 0.000, 0.000, 09:38:09.859
186, 7.38, 0.00, 12.74, 9.88, 0.000, 0.000, 0.000, 09:38:09.859
187, 25.13, 0.00, 31.01, 34.38, 0.000, 0.000, 0.000, 09:38:09.870
188, 11.98, 0.00, 17.62, 19.22, 0.000, 0.000, 0.000, 09:38:09.871
189, 1.54, 0.00, -5.88, 6.02, 0.000, 0.000, 0.000, 09:38:09.889
190, 9.29, 0.00, 4.67, 15.97, 0.000, 0.000, 0.000, 09:38:09.891
191, 24.60, 0.00, 27.47, 27.61, 0.000, 0.000, 0.000, 09:38:09.892
192, 9.36, 0.00, 8.34, 16.38, 0.000, 0.000, 0.000, 09:38:09.893
193, -4.16, 0.00, -1.89, 6.54, 0.000, 0.000, 0.000, 09:38:09.903
194, 9.50, 0.00, 14.73, 13.01, 0.000, 0.000, 0.000, 09:38:09.903
195, 23.85, 0.00, 30.83, 33.71, 0.000, 0.000, 0.000, 09:38:09.914
196, 15.24, 0.00, 23.35, 20.58, 0.000, 0.000, 0.000, 09:38:09.915
197, -0.91, 0.00, -1.63, 1.42, 0.000, 0.000, 0.000, 09:38:09.917
198, 6.71, 0.00, 14.53, 11.25, 0.000, 0.000, 0.000, 09:38:09.918
199, 26.75, 0.00, 29.44, 29.87, 0.000, 0.000, 0.000, 09:38:09.929
200, 10.74, 0.00, 8.88, 24.96, 0.000, 0.000, 0.000, 09:38:09.930
0, -3.34, 0.00, -6.80, 2.20, 0.000, 0.000, 0.000, 09:38:09.930
1, 9.67, 0.00, 11.10, 13.24, 0.000, 0.000, 0.000, 09:38:09.944
2, 23.23, 0.00, 35.93, 30.57, 0.000, 0.000, 0.000, 09:38:09.945
3, 15.95, 0.00, 18.62, 17.05, 0.000, 0.000, 0.000, 09:38:09.959
4, 0.46, 0.00, 3.81, 0.99, 0.000, 0.000, 0.000, 09:38:09.960
5, 10.89, 0.00, 11.41, 14.43, 0.000, 0.000, 0.000, 09:38:09.961
6, 22.70, 0.00, 28.05, 29.78, 0.000, 0.000, 0.000, 09:38:09.961
7, 12.63, 0.00, 25.26, 17.70, 0.000, 0.000, 0.000, 09:38:09.974
8, 1.01, 0.00, 1.09, 2.44, 0.000, 0.000, 0.000, 09:38:09.975
9, 10.75, 0.00, -0.07, 12.63, 0.000, 0.000, 0.000, 09:38:09.990
10, 24.94, 0.00, 30.99, 31.06, 0.000, 0.000, 0.000, 09:38:09.990
11, 13.26, 0.00, 22.53, 27.26, 0.000, 0.000, 0.000, 09:38:09.991
12, 0.99, 0.00, 0.45, 8.09, 0.000, 0.000, 0.000, 09:38:09.991
13, 5.45, 0.00, 1.84, 11.53, 0.000, 0.000, 0.000, 09:38:10.010
14, 19.15, 0.00, 22.27, 26.42, 0.000, 0.000, 0.000, 09:38:10.011
15, 12.89, 0.00, 24.49, 21.88, 0.000, 0.000, 0.000, 09:38:10.020
16, 5.78, 0.00, -5.11, 5.34, 0.000, 0.000, 0.000, 09:38:10.021
17, 13.73, 0.00, 10.02, 13.90, 0.000, 0.000, 0.000, 09:38:10.021
18, 24.59, 0.00, 31.32, 33.01, 0.000, 0.000, 0.000, 09:38:10.021
19, 11.83, 0.00, 10.92, 19.05, 0.000, 0.000, 0.000, 09:38:10.037
20, 0.03, 0.00, 1.25, 4.86, 0.000, 0.000, 0.000, 09:38:10.037
21, 8.85, 0.00, 10.19, 10.92, 0.000, 0.000, 0.000, 09:38:10.050
22, 23.48, 0.00, 30.89, 27.95, 0.000, 0.000, 0.000, 09:38:10.050
23, 12.97, 0.00, 11.98, 25.45, 0.000, 0.000, 0.000, 09:38:10.053
24, 0.63, 0.00, -3.87, -0.06, 0.000, 0.000, 0.000, 09:38:10.055
25, 7.18, 0.00, 10.31, 9.86, 0.000, 0.000, 0.000, 09:38:10.065
26, 23.10, 0.00, 28.53, 29.03, 0.000, 0.000, 0.000, 09:38:10.065
27, 15.28, 0.00, 20.07, 22.10, 0.000, 0.000, 0.000, 09:38:10.080
28, -0.68, 0.00, -7.95, 1.29, 0.000, 0.000, 0.000, 09:38:10.080
29, 9.63, 0.00, 10.19, 10.54, 0.000, 0.000, 0.000, 09:38:10.081
30, 25.86, 0.00, 30.04, 29.15, 0.000, 0.000, 0.000, 09:38:10.081
31, 13.08, 0.00, 19.31, 20.78, 0.000, 0.000, 0.000, 09:38:10.095
32, -1.47, 0.00, -9.34, 1.71, 0.000, 0.000, 0.000, 09:38:10.095
33, 6.08, 0.00, 10.49, 13.35, 0.000, 0.000, 0.000, 09:38:10.110
34, 24.49, 0.00, 36.32, 31.91, 0.000, 0.000, 0.000, 09:38:10.111
35, 13.62, 0.00, 15.16, 17.87, 0.000, 0.000, 0.000, 09:38:10.111
36, -1.30, 0.00, 2.22, 2.52, 0.000, 0.000, 0.000, 09:38:10.112
37, 11.10, 0.00, 12.31, 15.05, 0.000, 0.000, 0.000, 09:38:10.125
38, 21.73, 0.00, 35.22, 32.03, 0.000, 0.000, 0.000, 09:38:10.125
39, 16.96, 0.00, 13.77, 22.60, 0.000, 0.000, 0.000, 09:38:10.143
40, -1.83, 0.00, 1.24, 2.05, 0.000, 0.000, 0.000, 09:38:10.143
41, 9.65, 0.00, 22.46, 14.46, 0.000, 0.000, 0.000, 09:38:10.143
42, 22.61, 0.00, 29.64, 27.42, 0.000, 0.000, 0.000, 09:38:10.144
43, 14.25, 0.00, 24.23, 22.82, 0.000, 0.000, 0.000, 09:38:10.155
44, 2.06, 0.00, -2.14, 9.67, 0.000, 0.000, 0.000, 09:38:10.155
45, 5.72, 0.00, 2.35, 11.91, 0.000, 0.000, 0.000, 09:38:10.171
46, 22.92, 0.00, 30.16, 29.65, 0.000, 0.000, 0.000, 09:38:10.171
47, 13.56, 0.00, 22.82, 23.23, 0.000, 0.000, 0.000, 09:38:10.172
48, -2.72, 0.00, -8.43, 5.71, 0.000, 0.000, 0.000, 09:38:10.174
49, 8.70, 0.00, 22.33, 12.31, 0.000, 0.000, 0.000, 09:38:10.186
50, 22.15, 0.00, 33.04, 29.46, 0.000, 0.000, 0.000, 09:38:10.187
51, 13.62, 0.00, 8.41, 23.12, 0.000, 0.000, 0.000, 09:38:10.200
52, -1.61, 0.00, 1.44, 3.27, 0.000, 0.000, 0.000, 09:38:10.200
53, 7.39, 0.00, 6.20, 17.12, 0.000, 0.000, 0.000, 09:38:10.201
54, 22.55, 0.00, 35.76, 28.24, 0.000, 0.000, 0.000, 09:38:10.201
55, 13.99, 0.00, 6.47, 20.29, 0.000, 0.000, 0.000, 09:38:10.216
56, -0.92, 0.00, -0.93, 5.83, 0.000, 0.000, 0.000, 09:38:10.217
57, 4.01, 0.00, 4.05, 10.49, 0.000, 0.000, 0.000, 09:38:10.230
58, 21.88, 0.00, 26.85, 28.25, 0.000, 0.000, 0.000, 09:38:10.230
59, 13.57, 0.00, 26.26, 18.71, 0.000, 0.000, 0.000, 09:38:10.232
60, 1.96, 0.00, -2.78, 1.17, 0.000, 0.000, 0.000, 09:38:10.232
61, 6.46, 0.00, 2.72, 9.72, 0.000, 0.000, 0.000, 09:38:10.245
62, 27.34, 0.00, 27.54, 32.87, 0.000, 0.000, 0.000, 09:38:10.245
63, 17.43, 0.00, 18.88, 22.67, 0.000, 0.000, 0.000, 09:38:10.260
64, 0.26, 0.00, -2.87, 6.92, 0.000, 0.000, 0.000, 09:38:10.260
65, 8.95, 0.00, 15.25, 15.47, 0.000, 0.000, 0.000, 09:38:10.261
66, 23.34, 0.00, 27.79, 31.63, 0.000, 0.000, 0.000, 09:38:10.261
67, 18.69, 0.00, 21.06, 22.90, 0.000, 0.000, 0.000, 09:38:10.275
68, -2.78, 0.00, 3.26, 5.48, 0.000, 0.000, 0.000, 09:38:10.275
69, 3.36, 0.00, 12.90, 13.39, 0.000, 0.000, 0.000, 09:38:10.290
70, 24.80, 0.00, 29.06, 27.53, 0.000, 0.000, 0.000, 09:38:10.292
71, 15.75, 0.00, 13.90, 22.78, 0.000, 0.000, 0.000, 09:38:10.294
72, 2.91, 0.00, -3.00, 2.42, 0.000, 0.000, 0.000, 09:38:10.295
73, 4.41, 0.00, 6.06, 11.06, 0.000, 0.000, 0.000, 09:38:10.312
74, 17.56, 0.00, 34.30, 31.57, 0.000, 0.000, 0.000, 09:38:10.312
75, 13.67, 0.00, 13.24, 19.54, 0.000, 0.000, 0.000, 09:38:10.320
76, 0.69, 0.00, -2.35, 3.35, 0.000, 0.000, 0.000, 09:38:10.321
77, 7.47, 0.00, 18.70, 11.43, 0.000, 0.000, 0.000, 09:38:10.321
78, 21.45, 0.00, 18.84, 31.85, 0.000, 0.000, 0.000, 09:38:10.321
79, 12.87, 0.00, 21.31, 16.49, 0.000, 0.000, 0.000, 09:38:10.336
80, 0.90, 0.00, -2.87, 7.81, 0.000, 0.000, 0.000, 09:38:10.336
81, 8.59, 0.00, 3.84, 11.68, 0.000, 0.000, 0.000, 09:38:10.351
82, 24.76, 0.00, 26.10, 28.82, 0.000, 0.000, 0.000, 09:38:10.351
83, 15.26, 0.00, 34.91, 17.45, 0.000, 0.000, 0.000, 09:38:10.351
84, -0.72, 0.00, 1.87, 4.07, 0.000, 0.000, 0.000, 09:38:10.352
85, 6.75, 0.00, 9.40, 12.87, 0.000, 0.000, 0.000, 09:38:10.365
86, 25.48, 0.00, 24.06, 32.23, 0.000, 0.000, 0.000, 09:38:10.365
87, 14.51, 0.00, 13.72, 25.38, 0.000, 0.000, 0.000, 09:38:10.380
88, -1.15, 0.00, 9.09, 0.63, 0.000, 0.000, 0.000, 09:38:10.380
89, 5.13, 0.00, 15.05, 7.55, 0.000, 0.000, 0.000, 09:38:10.381
90, 23.63, 0.00, 34.49, 26.69, 0.000, 0.000, 0.000, 09:38:10.381
91, 15.74, 0.00, 19.66, 25.56, 0.000, 0.000, 0.000, 09:38:10.395
92, -2.95, 0.00, 3.34, 1.36, 0.000, 0.000, 0.000, 09:38:10.395
93, 8.88, 0.00, 5.38, 9.61, 0.000, 0.000, 0.000, 09:38:10.410
94, 22.67, 0.00, 22.22, 33.18, 0.000, 0.000, 0.000, 09:38:10.410
95, 15.05, 0.00, 21.84, 18.56, 0.000, 0.000, 0.000, 09:38:10.410
96, -0.90, 0.00, -8.72, 3.88, 0.000, 0.000, 0.000, 09:38:10.411
97, 7.70, 0.00, 8.17, 10.23, 0.000, 0.000, 0.000, 09:38:10.425
98, 22.43, 0.00, 30.37, 30.28, 0.000, 0.000, 0.000, 09:38:10.425
99, 18.71, 0.00, 14.60, 21.55, 0.000, 0.000, 0.000, 09:38:10.441
100, 3.33, 0.00, 0.16, 4.36, 0.000, 0.000, 0.000, 09:38:10.442
101, 3.51, 0.00, 7.73, 13.34, 0.000, 0.000, 0.000, 09:38:10.442
102, 26.07, 0.00, 24.83, 30.85, 0.000, 0.000, 0.000, 09:38:10.442
103, 15.13, 0.00, 18.57, 20.73, 0.000, 0.000, 0.000, 09:38:10.455
104, 1.59, 0.00, -5.43, 2.47, 0.000, 0.000, 0.000, 09:38:10.455
105, 5.79, 0.00, 6.82, 9.97, 0.000, 0.000, 0.000, 09:38:10.470
106, 22.18, 0.00, 26.26, 29.75, 0.000, 0.000, 0.000, 09:38:10.470
107, 18.25, 0.00, 23.31, 25.10, 0.000, 0.000, 0.000, 09:38:10.471
108, 0.85, 0.00, 0.58, 7.43, 0.000, 0.000, 0.000, 09:38:10.473
109, 5.72, 0.00, 10.09, 10.41, 0.000, 0.000, 0.000, 09:38:10.486
110, 19.79, 0.00, 33.85, 32.32, 0.000, 0.000, 0.000, 09:38:10.486
111, 15.78, 0.00, 17.61, 21.00, 0.000, 0.000, 0.000, 09:38:10.500
112, -0.88, 0.00, -8.23, 3.03, 0.000, 0.000, 0.000, 09:38:10.500
113, 6.22, 0.00, 9.42, 10.86, 0.000, 0.000, 0.000, 09:38:10.500
114, 23.42, 0.00, 27.10, 34.06, 0.000, 0.000, 0.000, 09:38:10.501
115, 14.44, 0.00, 16.16, 22.25, 0.000, 0.000, 0.000, 09:38:10.515
116, -0.24, 0.00, -2.36, 3.18, 0.000, 0.000, 0.000, 09:38:10.515
117, 5.49, 0.00, 9.30, 11.95, 0.000, 0.000, 0.000, 09:38:10.530
118, 18.87, 0.00, 30.39, 31.54, 0.000, 0.000, 0.000, 09:38:10.530
119, 13.48, 0.00, 16.07, 19.97, 0.000, 0.000, 0.000, 09:38:10.530
120, 1.77, 0.00, 5.35, 8.15, 0.000, 0.000, 0.000, 09:38:10.531
121, 7.23, 0.00, 12.36, 15.13, 0.000, 0.000, 0.000, 09:38:10.545
122, 21.48, 0.00, 28.14, 31.41, 0.000, 0.000, 0.000, 09:38:10.545
123, 15.40, 0.00, 22.58, 22.85, 0.000, 0.000, 0.000, 09:38:10.560
124, -2.29, 0.00, 1.92, -0.07, 0.000, 0.000, 0.000, 09:38:10.560
125, 5.79, 0.00, 4.46, 13.49, 0.000, 0.000, 0.000, 09:38:10.561
126, 20.74, 0.00, 27.16, 24.00, 0.000, 0.000, 0.000, 09:38:10.561
127, 15.07, 0.00, 12.70, 21.49, 0.000, 0.000, 0.000, 09:38:10.575
128, -1.52, 0.00, -3.12, 4.89, 0.000, 0.000, 0.000, 09:38:10.575
129, 10.02, 0.00, 8.10, 8.76, 0.000, 0.000, 0.000, 09:38:10.591
130, 23.51, 0.00, 30.88, 26.86, 0.000, 0.000, 0.000, 09:38:10.593
131, 12.89, 0.00, 20.34, 20.80, 0.000, 0.000, 0.000, 09:38:10.594
132, -2.46, 0.00, 4.46, 2.88, 0.000, 0.000, 0.000, 09:38:10.595
133, 9.25, 0.00, 4.94, 10.60, 0.000, 0.000, 0.000, 09:38:10.605
134, 25.62, 0.00, 23.01, 31.11, 0.000, 0.000, 0.000, 09:38:10.605
135, 18.68, 0.00, 21.72, 19.50, 0.000, 0.000, 0.000, 09:38:10.620
136, 1.45, 0.00, -2.08, 6.12, 0.000, 0.000, 0.000, 09:38:10.620
137, 6.18, 0.00, 4.35, 12.34, 0.000, 0.000, 0.000, 09:38:10.621
138, 24.49, 0.00, 27.83, 29.50, 0.000, 0.000, 0.000, 09:38:10.621
139, 15.47, 0.00, 26.48, 23.55, 0.000, 0.000, 0.000, 09:38:10.637
140, -0.86, 0.00, 0.33, 4.78, 0.000, 0.000, 0.000, 09:38:10.637
141, 4.65, 0.00, 6.54, 7.61, 0.000, 0.000, 0.000, 09:38:10.650
142, 25.71, 0.00, 22.35, 30.46, 0.000, 0.000, 0.000, 09:38:10.651
143, 16.64, 0.00, 22.89, 23.80, 0.000, 0.000, 0.000, 09:38:10.654
144, 0.18, 0.00, -8.95, 6.37, 0.000, 0.000, 0.000, 09:38:10.654
145, 6.84, 0.00, 13.33, 9.00, 0.000, 0.000, 0.000, 09:38:10.665
146, 24.17, 0.00, 27.41, 30.08, 0.000, 0.000, 0.000, 09:38:10.665
147, 16.60, 0.00, 15.65, 24.53, 0.000, 0.000, 0.000, 09:38:10.680
148, -2.86, 0.00, -0.10, 3.36, 0.000, 0.000, 0.000, 09:38:10.680
149, 5.62, 0.00, 10.14, 11.51, 0.000, 0.000, 0.000, 09:38:10.688
150, 22.05, 0.00, 27.72, 26.61, 0.000, 0.000, 0.000, 09:38:10.688
151, 16.84, 0.00, 21.01, 21.51, 0.000, 0.000, 0.000, 09:38:10.695
152, -2.88, 0.00, 5.51, 4.27, 0.000, 0.000, 0.000, 09:38:10.695
153, 4.55, 0.00, 5.44, 14.86, 0.000, 0.000, 0.000, 09:38:10.710
154, 18.40, 0.00, 17.82, 29.71, 0.000, 0.000, 0.000, 09:38:10.710
155, 17.69, 0.00, 19.18, 21.10, 0.000, 0.000, 0.000, 09:38:10.711
156, 2.23, 0.00, -3.45, 5.08, 0.000, 0.000, 0.000, 09:38:10.711
157, 3.54, 0.00, 12.87, 10.77, 0.000, 0.000, 0.000, 09:38:10.725
158, 23.10, 0.00, 31.73, 29.54, 0.000, 0.000, 0.000, 09:38:10.725
159, 18.70, 0.00, 16.15, 24.12, 0.000, 0.000, 0.000, 09:38:10.741
160, -0.55, 0.00, 0.06, 1.71, 0.000, 0.000, 0.000, 09:38:10.741
161, 7.75, 0.00, 13.32, 7.85, 0.000, 0.000, 0.000, 09:38:10.741
162, 24.29, 0.00, 29.86, 31.37, 0.000, 0.000, 0.000, 09:38:10.742
163, 17.67, 0.00, 26.79, 23.94, 0.000, 0.000, 0.000, 09:38:10.757
164, -1.16, 0.00, 2.16, 0.48, 0.000, 0.000, 0.000, 09:38:10.757
165, 4.29, 0.00, 4.93, 11.70, 0.000, 0.000, 0.000, 09:38:10.772
166, 23.94, 0.00, 20.11, 29.59, 0.000, 0.000, 0.000, 09:38:10.772
167, 16.82, 0.00, 21.75, 19.95, 0.000, 0.000, 0.000, 09:38:10.772
168, 1.79, 0.00, 3.66, 4.91, 0.000, 0.000, 0.000, 09:38:10.773
169, 8.22, 0.00, 6.67, 7.65, 0.000, 0.000, 0.000, 09:38:10.786
170, 23.04, 0.00, 31.99, 31.01, 0.000, 0.000, 0.000, 09:38:10.786
171, 19.37, 0.00, 19.96, 22.92, 0.000, 0.000, 0.000, 09:38:10.800
172, -0.35, 0.00, -0.05, 1.39, 0.000, 0.000, 0.000, 09:38:10.800
173, 5.78, 0.00, 3.25, 5.48, 0.000, 0.000, 0.000, 09:38:10.800
174, 22.91, 0.00, 25.59, 29.47, 0.000, 0.000, 0.000, 09:38:10.801
175, 17.76, 0.00, 25.72, 26.72, 0.000, 0.000, 0.000, 09:38:10.814
176, 2.42, 0.00, 8.46, 9.35, 0.000, 0.000, 0.000, 09:38:10.814
177, 6.91, 0.00, 11.19, 9.10, 0.000, 0.000, 0.000, 09:38:10.831
178, 22.93, 0.00, 24.50, 29.77, 0.000, 0.000, 0.000, 09:38:10.831
179, 25.16, 0.00, 19.84, 25.78, 0.000, 0.000, 0.000, 09:38:10.831
180, -0.41, 0.00, -0.06, 7.58, 0.000, 0.000, 0.000, 09:38:10.831
181, 4.32, 0.00, 6.59, 13.57, 0.000, 0.000, 0.000, 09:38:10.846
182, 26.33, 0.00, 17.61, 32.15, 0.000, 0.000, 0.000, 09:38:10.846
183, 13.62, 0.00, 24.34, 22.80, 0.000, 0.000, 0.000, 09:38:10.861
184, -0.58, 0.00, 1.82, 6.40, 0.000, 0.000, 0.000, 09:38:10.861
185, 3.30, 0.00, 1.06, 8.64, 0.000, 0.000, 0.000, 09:38:10.862
186, 20.07, 0.00, 29.06, 25.94, 0.000, 0.000, 0.000, 09:38:10.862
187, 16.96, 0.00, 21.52, 25.16, 0.000, 0.000, 0.000, 09:38:10.876
188, -2.62, 0.00, 0.19, 0.41, 0.000, 0.000, 0.000, 09:38:10.876
189, 5.31, 0.00, 5.90, 7.88, 0.000, 0.000, 0.000, 09:38:10.892
190, 22.77, 0.00, 21.16, 30.25, 0.000, 0.000, 0.000, 09:38:10.892
191, 16.91, 0.00, 19.00, 25.69, 0.000, 0.000, 0.000, 09:38:10.893
192, -1.30, 0.00, -7.42, 5.50, 0.000, 0.000, 0.000, 09:38:10.893
193, 7.09, 0.00, 5.82, 10.71, 0.000, 0.000, 0.000, 09:38:10.907
194, 24.10, 0.00, 36.14, 29.03, 0.000, 0.000, 0.000, 09:38:10.907
195, 17.56, 0.00, 11.62, 25.99, 0.000, 0.000, 0.000, 09:38:10.920
196, -0.15, 0.00, 3.82, 6.66, 0.000, 0.000, 0.000, 09:38:10.920
197, 4.98, 0.00, 7.29, 11.21, 0.000, 0.000, 0.000, 09:38:10.923
198, 20.66, 0.00, 33.48, 30.09, 0.000, 0.000, 0.000, 09:38:10.923
199, 17.49, 0.00, 14.66, 24.35, 0.000, 0.000, 0.000, 09:38:10.936
200, -1.97, 0.00, 0.01, 2.13, 0.000, 0.000, 0.000, 09:38:10.936
0, 4.82, 0.00, 2.11, 7.68, 0.000, 0.000, 0.000, 09:38:10.937
1, 23.01, 0.00, 21.18, 34.13, 0.000, 0.000, 0.000, 09:38:10.950
2, 16.56, 0.00, 16.27, 25.67, 0.000, 0.000, 0.000, 09:38:10.950
3, 1.39, 0.00, 9.08, 4.91, 0.000, 0.000, 0.000, 09:38:10.965
4, 10.12, 0.00, 5.10, 9.62, 0.000, 0.000, 0.000, 09:38:10.965
5, 24.30, 0.00, 27.41, 28.81, 0.000, 0.000, 0.000, 09:38:10.965
6, 17.84, 0.00, 19.50, 24.01, 0.000, 0.000, 0.000, 09:38:10.965
7, 2.14, 0.00, 1.99, 6.53, 0.000, 0.000, 0.000, 09:38:10.980
8, 5.54, 0.00, 15.01, 11.77, 0.000, 0.000, 0.000, 09:38:10.981
9, 25.05, 0.00, 35.57, 30.67, 0.000, 0.000, 0.000, 09:38:10.995
10, 19.75, 0.00, 15.35, 23.33, 0.000, 0.000, 0.000, 09:38:10.995
11, 2.43, 0.00, 10.48, 8.32, 0.000, 0.000, 0.000, 09:38:10.996
12, 7.73, 0.00, 6.78, 9.28, 0.000, 0.000, 0.000, 09:38:10.996
13, 18.36, 0.00, 34.01, 25.14, 0.000, 0.000, 0.000, 09:38:11.010
14, 18.60, 0.00, 27.19, 26.05, 0.000, 0.000, 0.000, 09:38:11.010
15, 1.88, 0.00, 2.56, 7.38, 0.000, 0.000, 0.000, 09:38:11.024
16, 3.37, 0.00, 9.08, 7.95, 0.000, 0.000, 0.000, 09:38:11.025
17, 26.60, 0.00, 27.43, 25.85, 0.000, 0.000, 0.000, 09:38:11.025
18, 18.38, 0.00, 16.17, 25.87, 0.000, 0.000, 0.000, 09:38:11.025
19, 3.24, 0.00, -1.76, 7.17, 0.000, 0.000, 0.000, 09:38:11.042
20, 2.13, 0.00, 17.10, 8.59, 0.000, 0.000, 0.000, 09:38:11.043
21, 18.23, 0.00, 26.98, 31.39, 0.000, 0.000, 0.000, 09:38:11.055
22, 13.83, 0.00, 30.85, 25.85, 0.000, 0.000, 0.000, 09:38:11.056
23, 2.30, 0.00, 5.74, 5.10, 0.000, 0.000, 0.000, 09:38:11.058
24, 4.54, 0.00, 10.02, 8.41, 0.000, 0.000, 0.000, 09:38:11.059
25, 22.76, 0.00, 32.61, 28.66, 0.000, 0.000, 0.000, 09:38:11.070
26, 13.38, 0.00, 23.44, 23.40, 0.000, 0.000, 0.000, 09:38:11.070
27, 1.01, 0.00, 2.78, 6.62, 0.000, 0.000, 0.000, 09:38:11.085
28, 6.51, 0.00, -8.64, 12.11, 0.000, 0.000, 0.000, 09:38:11.086
29, 23.85, 0.00, 30.45, 32.48, 0.000, 0.000, 0.000, 09:38:11.087
30, 15.77, 0.00, 24.75, 24.86, 0.000, 0.000, 0.000, 09:38:11.087
31, -3.25, 0.00, -4.52, 8.53, 0.000, 0.000, 0.000, 09:38:11.100
32, 4.82, 0.00, 7.93, 13.92, 0.000, 0.000, 0.000, 09:38:11.100
33, 21.95, 0.00, 21.77, 29.26, 0.000, 0.000, 0.000, 09:38:11.115
34, 18.84, 0.00, 17.20, 23.60, 0.000, 0.000, 0.000, 09:38:11.115
35, 4.90, 0.00, 3.54, 4.02, 0.000, 0.000, 0.000, 09:38:11.115
36, 9.00, 0.00, 1.21, 7.83, 0.000, 0.000, 0.000, 09:38:11.115
37, 23.75, 0.00, 18.69, 29.10, 0.000, 0.000, 0.000, 09:38:11.129
38, 18.15, 0.00, 9.41, 21.75, 0.000, 0.000, 0.000, 09:38:11.130
39, 3.30, 0.00, 14.00, 5.22, 0.000, 0.000, 0.000, 09:38:11.144
40, 5.83, 0.00, 13.73, 12.33, 0.000, 0.000, 0.000, 09:38:11.145
41, 17.34, 0.00, 23.52, 26.46, 0.000, 0.000, 0.000, 09:38:11.145
42, 13.36, 0.00, 22.35, 20.88, 0.000, 0.000, 0.000, 09:38:11.145
43, 0.30, 0.00, 14.21, 1.93, 0.000, 0.000, 0.000, 09:38:11.160
44, 5.70, 0.00, 7.85, 11.24, 0.000, 0.000, 0.000, 09:38:11.160
45, 20.48, 0.00, 32.18, 25.42, 0.000, 0.000, 0.000, 09:38:11.174
46, 12.91, 0.00, 16.49, 23.15, 0.000, 0.000, 0.000, 09:38:11.175
47, 4.44, 0.00, -6.25, 5.27, 0.000, 0.000, 0.000, 09:38:11.175
48, 9.53, 0.00, 1.88, 13.72, 0.000, 0.000, 0.000, 09:38:11.175
49, 17.10, 0.00, 19.97, 23.70, 0.000, 0.000, 0.000, 09:38:11.191
50, 13.48, 0.00, 25.01, 22.90, 0.000, 0.000, 0.000, 09:38:11.191
51, 1.67, 0.00, 0.95, 5.36, 0.000, 0.000, 0.000, 09:38:11.207
52, 6.76, 0.00, 8.80, 9.84, 0.000, 0.000, 0.000, 09:38:11.208
53, 20.36, 0.00, 28.19, 27.00, 0.000, 0.000, 0.000, 09:38:11.209
54, 14.69, 0.00, 18.69, 20.84, 0.000, 0.000, 0.000, 09:38:11.209
55, 2.61, 0.00, -2.18, 8.73, 0.000, 0.000, 0.000, 09:38:11.220
56, 7.55, 0.00, 9.32, 14.76, 0.000, 0.000, 0.000, 09:38:11.220
57, 19.92, 0.00, 31.77, 26.43, 0.000, 0.000, 0.000, 09:38:11.236
58, 13.90, 0.00, 16.17, 22.54, 0.000, 0.000, 0.000, 09:38:11.236
59, 5.84, 0.00, 6.95, 6.13, 0.000, 0.000, 0.000, 09:38:11.237
60, 6.88, 0.00, 0.34, 11.36, 0.000, 0.000, 0.000, 09:38:11.237
61, 17.41, 0.00, 24.36, 24.41, 0.000, 0.000, 0.000, 09:38:11.249
62, 11.99, 0.00, 14.45, 20.55, 0.000, 0.000, 0.000, 09:38:11.250
63, 5.07, 0.00, 4.95, 10.19, 0.000, 0.000, 0.000, 09:38:11.264
64, 4.01, 0.00, 12.26, 11.08, 0.000, 0.000, 0.000, 09:38:11.265
65, 22.55, 0.00, 14.79, 26.33, 0.000, 0.000, 0.000, 09:38:11.265
66, 15.46, 0.00, 16.75, 16.92, 0.000, 0.000, 0.000, 09:38:11.266
67, 4.63, 0.00, 9.34, 6.26, 0.000, 0.000, 0.000, 09:38:11.279
68, 7.78, 0.00, -1.93, 15.63, 0.000, 0.000, 0.000, 09:38:11.280
69, 19.33, 0.00, 26.36, 23.95, 0.000, 0.000, 0.000, 09:38:11.295
70, 15.04, 0.00, 19.54, 16.48, 0.000, 0.000, 0.000, 09:38:11.295
71, 6.35, 0.00, 4.96, 7.82, 0.000, 0.000, 0.000, 09:38:11.295
72, 7.64, 0.00, 15.81, 11.84, 0.000, 0.000, 0.000, 09:38:11.295
73, 19.18, 0.00, 20.94, 25.51, 0.000, 0.000, 0.000, 09:38:11.310
74, 19.07, 0.00, 20.54, 20.70, 0.000, 0.000, 0.000, 09:38:11.310
75, 9.17, 0.00, 5.69, 13.81, 0.000, 0.000, 0.000, 09:38:11.324
76, 7.07, 0.00, 18.76, 13.61, 0.000, 0.000, 0.000, 09:38:11.325
77, 17.67, 0.00, 17.37, 22.73, 0.000, 0.000, 0.000, 09:38:11.325
78, 12.37, 0.00, 8.87, 18.65, 0.000, 0.000, 0.000, 09:38:11.325
79, 4.26, 0.00, 8.58, 10.07, 0.000, 0.000, 0.000, 09:38:11.341
80, 5.81, 0.00, 14.38, 13.07, 0.000, 0.000, 0.000, 09:38:11.342
81, 16.83, 0.00, 23.68, 25.73, 0.000, 0.000, 0.000, 09:38:11.356
82, 15.12, 0.00, 16.52, 22.45, 0.000, 0.000, 0.000, 09:38:11.356
83, 6.02, 0.00, 5.46, 8.19, 0.000, 0.000, 0.000, 09:38:11.357
84, 9.61, 0.00, 0.81, 14.08, 0.000, 0.000, 0.000, 09:38:11.357
85, 18.92, 0.00, 17.72, 26.07, 0.000, 0.000, 0.000, 09:38:11.370
86, 14.05, 0.00, 18.18, 20.12, 0.000, 0.000, 0.000, 09:38:11.370
87, 5.62, 0.00, 11.60, 12.16, 0.000, 0.000, 0.000, 09:38:11.385
88, 4.26, 0.00, 10.60, 11.82, 0.000, 0.000, 0.000, 09:38:11.386
89, 18.29, 0.00, 26.26, 27.53, 0.000, 0.000, 0.000, 09:38:11.386
90, 13.21, 0.00, 17.10, 19.83, 0.000, 0.000, 0.000, 09:38:11.386
91, 2.38, 0.00, 1.32, 12.16, 0.000, 0.000, 0.000, 09:38:11.400
92, 9.56, 0.00, 8.63, 14.16, 0.000, 0.000, 0.000, 09:38:11.401
93, 19.78, 0.00, 20.23, 25.74, 0.000, 0.000, 0.000, 09:38:11.415
94, 14.91, 0.00, 21.29, 20.89, 0.000, 0.000, 0.000, 09:38:11.415
95, 8.26, 0.00, 7.92, 12.27, 0.000, 0.000, 0.000, 09:38:11.415
96, 9.05, 0.00, 10.34, 10.11, 0.000, 0.000, 0.000, 09:38:11.416
97, 19.18, 0.00, 17.69, 26.33, 0.000, 0.000, 0.000, 09:38:11.436
98, 8.80, 0.00, 12.59, 19.38, 0.000, 0.000, 0.000, 09:38:11.437
99, 5.39, 0.00, 1.73, 11.50, 0.000, 0.000, 0.000, 09:38:11.444
100, 3.53, 0.00, 1.12, 14.05, 0.000, 0.000, 0.000, 09:38:11.445
101, 16.26, 0.00, 26.96, 24.87, 0.000, 0.000, 0.000, 09:38:11.445
102, 14.89, 0.00, 13.87, 24.30, 0.000, 0.000, 0.000, 09:38:11.445
103, 4.87, 0.00, 2.39, 7.15, 0.000, 0.000, 0.000, 09:38:11.459
104, 11.56, 0.00, 7.75, 16.56, 0.000, 0.000, 0.000, 09:38:11.460
105, 18.47, 0.00, 13.58, 23.35, 0.000, 0.000, 0.000, 09:38:11.476
106, 13.91, 0.00, 15.25, 14.95, 0.000, 0.000, 0.000, 09:38:11.476
107, 4.15, 0.00, 11.08, 9.58, 0.000, 0.000, 0.000, 09:38:11.476
108, 9.12, 0.00, 9.67, 14.00, 0.000, 0.000, 0.000, 09:38:11.476
109, 13.44, 0.00, 14.74, 23.74, 0.000, 0.000, 0.000, 09:38:11.492
110, 13.76, 0.00, 18.18, 21.61, 0.000, 0.000, 0.000, 09:38:11.493
111, 8.15, 0.00, 14.28, 9.79, 0.000, 0.000, 0.000, 09:38:11.508
112, 8.51, 0.00, 15.17, 13.97, 0.000, 0.000, 0.000, 09:38:11.510
113, 16.49, 0.00, 23.20, 22.99, 0.000, 0.000, 0.000, 09:38:11.511
114, 12.86, 0.00, 12.41, 18.00, 0.000, 0.000, 0.000, 09:38:11.511
115, 3.86, 0.00, 14.06, 9.19, 0.000, 0.000, 0.000, 09:38:11.519
116, 8.27, 0.00, 15.92, 9.33, 0.000, 0.000, 0.000, 09:38:11.520
117, 22.08, 0.00, 25.18, 26.52, 0.000, 0.000, 0.000, 09:38:11.535
118, 16.38, 0.00, 19.34, 24.94, 0.000, 0.000, 0.000, 09:38:11.535
119, 6.69, 0.00, 8.86, 6.72, 0.000, 0.000, 0.000, 09:38:11.536
120, 6.27, 0.00, 22.42, 10.04, 0.000, 0.000, 0.000, 09:38:11.538
121, 19.76, 0.00, 26.27, 28.19, 0.000, 0.000, 0.000, 09:38:11.549
122, 18.05, 0.00, 13.33, 22.48, 0.000, 0.000, 0.000, 09:38:11.550
123, 3.73, 0.00, 5.02, 9.67, 0.000, 0.000, 0.000, 09:38:11.564
124, 10.13, 0.00, 7.63, 13.07, 0.000, 0.000, 0.000, 09:38:11.564
125, 18.23, 0.00, 20.87, 23.37, 0.000, 0.000, 0.000, 09:38:11.565
126, 13.33, 0.00, 15.47, 18.31, 0.000, 0.000, 0.000, 09:38:11.565
127, 5.16, 0.00, 6.69, 10.27, 0.000, 0.000, 0.000, 09:38:11.579
128, 6.31, 0.00, 9.19, 12.14, 0.000, 0.000, 0.000, 09:38:11.580
129, 14.92, 0.00, 20.98, 24.30, 0.000, 0.000, 0.000, 09:38:11.594
130, 15.62, 0.00, 20.14, 25.45, 0.000, 0.000, 0.000, 09:38:11.595
131, 7.69, 0.00, 13.08, 9.79, 0.000, 0.000, 0.000, 09:38:11.595
132, 7.03, 0.00, 13.17, 12.06, 0.000, 0.000, 0.000, 09:38:11.595
133, 19.05, 0.00, 22.31, 19.60, 0.000, 0.000, 0.000, 09:38:11.610
134, 9.87, 0.00, 18.27, 22.30, 0.000, 0.000, 0.000, 09:38:11.610
135, 4.38, 0.00, 3.04, 5.21, 0.000, 0.000, 0.000, 09:38:11.624
136, 7.27, 0.00, 13.12, 11.47, 0.000, 0.000, 0.000, 09:38:11.624
137, 22.06, 0.00, 17.88, 23.35, 0.000, 0.000, 0.000, 09:38:11.626
138, 11.47, 0.00, 19.34, 21.93, 0.000, 0.000, 0.000, 09:38:11.626
139, 6.47, 0.00, 4.41, 11.35, 0.000, 0.000, 0.000, 09:38:11.642
140, 9.17, 0.00, 8.49, 13.61, 0.000, 0.000, 0.000, 09:38:11.642
141, 18.62, 0.00, 23.31, 26.41, 0.000, 0.000, 0.000, 09:38:11.654
142, 16.30, 0.00, 19.21, 21.55, 0.000, 0.000, 0.000, 09:38:11.655
143, 8.38, 0.00, 0.87, 12.99, 0.000, 0.000, 0.000, 09:38:11.658
144, 6.94, 0.00, 9.28, 14.90, 0.000, 0.000, 0.000, 09:38:11.658
145, 15.23, 0.00, 21.14, 19.57, 0.000, 0.000, 0.000, 09:38:11.670
146, 14.88, 0.00, 19.71, 17.79, 0.000, 0.000, 0.000, 09:38:11.670
147, 1.81, 0.00, 6.29, 10.51, 0.000, 0.000, 0.000, 09:38:11.685
148, 8.18, 0.00, 15.24, 10.02, 0.000, 0.000, 0.000, 09:38:11.685
149, 18.92, 0.00, 23.01, 24.05, 0.000, 0.000, 0.000, 09:38:11.686
150, 19.36, 0.00, 19.75, 22.74, 0.000, 0.000, 0.000, 09:38:11.686
151, 6.14, 0.00, 5.65, 10.75, 0.000, 0.000, 0.000, 09:38:11.701
152, 8.18, 0.00, 10.68, 11.21, 0.000, 0.000, 0.000, 09:38:11.701
153, 19.85, 0.00, 22.00, 26.13, 0.000, 0.000, 0.000, 09:38:11.715
154, 17.21, 0.00, 20.21, 21.27, 0.000, 0.000, 0.000, 09:38:11.715
155, 8.56, 0.00, 6.89, 10.74, 0.000, 0.000, 0.000, 09:38:11.716
156, 9.03, 0.00, 12.89, 16.19, 0.000, 0.000, 0.000, 09:38:11.716
157, 15.86, 0.00, 24.58, 26.53, 0.000, 0.000, 0.000, 09:38:11.729
158, 15.01, 0.00, 15.16, 19.20, 0.000, 0.000, 0.000, 09:38:11.729
159, 3.26, 0.00, 4.15, 10.68, 0.000, 0.000, 0.000, 09:38:11.745
160, 7.14, 0.00, 6.59, 12.98, 0.000, 0.000, 0.000, 09:38:11.745
161, 16.32, 0.00, 19.95, 23.91, 0.000, 0.000, 0.000, 09:38:11.753
162, 12.55, 0.00, 17.87, 16.50, 0.000, 0.000, 0.000, 09:38:11.753
163, 7.47, 0.00, 3.47, 10.36, 0.000, 0.000, 0.000, 09:38:11.761
164, 8.18, 0.00, 12.75, 15.81, 0.000, 0.000, 0.000, 09:38:11.761
165, 15.03, 0.00, 15.96, 21.43, 0.000, 0.000, 0.000, 09:38:11.777
166, 18.47, 0.00, 16.46, 22.34, 0.000, 0.000, 0.000, 09:38:11.777
167, 2.10, 0.00, 7.96, 8.72, 0.000, 0.000, 0.000, 09:38:11.777
168, 5.76, 0.00, 6.62, 11.29, 0.000, 0.000, 0.000, 09:38:11.777
169, 15.58, 0.00, 21.48, 20.69, 0.000, 0.000, 0.000, 09:38:11.790
170, 14.90, 0.00, 16.70, 18.44, 0.000, 0.000, 0.000, 09:38:11.790
171, 3.68, 0.00, 11.23, 11.12, 0.000, 0.000, 0.000, 09:38:11.805
172, 8.81, 0.00, 14.92, 11.53, 0.000, 0.000, 0.000, 09:38:11.805
173, 20.67, 0.00, 27.59, 27.81, 0.000, 0.000, 0.000, 09:38:11.806
174, 14.12, 0.00, 23.46, 24.49, 0.000, 0.000, 0.000, 09:38:11.806
175, 6.62, 0.00, 9.82, 12.43, 0.000, 0.000, 0.000, 09:38:11.820
176, 11.06, 0.00, 6.12, 10.91, 0.000, 0.000, 0.000, 09:38:11.820
177, 13.52, 0.00, 19.51, 25.85, 0.000, 0.000, 0.000, 09:38:11.836
178, 15.37, 0.00, 11.39, 25.41, 0.000, 0.000, 0.000, 09:38:11.837
179, 6.59, 0.00, 8.44, 9.13, 0.000, 0.000, 0.000, 09:38:11.837
180, 9.91, 0.00, 3.84, 10.11, 0.000, 0.000, 0.000, 09:38:11.837
181, 14.57, 0.00, 20.79, 21.85, 0.000, 0.000, 0.000, 09:38:11.850
182, 12.61, 0.00, 15.28, 17.61, 0.000, 0.000, 0.000, 09:38:11.850
183, 2.98, 0.00, 10.28, 10.59, 0.000, 0.000, 0.000, 09:38:11.865
184, 9.69, 0.00, 9.54, 14.40, 0.000, 0.000, 0.000, 09:38:11.865
185, 19.44, 0.00, 17.70, 25.90, 0.000, 0.000, 0.000, 09:38:11.866
186, 10.60, 0.00, 15.93, 23.30, 0.000, 0.000, 0.000, 09:38:11.866
187, 3.63, 0.00, 12.74, 8.98, 0.000, 0.000, 0.000, 09:38:11.880
188, 8.58, 0.00, 15.78, 12.05, 0.000, 0.000, 0.000, 09:38:11.881
189, 15.12, 0.00, 25.96, 21.95, 0.000, 0.000, 0.000, 09:38:11.897
190, 15.66, 0.00, 19.27, 18.40, 0.000, 0.000, 0.000, 09:38:11.897
191, 2.59, 0.00, 9.38, 8.53, 0.000, 0.000, 0.000, 09:38:11.898
192, 9.21, 0.00, 7.23, 9.62, 0.000, 0.000, 0.000, 09:38:11.898
193, 17.28, 0.00, 20.85, 23.35, 0.000, 0.000, 0.000, 09:38:11.912
194, 14.93, 0.00, 18.98, 24.08, 0.000, 0.000, 0.000, 09:38:11.912
195, 5.13, 0.00, 6.54, 8.94, 0.000, 0.000, 0.000, 09:38:11.927
196, 12.81, 0.00, 7.26, 12.22, 0.000, 0.000, 0.000, 09:38:11.927
197, 18.06, 0.00, 18.88, 19.68, 0.000, 0.000, 0.000, 09:38:11.927
198, 14.68, 0.00, 11.89, 24.95, 0.000, 0.000, 0.000, 09:38:11.927
199, 9.28, 0.00, 14.05, 8.00, 0.000, 0.000, 0.000, 09:38:11.940
200, 8.90, 0.00, 7.48, 13.22, 0.000, 0.000, 0.000, 09:38:11.940
0, 17.25, 0.00, 21.33, 25.22, 0.000, 0.000, 0.000, 09:38:11.941
1, 13.78, 0.00, 16.53, 23.82, 0.000, 0.000, 0.000, 09:38:11.955
2, 4.17, 0.00, 3.49, 10.22, 0.000, 0.000, 0.000, 09:38:11.955
3, 9.23, 0.00, 16.24, 15.24, 0.000, 0.000, 0.000, 09:38:11.970
4, 15.19, 0.00, 26.34, 21.19, 0.000, 0.000, 0.000, 09:38:11.970
5, 11.09, 0.00, 19.93, 20.55, 0.000, 0.000, 0.000, 09:38:11.971
6, 7.76, 0.00, 7.12, 11.84, 0.000, 0.000, 0.000, 09:38:11.971
7, 6.36, 0.00, 8.55, 13.34, 0.000, 0.000, 0.000, 09:38:11.986
8, 17.44, 0.00, 19.97, 26.51, 0.000, 0.000, 0.000, 09:38:11.987
9, 9.68, 0.00, 25.34, 20.22, 0.000, 0.000, 0.000, 09:38:12.000
10, 6.13, 0.00, -4.15, 12.76, 0.000, 0.000, 0.000, 09:38:12.001
11, 6.06, 0.00, 12.46, 13.56, 0.000, 0.000, 0.000, 09:38:12.003
12, 17.36, 0.00, 22.32, 21.12, 0.000, 0.000, 0.000, 09:38:12.003
13, 15.87, 0.00, 15.45, 24.47, 0.000, 0.000, 0.000, 09:38:12.015
14, 8.39, 0.00, 11.01, 9.38, 0.000, 0.000, 0.000, 09:38:12.015
15, 8.34, 0.00, 15.91, 12.34, 0.000, 0.000, 0.000, 09:38:12.030
16, 13.88, 0.00, 21.03, 21.13, 0.000, 0.000, 0.000, 09:38:12.030
17, 10.23, 0.00, 16.92, 19.82, 0.000, 0.000, 0.000, 09:38:12.031
18, 8.44, 0.00, 4.26, 14.43, 0.000, 0.000, 0.000, 09:38:12.031
19, 7.65, 0.00, 9.12, 11.16, 0.000, 0.000, 0.000, 09:38:12.045
20, 17.10, 0.00, 24.67, 22.45, 0.000, 0.000, 0.000, 09:38:12.045
21, 16.12, 0.00, 17.87, 22.40, 0.000, 0.000, 0.000, 09:38:12.061
22, 8.54, 0.00, 4.98, 12.95, 0.000, 0.000, 0.000, 09:38:12.062
23, 8.07, 0.00, 8.79, 9.22, 0.000, 0.000, 0.000, 09:38:12.062
24, 14.98, 0.00, 19.28, 22.60, 0.000, 0.000, 0.000, 09:38:12.062
25, 16.52, 0.00, 18.90, 20.98, 0.000, 0.000, 0.000, 09:38:12.082
26, 4.28, 0.00, 13.93, 13.74, 0.000, 0.000, 0.000, 09:38:12.082
27, 10.58, 0.00, 13.11, 13.10, 0.000, 0.000, 0.000, 09:38:12.090
28, 16.18, 0.00, 20.71, 21.21, 0.000, 0.000, 0.000, 09:38:12.091
29, 15.28, 0.00, 21.73, 21.30, 0.000, 0.000, 0.000, 09:38:12.094
30, 9.65, 0.00, 0.86, 13.74, 0.000, 0.000, 0.000, 09:38:12.094
31, 12.46, 0.00, 4.82, 14.06, 0.000, 0.000, 0.000, 09:38:12.105
32, 18.05, 0.00, 12.76, 20.72, 0.000, 0.000, 0.000, 09:38:12.105
33, 13.56, 0.00, 21.65, 20.33, 0.000, 0.000, 0.000, 09:38:12.120
34, 4.70, 0.00, 13.28, 10.42, 0.000, 0.000, 0.000, 09:38:12.120
35, 8.58, 0.00, 17.30, 14.06, 0.000, 0.000, 0.000, 09:38:12.121
36, 15.38, 0.00, 17.35, 22.59, 0.000, 0.000, 0.000, 09:38:12.121
37, 10.31, 0.00, 18.43, 18.67, 0.000, 0.000, 0.000, 09:38:12.136
38, 6.04, 0.00, 8.72, 15.67, 0.000, 0.000, 0.000, 09:38:12.136
39, 6.76, 0.00, 5.64, 11.23, 0.000, 0.000, 0.000, 09:38:12.150
40, 20.03, 0.00, 23.05, 23.34, 0.000, 0.000, 0.000, 09:38:12.150
41, 13.85, 0.00, 14.55, 20.04, 0.000, 0.000, 0.000, 09:38:12.151
42, 7.81, 0.00, 4.76, 10.68, 0.000, 0.000, 0.000, 09:38:12.151
43, 8.99, 0.00, 10.64, 11.40, 0.000, 0.000, 0.000, 09:38:12.165
44, 14.37, 0.00, 26.29, 21.87, 0.000, 0.000, 0.000, 09:38:12.165
45, 16.85, 0.00, 12.12, 19.40, 0.000, 0.000, 0.000, 09:38:12.180
46, 5.82, 0.00, 9.02, 8.30, 0.000, 0.000, 0.000, 09:38:12.180
47, 9.23, 0.00, 13.64, 9.04, 0.000, 0.000, 0.000, 09:38:12.181
48, 16.12, 0.00, 19.58, 20.92, 0.000, 0.000, 0.000, 09:38:12.181
49, 15.24, 0.00, 9.77, 20.04, 0.000, 0.000, 0.000, 09:38:12.196
50, 6.44, 0.00, 12.97, 10.06, 0.000, 0.000, 0.000, 09:38:12.196
51, 9.05, 0.00, 5.63, 13.65, 0.000, 0.000, 0.000, 09:38:12.210
52, 10.52, 0.00, 19.83, 17.50, 0.000, 0.000, 0.000, 09:38:12.210
53, 16.64, 0.00, 15.20, 21.88, 0.000, 0.000, 0.000, 09:38:12.211
54, 8.15, 0.00, 12.31, 12.59, 0.000, 0.000, 0.000, 09:38:12.211
55, 7.52, 0.00, 13.11, 12.84, 0.000, 0.000, 0.000, 09:38:12.225
56, 16.44, 0.00, 19.81, 24.72, 0.000, 0.000, 0.000, 09:38:12.225
57, 13.49, 0.00, 15.10, 22.71, 0.000, 0.000, 0.000, 09:38:12.240
58, 7.39, 0.00, 10.32, 14.01, 0.000, 0.000, 0.000, 09:38:12.240
59, 8.53, 0.00, 18.24, 14.09, 0.000, 0.000, 0.000, 09:38:12.240
60, 15.16, 0.00, 19.33, 22.63, 0.000, 0.000, 0.000, 09:38:12.241
61, 14.26, 0.00, 15.04, 21.37, 0.000, 0.000, 0.000, 09:38:12.258
62, 7.92, 0.00, 9.57, 10.73, 0.000, 0.000, 0.000, 09:38:12.258
63, 9.43, 0.00, 11.77, 14.94, 0.000, 0.000, 0.000, 09:38:12.269
64, 15.34, 0.00, 15.80, 23.53, 0.000, 0.000, 0.000, 09:38:12.269
65, 12.88, 0.00, 13.11, 23.37, 0.000, 0.000, 0.000, 09:38:12.270
66, 6.77, 0.00, 11.55, 11.17, 0.000, 0.000, 0.000, 09:38:12.270
67, 9.50, 0.00, 4.69, 13.78, 0.000, 0.000, 0.000, 09:38:12.285
68, 17.99, 0.00, 25.67, 23.11, 0.000, 0.000, 0.000, 09:38:12.285
69, 15.76, 0.00, 29.20, 18.97, 0.000, 0.000, 0.000, 09:38:12.300
70, 7.58, 0.00, 15.88, 14.13, 0.000, 0.000, 0.000, 09:38:12.300
71, 6.76, 0.00, 13.74, 15.20, 0.000, 0.000, 0.000, 09:38:12.302
72, 12.75, 0.00, 15.95, 20.82, 0.000, 0.000, 0.000, 09:38:12.303
73, 20.48, 0.00, 9.79, 21.00, 0.000, 0.000, 0.000, 09:38:12.325
74, 6.14, 0.00, 0.34, 6.72, 0.000, 0.000, 0.000, 09:38:12.325
75, 7.19, 0.00, 1.43, 11.98, 0.000, 0.000, 0.000, 09:38:12.329
76, 17.38, 0.00, 23.74, 22.47, 0.000, 0.000, 0.000, 09:38:12.330
77, 12.33, 0.00, 13.06, 18.28, 0.000, 0.000, 0.000, 09:38:12.330
78, 8.93, 0.00, 10.75, 10.99, 0.000, 0.000, 0.000, 09:38:12.330
79, 7.41, 0.00, 12.85, 9.88, 0.000, 0.000, 0.000, 09:38:12.348
80, 16.38, 0.00, 20.22, 20.35, 0.000, 0.000, 0.000, 09:38:12.348
81, 16.52, 0.00, 26.84, 23.04, 0.000, 0.000, 0.000, 09:38:12.359
82, 4.30, 0.00, 11.11, 12.17, 0.000, 0.000, 0.000, 09:38:12.360
83, 9.95, 0.00, 5.01, 9.07, 0.000, 0.000, 0.000, 09:38:12.360
84, 13.41, 0.00, 13.30, 25.75, 0.000, 0.000, 0.000, 09:38:12.360
85, 11.71, 0.00, 18.57, 19.69, 0.000, 0.000, 0.000, 09:38:12.375
86, 7.15, 0.00, 8.12, 15.23, 0.000, 0.000, 0.000, 09:38:12.375
87, 8.92, 0.00, 6.61, 14.33, 0.000, 0.000, 0.000, 09:38:12.391
88, 15.46, 0.00, 25.80, 22.07, 0.000, 0.000, 0.000, 09:38:12.391
89, 15.87, 0.00, 18.96, 26.02, 0.000, 0.000, 0.000, 09:38:12.391
90, 5.24, 0.00, 5.83, 9.45, 0.000, 0.000, 0.000, 09:38:12.391
91, 9.86, 0.00, -1.01, 10.01, 0.000, 0.000, 0.000, 09:38:12.407
92, 17.52, 0.00, 23.85, 24.27, 0.000, 0.000, 0.000, 09:38:12.407
93, 13.18, 0.00, 17.52, 22.20, 0.000, 0.000, 0.000, 09:38:12.420
94, 4.69, 0.00, 6.82, 15.93, 0.000, 0.000, 0.000, 09:38:12.420
95, 6.42, 0.00, 14.18, 11.18, 0.000, 0.000, 0.000, 09:38:12.422
96, 15.99, 0.00, 18.56, 17.75, 0.000, 0.000, 0.000, 09:38:12.422
97, 16.95, 0.00, 25.13, 21.03, 0.000, 0.000, 0.000, 09:38:12.435
98, 2.86, 0.00, 3.95, 10.47, 0.000, 0.000, 0.000, 09:38:12.436
99, 6.03, 0.00, 2.24, 7.08, 0.000, 0.000, 0.000, 09:38:12.450
100, 18.28, 0.00, 21.40, 23.06, 0.000, 0.000, 0.000, 09:38:12.450
101, 16.85, 0.00, 21.38, 21.75, 0.000, 0.000, 0.000, 09:38:12.450
102, 6.65, 0.00, -3.13, 13.18, 0.000, 0.000, 0.000, 09:38:12.451
103, 6.60, 0.00, 11.01, 11.51, 0.000, 0.000, 0.000, 09:38:12.465
104, 14.20, 0.00, 26.55, 23.92, 0.000, 0.000, 0.000, 09:38:12.465
