  -4.4814100e+03
  -4.3980500e+03
  -4.4681900e+03
  -4.5212900e+03
  -4.4522300e+03
  -4.3866200e+03
  -4.4514400e+03
  -4.5029600e+03
  -4.4285100e+03
  -4.3680600e+03
  -4.4261700e+03
  -4.4738900e+03
  -4.4281600e+03
  -4.3340100e+03
  -4.4289200e+03
  -4.4696300e+03
  -4.4071200e+03
  -4.3452800e+03
  -4.4084000e+03
  -4.4617100e+03
  -4.4114600e+03
  -4.3429300e+03
  -4.4152000e+03
  -4.4711700e+03
  -4.4123200e+03
  -4.3518900e+03
  -4.4224400e+03
  -4.4628400e+03
  -4.4102700e+03
  -4.3226200e+03
  -4.4110400e+03
  -4.4687500e+03
  -4.4135500e+03
  -4.3374000e+03
  -4.4192100e+03
  -4.4722200e+03
  -4.4141500e+03
  -4.3403800e+03
  -4.4038300e+03
  -4.4559700e+03
  -4.3951500e+03
  -4.3277000e+03
  -4.4113000e+03
  -4.4650100e+03
  -4.4128600e+03
  -4.3386200e+03
  -4.4170600e+03
  -4.4814800e+03
  -4.4393300e+03
  -4.3793800e+03
  -4.4144600e+03
  -4.4589500e+03
  -4.4337000e+03
  -4.3472700e+03
  -4.4407800e+03
  -4.5045200e+03
  -4.4423500e+03
  -4.3602300e+03
  -4.4757300e+03
  -4.5189200e+03
  -4.4459200e+03
  -4.3545300e+03
  -4.4411400e+03
  -4.4944000e+03
  -4.4178400e+03
  -4.3331400e+03
  -4.4182900e+03
  -4.4553800e+03
  -4.4104600e+03
  -4.3287000e+03
  -4.4204300e+03
  -4.4741200e+03
  -4.4099500e+03
  -4.3436900e+03
  -4.4204300e+03
  -4.4704400e+03
  -4.4101200e+03
  -4.3312400e+03
  -4.4195800e+03
  -4.4652600e+03
  -4.4115700e+03
  -4.3432900e+03
  -4.4256800e+03
  -4.4752000e+03
  -4.4129700e+03
  -4.3345000e+03
  -4.4169700e+03
  -4.4609200e+03
  -4.4022700e+03
  -4.3319700e+03
  -4.4128100e+03
  -4.4585600e+03
  -4.3983200e+03
  -4.3283500e+03
  -4.4195000e+03
  -4.4660900e+03
  -4.4049400e+03
  -4.3212500e+03
  -4.4125300e+03
  -4.4610500e+03
  -4.4110400e+03
  -4.3524900e+03
  -4.4065700e+03
  -4.4244000e+03
  -4.3729400e+03
  -4.3041000e+03
  -4.3904800e+03
  -4.4389500e+03
  -4.3776300e+03
  -4.3096700e+03
  -4.3987900e+03
  -4.4618400e+03
  -4.3895900e+03
  -4.3167000e+03
  -4.3985400e+03
  -4.4627700e+03
  -4.3958000e+03
  -4.3281600e+03
  -4.4128800e+03
  -4.4557400e+03
  -4.3889100e+03
  -4.3164800e+03
  -4.4107500e+03
  -4.4497200e+03
  -4.3978600e+03
  -4.3300800e+03
  -4.4254200e+03
  -4.4755200e+03
  -4.4054600e+03
  -4.3271700e+03
  -4.4140300e+03
  -4.4604500e+03
  -4.3993800e+03
  -4.3336200e+03
  -4.4315400e+03
  -4.4789100e+03
  -4.4034400e+03
  -4.3284700e+03
  -4.4103200e+03
  -4.4469500e+03
  -4.3921700e+03
  -4.3266100e+03
  -4.4188900e+03
  -4.4659300e+03
  -4.4077200e+03
  -4.3338400e+03
  -4.4088400e+03
  -4.4619400e+03
  -4.4058000e+03
  -4.3335800e+03
  -4.4077100e+03
  -4.4639600e+03
  -4.3907500e+03
  -4.3391400e+03
  -4.4125100e+03
  -4.4622300e+03
  -4.4007500e+03
  -4.3281000e+03
  -4.4056700e+03
  -4.4493500e+03
  -4.3854000e+03
  -4.3249100e+03
  -4.3968600e+03
  -4.4522200e+03
  -4.3915100e+03
  -4.3129400e+03
  -4.4107900e+03
  -4.4577300e+03
  -4.3897600e+03
  -4.3393700e+03
  -4.4282600e+03
  -4.4702100e+03
  -4.4133800e+03
  -4.3296700e+03
  -4.4231400e+03
  -4.4617400e+03
  -4.3952900e+03
  -4.3124800e+03
  -4.4025000e+03
  -4.4530200e+03
  -4.3982600e+03
  -4.3423800e+03
  -4.4208100e+03
  -4.4588400e+03
  -4.3878000e+03
  -4.3293400e+03
  -4.4173500e+03
  -4.4519200e+03
  -4.3977400e+03
  -4.3241400e+03
  -4.4106100e+03
  -4.4650100e+03
  -4.3997800e+03
  -4.3518300e+03
  -4.4381900e+03
  -4.4404700e+03
  -4.3879600e+03
  -4.3331300e+03
  -4.4153600e+03
  -4.4563200e+03
  -4.4009900e+03
  -4.3345300e+03
  -4.4160400e+03
  -4.4688600e+03
  -4.4009800e+03
  -4.3346600e+03
  -4.4262900e+03
  -4.4541800e+03
  -4.3932400e+03
  -4.3345600e+03
  -4.4324200e+03
  -4.4808700e+03
  -4.4069600e+03
  -4.3311700e+03
  -4.4226400e+03
  -4.4654200e+03
  -4.3941500e+03
  -4.3348800e+03
  -4.4211400e+03
  -4.4549800e+03
  -4.4010100e+03
  -4.3220800e+03
  -4.4027200e+03
  -4.4410400e+03
  -4.3966400e+03
  -4.3286300e+03
  -4.4028600e+03
  -4.4484400e+03
  -4.4015700e+03
  -4.3231400e+03
  -4.4253300e+03
  -4.4676600e+03
  -4.4060800e+03
  -4.3332000e+03
  -4.4218800e+03
  -4.4756700e+03
  -4.3940800e+03
  -4.3178200e+03
  -4.4238400e+03
  -4.4619400e+03
  -4.3987200e+03
  -4.3281200e+03
  -4.4228800e+03
  -4.4639300e+03
  -4.4051200e+03
  -4.3353300e+03
  -4.4199200e+03
  -4.4606200e+03
  -4.3935400e+03
  -4.3350000e+03
  -4.4213400e+03
  -4.4619100e+03
  -4.4027400e+03
  -4.3350700e+03
  -4.4189000e+03
  -4.4667200e+03
  -4.3974500e+03
  -4.3258900e+03
  -4.4180500e+03
  -4.4548300e+03
  -4.3989200e+03
  -4.3284300e+03
  -4.4219400e+03
  -4.4603100e+03
  -4.3898600e+03
  -4.3348800e+03
  -4.4171300e+03
  -4.4471200e+03
  -4.3908200e+03
  -4.3217400e+03
  -4.4193400e+03
  -4.4578400e+03
  -4.3949100e+03
  -4.3370300e+03
  -4.4214300e+03
  -4.4621800e+03
  -4.4031900e+03
  -4.3229500e+03
  -4.4095800e+03
  -4.4517700e+03
  -4.4069700e+03
  -4.3260400e+03
  -4.3969500e+03
  -4.4708100e+03
  -4.4045900e+03
  -4.3408500e+03
  -4.4282000e+03
  -4.4474000e+03
  -4.3917000e+03
  -4.3294300e+03
  -4.4186400e+03
  -4.4475400e+03
  -4.3989600e+03
  -4.3234500e+03
  -4.4280500e+03
  -4.4604600e+03
  -4.3911700e+03
  -4.3311400e+03
  -4.4239300e+03
  -4.4615600e+03
  -4.3896300e+03
  -4.3147500e+03
  -4.4158000e+03
  -4.4568100e+03
  -4.3965500e+03
  -4.3384200e+03
  -4.4261700e+03
  -4.4549600e+03
  -4.3888600e+03
  -4.3284300e+03
  -4.4210800e+03
  -4.4548400e+03
  -4.3984300e+03
  -4.3202300e+03
  -4.4189000e+03
  -4.4640000e+03
  -4.3954100e+03
  -4.3346300e+03
  -4.4343500e+03
  -4.4625700e+03
  -4.3885200e+03
  -4.3096300e+03
  -4.4086500e+03
  -4.4429800e+03
  -4.3852900e+03
  -4.3365500e+03
  -4.4412200e+03
  -4.4774600e+03
  -4.4024000e+03
  -4.3343600e+03
  -4.4235800e+03
  -4.4541900e+03
  -4.3957900e+03
  -4.3387700e+03
  -4.4275600e+03
  -4.4474400e+03
  -4.4006000e+03
  -4.3286600e+03
  -4.4139900e+03
  -4.4459400e+03
  -4.3933000e+03
  -4.3239200e+03
  -4.4293100e+03
  -4.4661100e+03
  -4.4049000e+03
  -4.3379300e+03
  -4.4296100e+03
  -4.4467100e+03
  -4.3896000e+03
  -4.3279000e+03
  -4.4108800e+03
  -4.4530300e+03
  -4.3872300e+03
  -4.3294200e+03
  -4.4264500e+03
  -4.4605300e+03
  -4.3991000e+03
  -4.3259400e+03
  -4.4199300e+03
  -4.4417500e+03
  -4.3950700e+03
  -4.3226200e+03
  -4.4277400e+03
  -4.4570700e+03
  -4.4064700e+03
  -4.3331900e+03
  -4.4332300e+03
  -4.4488900e+03
  -4.3867600e+03
  -4.3236100e+03
  -4.4235900e+03
  -4.4623600e+03
  -4.4068200e+03
  -4.3348300e+03
  -4.4304100e+03
  -4.4512700e+03
  -4.3777900e+03
  -4.2998100e+03
  -4.4037000e+03
  -4.4431900e+03
  -4.3886400e+03
  -4.3184600e+03
  -4.4301000e+03
  -4.4563500e+03
  -4.4062900e+03
  -4.3280500e+03
  -4.4277600e+03
  -4.4515500e+03
  -4.3821000e+03
  -4.3272800e+03
  -4.4269100e+03
  -4.4503800e+03
  -4.3967000e+03
  -4.3291100e+03
  -4.4391400e+03
  -4.4632800e+03
  -4.4078900e+03
  -4.3226800e+03
  -4.4235800e+03
  -4.4467600e+03
  -4.4027100e+03
  -4.3318400e+03
  -4.4318200e+03
  -4.4589600e+03
  -4.4114300e+03
  -4.3284000e+03
  -4.4343700e+03
  -4.4521900e+03
  -4.4017900e+03
  -4.3260600e+03
  -4.4172400e+03
  -4.4517700e+03
  -4.3951300e+03
  -4.3237100e+03
  -4.4254900e+03
  -4.4579900e+03
  -4.3932500e+03
  -4.3260700e+03
  -4.4364600e+03
  -4.4583300e+03
  -4.3980500e+03
  -4.3325400e+03
  -4.4307300e+03
  -4.4552300e+03
  -4.4033700e+03
  -4.3263700e+03
  -4.4314000e+03
  -4.4492600e+03
  -4.3851400e+03
  -4.3124500e+03
  -4.4264900e+03
  -4.4565100e+03
  -4.3909600e+03
  -4.3233500e+03
  -4.4299500e+03
  -4.4681200e+03
  -4.4016700e+03
  -4.3302600e+03
  -4.4238100e+03
  -4.4559500e+03
  -4.4070300e+03
  -4.3266900e+03
  -4.4269100e+03
  -4.4645100e+03
  -4.4007800e+03
  -4.3402000e+03
  -4.4287400e+03
  -4.4583300e+03
  -4.3999600e+03
  -4.3226600e+03
  -4.4257000e+03
  -4.4535400e+03
  -4.3859000e+03
  -4.3265300e+03
  -4.4163600e+03
  -4.4450400e+03
  -4.3948700e+03
  -4.3184400e+03
  -4.4271600e+03
  -4.4630200e+03
  -4.4002500e+03
  -4.3324000e+03
  -4.4384300e+03
  -4.4644400e+03
  -4.3934500e+03
  -4.3232400e+03
  -4.4147700e+03
  -4.4474500e+03
  -4.4016000e+03
  -4.3293600e+03
  -4.4288100e+03
  -4.4406800e+03
  -4.3924100e+03
  -4.3150200e+03
  -4.4248700e+03
  -4.4520700e+03
  -4.3895600e+03
  -4.3224800e+03
  -4.4227400e+03
  -4.4489000e+03
  -4.4051500e+03
  -4.3258400e+03
  -4.4318900e+03
  -4.4627900e+03
  -4.4071500e+03
  -4.3178600e+03
  -4.4165400e+03
  -4.4442100e+03
  -4.3875600e+03
  -4.3301100e+03
  -4.4239600e+03
  -4.4483200e+03
  -4.4006600e+03
  -4.3341100e+03
  -4.4154100e+03
  -4.4437400e+03
  -4.3920900e+03
  -4.3330400e+03
  -4.4317100e+03
  -4.4573900e+03
  -4.3927300e+03
  -4.3339300e+03
  -4.4391000e+03
  -4.4607200e+03
  -4.3917800e+03
  -4.3202300e+03
  -4.4172600e+03
  -4.4411500e+03
  -4.3939700e+03
  -4.3165700e+03
  -4.4315700e+03
  -4.4595900e+03
  -4.4070500e+03
  -4.3391100e+03
  -4.4320600e+03
  -4.4553400e+03
  -4.3987000e+03
  -4.3140000e+03
  -4.4230400e+03
  -4.4497600e+03
  -4.3984600e+03
  -4.3213800e+03
  -4.4411800e+03
  -4.4545200e+03
  -4.4077000e+03
  -4.3330300e+03
  -4.4335200e+03
  -4.4437900e+03
  -4.3952100e+03
  -4.3257100e+03
  -4.4347700e+03
  -4.4550000e+03
  -4.4023500e+03
  -4.3261100e+03
  -4.4391300e+03
  -4.4399800e+03
  -4.3978100e+03
  -4.3286200e+03
  -4.4267900e+03
  -4.4487000e+03
  -4.4014800e+03
  -4.3354100e+03
  -4.4315000e+03
  -4.4571100e+03
  -4.3961600e+03
  -4.3309800e+03
  -4.4290600e+03
  -4.4543000e+03
  -4.3954700e+03
  -4.3167100e+03
  -4.4416600e+03
  -4.4545500e+03
  -4.3929800e+03
  -4.3220300e+03
  -4.4260500e+03
  -4.4493900e+03
  -4.4019700e+03
  -4.3165300e+03
  -4.4302800e+03
  -4.4518900e+03
  -4.3981500e+03
  -4.3204200e+03
  -4.4260400e+03
  -4.4556900e+03
  -4.3897500e+03
  -4.3241900e+03
  -4.4335400e+03
  -4.4613300e+03
  -4.3971600e+03
  -4.3366000e+03
  -4.4366700e+03
  -4.4619600e+03
  -4.4131300e+03
  -4.3483000e+03
  -4.4557800e+03
  -4.4655400e+03
  -4.4082600e+03
  -4.3280100e+03
  -4.4235000e+03
  -4.4416600e+03
  -4.3996000e+03
  -4.3263900e+03
  -4.4319700e+03
  -4.4445200e+03
  -4.3926900e+03
  -4.3319700e+03
  -4.4324500e+03
  -4.4402100e+03
  -4.3758700e+03
  -4.3155600e+03
  -4.4298700e+03
  -4.4562000e+03
  -4.4379100e+03
  -4.3387000e+03
  -4.4032900e+03
  -4.4184500e+03
  -4.3725500e+03
  -4.2710500e+03
  -4.3676400e+03
  -4.3870900e+03
  -4.3476100e+03
  -4.2809000e+03
  -4.4077300e+03
  -4.4224500e+03
  -4.3776300e+03
  -4.2951800e+03
  -4.4116300e+03
  -4.4444300e+03
  -4.3752200e+03
  -4.3082200e+03
  -4.4143600e+03
  -4.4441900e+03
  -4.3877300e+03
  -4.3234600e+03
  -4.4353500e+03
  -4.4498800e+03
  -4.3934000e+03
  -4.3131600e+03
  -4.4315600e+03
  -4.4524400e+03
  -4.4043000e+03
  -4.3279900e+03
  -4.4383200e+03
  -4.4610600e+03
  -4.4030400e+03
  -4.3300700e+03
  -4.4497500e+03
  -4.4467600e+03
  -4.3996700e+03
  -4.3234200e+03
  -4.4362900e+03
  -4.4468900e+03
  -4.3885100e+03
  -4.3315000e+03
  -4.4470000e+03
  -4.4490800e+03
  -4.3955800e+03
  -4.3318500e+03
  -4.4262700e+03
  -4.4485200e+03
  -4.3930200e+03
  -4.3239900e+03
  -4.4372900e+03
  -4.4414300e+03
  -4.3876800e+03
  -4.3161100e+03
  -4.4404700e+03
  -4.4544500e+03
  -4.3914600e+03
  -4.3316000e+03
  -4.4510600e+03
  -4.4531400e+03
  -4.4121900e+03
  -4.3465200e+03
  -4.4352800e+03
  -4.4497100e+03
  -4.3965900e+03
  -4.3291400e+03
  -4.4369400e+03
  -4.4402600e+03
  -4.4024700e+03
  -4.3276400e+03
  -4.4417400e+03
  -4.4518200e+03
  -4.3936600e+03
  -4.3357500e+03
  -4.4334300e+03
  -4.4405600e+03
  -4.3829900e+03
  -4.3192900e+03
  -4.4306600e+03
  -4.4434900e+03
  -4.3919300e+03
  -4.3314000e+03
  -4.4347700e+03
  -4.4459400e+03
  -4.3947100e+03
  -4.3163500e+03
  -4.4277500e+03
  -4.4491800e+03
  -4.3964200e+03
  -4.3251100e+03
  -4.4381000e+03
  -4.4543400e+03
  -4.4010300e+03
  -4.3396400e+03
  -4.4332400e+03
  -4.4497500e+03
  -4.4164000e+03
  -4.3203400e+03
  -4.4194700e+03
  -4.4420600e+03
  -4.3856600e+03
  -4.3203900e+03
  -4.4247200e+03
  -4.4493300e+03
  -4.3881300e+03
  -4.3187500e+03
  -4.4365000e+03
  -4.4457800e+03
  -4.3914600e+03
  -4.3186900e+03
  -4.4370500e+03
  -4.4347600e+03
  -4.3856200e+03
  -4.3252400e+03
  -4.4302300e+03
  -4.4421700e+03
  -4.3980500e+03
  -4.3159800e+03
  -4.4457100e+03
  -4.4545100e+03
  -4.4010200e+03
  -4.3233600e+03
  -4.4513200e+03
  -4.4673900e+03
  -4.4002000e+03
  -4.3296300e+03
  -4.4438800e+03
  -4.4617000e+03
  -4.4034000e+03
  -4.3282000e+03
  -4.4478100e+03
  -4.4622900e+03
  -4.3913500e+03
  -4.3221800e+03
  -4.4396700e+03
  -4.4434000e+03
  -4.4091300e+03
  -4.3278600e+03
  -4.4455000e+03
  -4.4485500e+03
  -4.3984300e+03
  -4.3280200e+03
  -4.4433600e+03
  -4.4496300e+03
  -4.3944900e+03
  -4.3327000e+03
  -4.4463800e+03
  -4.4603200e+03
  -4.3942700e+03
  -4.3313900e+03
  -4.4492500e+03
  -4.4565200e+03
  -4.4011600e+03
  -4.3239200e+03
  -4.4376100e+03
  -4.4526700e+03
  -4.3926400e+03
  -4.3212400e+03
  -4.4377000e+03
  -4.4335400e+03
  -4.3928600e+03
  -4.3212500e+03
  -4.4444900e+03
  -4.4481700e+03
  -4.4000600e+03
  -4.3320300e+03
  -4.4582400e+03
  -4.4465000e+03
  -4.3942300e+03
  -4.3341700e+03
  -4.4415600e+03
  -4.4373900e+03
  -4.3935600e+03
  -4.3363800e+03
  -4.4574900e+03
  -4.4446300e+03
  -4.3965100e+03
  -4.3292300e+03
  -4.4354700e+03
  -4.4534200e+03
  -4.3976200e+03
  -4.3362300e+03
  -4.4489600e+03
  -4.4546700e+03
  -4.3918400e+03
  -4.3186300e+03
  -4.4338800e+03
  -4.4643000e+03
  -4.3978800e+03
  -4.3271900e+03
  -4.4430700e+03
  -4.4433400e+03
  -4.4007200e+03
  -4.3234800e+03
  -4.4427600e+03
  -4.4418300e+03
  -4.3978300e+03
  -4.3357700e+03
  -4.4361300e+03
  -4.4319100e+03
  -4.3894700e+03
  -4.3347700e+03
  -4.4493100e+03
  -4.4580200e+03
  -4.3885000e+03
  -4.3238100e+03
  -4.4368400e+03
  -4.4470400e+03
  -4.3881000e+03
  -4.3274000e+03
  -4.4608100e+03
  -4.4630000e+03
  -4.3958500e+03
  -4.3209900e+03
  -4.4352900e+03
  -4.4426700e+03
  -4.3913700e+03
  -4.3167300e+03
  -4.4404400e+03
  -4.4473200e+03
  -4.3810000e+03
  -4.3223300e+03
  -4.4374900e+03
  -4.4395200e+03
  -4.4023600e+03
  -4.3297200e+03
  -4.4414100e+03
  -4.4486100e+03
  -4.3886000e+03
  -4.3206800e+03
  -4.4412400e+03
  -4.4542600e+03
  -4.3977900e+03
  -4.3242400e+03
  -4.4502800e+03
  -4.4521000e+03
  -4.3807500e+03
  -4.3242800e+03
  -4.4456400e+03
  -4.4338600e+03
  -4.3815000e+03
  -4.3163100e+03
  -4.4387500e+03
  -4.4467000e+03
  -4.3959900e+03
  -4.3243500e+03
  -4.4312900e+03
  -4.4347900e+03
  -4.3918800e+03
  -4.3187400e+03
  -4.4523600e+03
  -4.4483900e+03
  -4.3974000e+03
  -4.3359800e+03
  -4.4451800e+03
  -4.4476200e+03
  -4.3989100e+03
  -4.3411500e+03
  -4.4591200e+03
  -4.4508600e+03
  -4.4016500e+03
  -4.3219300e+03
  -4.4367200e+03
  -4.4477300e+03
  -4.3904400e+03
  -4.3299600e+03
  -4.4433500e+03
  -4.4554100e+03
  -4.3984300e+03
  -4.3352800e+03
  -4.4463500e+03
  -4.4487700e+03
  -4.4074000e+03
  -4.3225500e+03
  -4.4387700e+03
  -4.4421700e+03
  -4.3894200e+03
  -4.3268400e+03
  -4.4464700e+03
  -4.4362200e+03
  -4.3774700e+03
  -4.3310200e+03
  -4.4345200e+03
  -4.4436500e+03
  -4.3959200e+03
  -4.3295900e+03
  -4.4520300e+03
  -4.4490400e+03
  -4.3869800e+03
  -4.3244300e+03
  -4.4516000e+03
  -4.4480200e+03
  -4.3973800e+03
  -4.3303900e+03
  -4.4461000e+03
  -4.4489400e+03
  -4.3961100e+03
  -4.3370800e+03
  -4.4500900e+03
  -4.4491800e+03
  -4.4044700e+03
  -4.3240700e+03
  -4.4391500e+03
  -4.4428800e+03
  -4.3990400e+03
  -4.3369100e+03
  -4.4579500e+03
  -4.4416100e+03
  -4.3886300e+03
  -4.3334300e+03
  -4.4502700e+03
  -4.4553800e+03
  -4.3966100e+03
  -4.3224600e+03
  -4.4473900e+03
  -4.4594500e+03
  -4.4046700e+03
  -4.3313700e+03
  -4.4570400e+03
  -4.4486900e+03
  -4.3964000e+03
  -4.3217400e+03
  -4.4418300e+03
  -4.4326500e+03
  -4.3850900e+03
  -4.3181000e+03
  -4.4445900e+03
  -4.4388100e+03
  -4.3836500e+03
  -4.3183300e+03
  -4.4425000e+03
  -4.4390100e+03
  -4.3798900e+03
  -4.3258500e+03
  -4.4417600e+03
  -4.4626500e+03
  -4.4239500e+03
  -4.3319400e+03
  -4.4378500e+03
  -4.4489200e+03
  -4.3947100e+03
  -4.3087200e+03
  -4.4302100e+03
  -4.4342900e+03
  -4.3925100e+03
  -4.3369400e+03
  -4.4626700e+03
  -4.4546600e+03
  -4.3945500e+03
  -4.3315900e+03
  -4.4534800e+03
  -4.4531900e+03
  -4.3893500e+03
  -4.3215100e+03
  -4.4449000e+03
  -4.4486500e+03
  -4.3921100e+03
  -4.3248700e+03
  -4.4483600e+03
  -4.4371600e+03
  -4.3882000e+03
  -4.3241500e+03
  -4.4514800e+03
  -4.4489400e+03
  -4.3959800e+03
  -4.3198300e+03
  -4.4417200e+03
  -4.4455700e+03
  -4.3791900e+03
  -4.3171600e+03
  -4.4421000e+03
  -4.4346600e+03
  -4.3847000e+03
  -4.3202600e+03
  -4.4400400e+03
  -4.4529100e+03
  -4.3864300e+03
  -4.3151300e+03
  -4.4388000e+03
  -4.4452400e+03
  -4.3842700e+03
  -4.3286900e+03
  -4.4588600e+03
  -4.4454900e+03
  -4.3784400e+03
  -4.3222800e+03
  -4.4470700e+03
  -4.4471200e+03
  -4.3969700e+03
  -4.3264000e+03
  -4.4538500e+03
  -4.4390400e+03
  -4.3902500e+03
  -4.3245500e+03
  -4.4523800e+03
  -4.4327300e+03
  -4.3765500e+03
  -4.3008500e+03
  -4.4372700e+03
  -4.4432200e+03
  -4.3950500e+03
  -4.3292400e+03
  -4.4577600e+03
  -4.4502600e+03
  -4.3961400e+03
  -4.3353700e+03
  -4.4493000e+03
  -4.4624700e+03
  -4.4106600e+03
  -4.3287600e+03
  -4.4464600e+03
  -4.4350600e+03
  -4.3953600e+03
  -4.3316500e+03
  -4.4562600e+03
  -4.4429300e+03
  -4.3892700e+03
  -4.3317500e+03
  -4.4535300e+03
  -4.4435200e+03
  -4.4005200e+03
  -4.3218800e+03
  -4.4460800e+03
  -4.4487500e+03
  -4.3934600e+03
  -4.3267000e+03
  -4.4614300e+03
  -4.4527700e+03
  -4.4019700e+03
  -4.3279300e+03
  -4.4529900e+03
  -4.4485300e+03
  -4.3897500e+03
  -4.3231400e+03
  -4.4434000e+03
  -4.4488100e+03
  -4.3944800e+03
  -4.3282300e+03
  -4.4571000e+03
  -4.4470900e+03
  -4.3987000e+03
  -4.3417700e+03
  -4.4342100e+03
  -4.4379900e+03
  -4.3772400e+03
  -4.3216100e+03
  -4.4456600e+03
  -4.4504300e+03
  -4.3994000e+03
  -4.3274800e+03
  -4.4530100e+03
  -4.4460500e+03
  -4.3947300e+03
  -4.3233100e+03
  -4.4522900e+03
  -4.4476800e+03
  -4.3963000e+03
  -4.3238200e+03
  -4.4506000e+03
  -4.4473800e+03
  -4.3878600e+03
  -4.3386500e+03
  -4.4505500e+03
  -4.4561100e+03
  -4.3960100e+03
  -4.3152600e+03
  -4.4488500e+03
  -4.4498500e+03
  -4.3974800e+03
  -4.3365100e+03
  -4.4614300e+03
  -4.4401500e+03
  -4.3962800e+03
  -4.3300000e+03
  -4.4565200e+03
  -4.4440600e+03
  -4.3989800e+03
  -4.3171800e+03
  -4.4369000e+03
  -4.4469300e+03
  -4.3941000e+03
  -4.3284400e+03
  -4.4538600e+03
  -4.4410300e+03
  -4.3844900e+03
  -4.3332400e+03
  -4.4552400e+03
  -4.4405800e+03
  -4.3965900e+03
  -4.3272900e+03
  -4.4486200e+03
  -4.4395400e+03
  -4.3834200e+03
  -4.3080700e+03
  -4.4470100e+03
  -4.4425100e+03
  -4.3918200e+03
  -4.3216300e+03
  -4.4319700e+03
  -4.4350600e+03
  -4.3889100e+03
  -4.3170900e+03
  -4.4539600e+03
  -4.4373200e+03
  -4.3948200e+03
  -4.3206600e+03
  -4.4349300e+03
  -4.4316000e+03
  -4.3445900e+03
  -4.2411300e+03
  -4.3437900e+03
  -4.3151700e+03
  -4.2258200e+03
  -4.1518600e+03
  -4.2755200e+03
  -4.2715900e+03
  -4.2191700e+03
  -4.1471900e+03
  -4.2959300e+03
  -4.2925000e+03
  -4.2671900e+03
  -4.2120500e+03
  -4.3632200e+03
  -4.3629300e+03
  -4.3201400e+03
  -4.2698800e+03
  -4.4235800e+03
  -4.4102800e+03
  -4.3797800e+03
  -4.3160300e+03
  -4.4550900e+03
  -4.4589500e+03
  -4.4275000e+03
  -4.3732500e+03
  -4.5033200e+03
  -4.4827200e+03
  -4.4474500e+03
  -4.3814800e+03
  -4.5086500e+03
  -4.5014800e+03
  -4.4548100e+03
  -4.3803000e+03
  -4.5152600e+03
  -4.4871100e+03
  -4.4409900e+03
  -4.3842400e+03
  -4.5149600e+03
  -4.4920500e+03
  -4.4473900e+03
  -4.3682500e+03
  -4.5152200e+03
  -4.4872900e+03
  -4.4530500e+03
  -4.3835500e+03
  -4.5133300e+03
  -4.4889100e+03
  -4.4282200e+03
  -4.3638600e+03
  -4.4923300e+03
  -4.4833200e+03
  -4.4340300e+03
  -4.3699900e+03
  -4.4905600e+03
  -4.4778300e+03
  -4.4163500e+03
  -4.3480000e+03
  -4.4958900e+03
  -4.4695800e+03
  -4.4265400e+03
  -4.3646700e+03
  -4.4845700e+03
  -4.4643800e+03
  -4.4228800e+03
  -4.3580700e+03
  -4.4895500e+03
  -4.4652400e+03
  -4.4103700e+03
  -4.3460400e+03
  -4.4713400e+03
  -4.4681100e+03
  -4.4087900e+03
  -4.3440300e+03
  -4.4645200e+03
  -4.4408800e+03
  -4.3929500e+03
  -4.3391300e+03
  -4.4829700e+03
  -4.4556000e+03
  -4.4026800e+03
  -4.3246100e+03
  -4.4569900e+03
  -4.4378600e+03
  -4.4129700e+03
  -4.3874400e+03
  -4.4715200e+03
  -4.4447200e+03
  -4.4151400e+03
  -4.3445200e+03
  -4.4666800e+03
  -4.4777000e+03
  -4.4350600e+03
  -4.3740200e+03
  -4.4834400e+03
  -4.4770200e+03
  -4.4226500e+03
  -4.3499400e+03
  -4.4870500e+03
  -4.4771100e+03
  -4.4167000e+03
  -4.3473300e+03
  -4.4782800e+03
  -4.4490600e+03
  -4.4131000e+03
  -4.3490600e+03
  -4.4949300e+03
  -4.4714900e+03
  -4.4063100e+03
  -4.3353500e+03
  -4.4638200e+03
  -4.4297000e+03
  -4.3981900e+03
  -4.3503800e+03
  -4.4837900e+03
  -4.4598000e+03
  -4.3997900e+03
  -4.3349700e+03
  -4.4679600e+03
  -4.4363900e+03
  -4.4011100e+03
  -4.3392500e+03
  -4.4624300e+03
  -4.4315400e+03
  -4.3843900e+03
  -4.3198600e+03
  -4.4590600e+03
  -4.4352500e+03
  -4.3952500e+03
  -4.3362700e+03
  -4.4727900e+03
  -4.4383300e+03
  -4.3988200e+03
  -4.3461100e+03
  -4.4695800e+03
  -4.4423600e+03
  -4.3912200e+03
  -4.3258400e+03
  -4.4559000e+03
  -4.4328300e+03
  -4.3876500e+03
  -4.3339500e+03
  -4.4588100e+03
  -4.4240200e+03
  -4.3644200e+03
  -4.3227600e+03
  -4.4657600e+03
  -4.4428700e+03
  -4.4020000e+03
  -4.3242000e+03
  -4.4520400e+03
  -4.4277600e+03
  -4.3768200e+03
  -4.3222000e+03
  -4.4508200e+03
  -4.4274000e+03
  -4.3773300e+03
  -4.3177800e+03
  -4.4569400e+03
  -4.4331800e+03
  -4.3885900e+03
  -4.3263400e+03
  -4.4664000e+03
  -4.4458400e+03
  -4.3923600e+03
  -4.3233200e+03
  -4.4590600e+03
  -4.4416200e+03
  -4.3947900e+03
  -4.3355600e+03
  -4.4625900e+03
  -4.4250000e+03
  -4.3858700e+03
  -4.3255800e+03
  -4.4575200e+03
  -4.4330200e+03
  -4.3891900e+03
  -4.3279600e+03
  -4.4553400e+03
  -4.4284500e+03
  -4.3936900e+03
  -4.3339500e+03
  -4.4708400e+03
  -4.4338200e+03
  -4.3841500e+03
  -4.3192300e+03
  -4.4430700e+03
  -4.4347600e+03
  -4.3985100e+03
  -4.3395900e+03
  -4.4867200e+03
  -4.4503300e+03
  -4.4162500e+03
  -4.3630000e+03
  -4.4516600e+03
  -4.4166700e+03
  -4.3696000e+03
  -4.3347400e+03
  -4.4501500e+03
  -4.4076600e+03
  -4.3628100e+03
  -4.3122900e+03
  -4.4692400e+03
  -4.4533200e+03
  -4.3923500e+03
  -4.3288700e+03
  -4.4625400e+03
  -4.4244200e+03
  -4.4048900e+03
  -4.3523200e+03
  -4.4856800e+03
  -4.4492100e+03
  -4.4042900e+03
  -4.3373500e+03
  -4.4602300e+03
  -4.4212000e+03
  -4.3877300e+03
  -4.3421300e+03
  -4.4681400e+03
  -4.4502700e+03
  -4.3949800e+03
  -4.3283300e+03
  -4.4787400e+03
  -4.4503900e+03
  -4.3963500e+03
  -4.3465000e+03
  -4.4571500e+03
  -4.4367700e+03
  -4.3798500e+03
  -4.3188100e+03
  -4.4639900e+03
  -4.4418800e+03
  -4.3788800e+03
  -4.3179600e+03
  -4.4607500e+03
  -4.4344400e+03
  -4.3771100e+03
  -4.3263100e+03
  -4.4677300e+03
  -4.4316300e+03
  -4.3827100e+03
  -4.3514200e+03
  -4.4728400e+03
  -4.4295100e+03
  -4.3769900e+03
  -4.3249600e+03
  -4.4641700e+03
  -4.4289000e+03
  -4.3843900e+03
  -4.3345100e+03
  -4.4818300e+03
  -4.4482900e+03
  -4.3675000e+03
  -4.3434700e+03
  -4.4586600e+03
  -4.4435600e+03
  -4.3668800e+03
  -4.3431400e+03
  -4.4561500e+03
  -4.4168600e+03
  -4.4081800e+03
  -4.3229300e+03
  -4.4470200e+03
  -4.4339800e+03
  -4.3982600e+03
  -4.3190100e+03
  -4.4831100e+03
  -4.4383600e+03
  -4.4227100e+03
  -4.3400100e+03
  -4.4667100e+03
  -4.4543100e+03
  -4.3903500e+03
  -4.3345800e+03
  -4.4817700e+03
  -4.4281500e+03
  -4.3903300e+03
  -4.3361600e+03
  -4.4803100e+03
  -4.4265100e+03
  -4.3778400e+03
  -4.3329300e+03
  -4.4561000e+03
  -4.4478400e+03
  -4.3952600e+03
  -4.3417100e+03
  -4.4762400e+03
  -4.4309500e+03
  -4.3823500e+03
  -4.3175300e+03
  -4.4731200e+03
  -4.4462700e+03
  -4.3999600e+03
  -4.3289700e+03
  -4.4483700e+03
  -4.4052900e+03
  -4.3838900e+03
  -4.3250400e+03
  -4.4690400e+03
  -4.4282100e+03
  -4.3845900e+03
  -4.3111700e+03
  -4.4607700e+03
  -4.4215500e+03
  -4.3857700e+03
  -4.3221800e+03
  -4.4617000e+03
  -4.4264900e+03
  -4.3822500e+03
  -4.3145200e+03
  -4.4522300e+03
  -4.4284700e+03
  -4.4011200e+03
  -4.3461300e+03
  -4.4783400e+03
  -4.4175200e+03
  -4.3612200e+03
  -4.3149500e+03
  -4.4523900e+03
  -4.4395300e+03
  -4.4023100e+03
  -4.3390600e+03
  -4.4701400e+03
  -4.4136400e+03
  -4.3755500e+03
  -4.3176900e+03
  -4.4672600e+03
  -4.4297200e+03
  -4.3829500e+03
  -4.3316000e+03
  -4.4644600e+03
  -4.4223600e+03
  -4.3907000e+03
  -4.3493000e+03
  -4.4940400e+03
  -4.4558500e+03
  -4.3915900e+03
  -4.3202100e+03
  -4.4438600e+03
  -4.4147100e+03
  -4.3624400e+03
  -4.3262000e+03
  -4.4737100e+03
  -4.4334400e+03
  -4.3772100e+03
  -4.3083500e+03
  -4.4499900e+03
  -4.4303000e+03
  -4.3862800e+03
  -4.3391700e+03
  -4.4718300e+03
  -4.4158200e+03
  -4.3619700e+03
  -4.3172000e+03
  -4.4606200e+03
  -4.4220900e+03
  -4.3918100e+03
  -4.3315500e+03
  -4.4527100e+03
  -4.4212300e+03
  -4.3817200e+03
  -4.3458300e+03
  -4.4783200e+03
  -4.4410500e+03
  -4.3922400e+03
  -4.3208100e+03
  -4.4604000e+03
  -4.4146000e+03
  -4.3843800e+03
  -4.3355800e+03
  -4.4732300e+03
  -4.4189900e+03
  -4.3875000e+03
  -4.3410000e+03
  -4.4664900e+03
  -4.4357900e+03
  -4.4022700e+03
  -4.3738300e+03
  -4.4764800e+03
  -4.4225500e+03
  -4.3950200e+03
  -4.3396900e+03
  -4.4781000e+03
  -4.4334200e+03
  -4.3920100e+03
  -4.3379900e+03
  -4.4696900e+03
  -4.4277500e+03
  -4.4020600e+03
  -4.3490100e+03
  -4.4737400e+03
  -4.4295200e+03
  -4.3951400e+03
  -4.3268200e+03
  -4.4806000e+03
  -4.4394700e+03
  -4.4004400e+03
  -4.3465600e+03
  -4.4750300e+03
  -4.4356100e+03
  -4.3731100e+03
  -4.3404100e+03
  -4.4758300e+03
  -4.4389600e+03
  -4.3736400e+03
  -4.3214400e+03
  -4.4626500e+03
  -4.4186000e+03
  -4.3818200e+03
  -4.3350100e+03
  -4.4712400e+03
  -4.4256100e+03
  -4.3869000e+03
  -4.3409200e+03
  -4.4703600e+03
  -4.4338800e+03
  -4.4072600e+03
  -4.3510800e+03
  -4.4751600e+03
  -4.4170200e+03
  -4.3698500e+03
  -4.3393100e+03
  -4.4746600e+03
  -4.4273000e+03
  -4.3841400e+03
  -4.3320500e+03
  -4.4649300e+03
  -4.4294000e+03
  -4.3873400e+03
  -4.3443700e+03
  -4.4767800e+03
  -4.4369900e+03
  -4.3865400e+03
  -4.3426400e+03
  -4.4641000e+03
  -4.4252300e+03
  -4.3876900e+03
  -4.3358000e+03
  -4.4807800e+03
  -4.4223800e+03
  -4.3813700e+03
  -4.3352000e+03
  -4.4746900e+03
  -4.4317000e+03
  -4.3834000e+03
  -4.3334100e+03
  -4.4712100e+03
  -4.4245100e+03
  -4.3705300e+03
  -4.3324500e+03
  -4.4673000e+03
  -4.4349000e+03
  -4.3849300e+03
  -4.3389600e+03
  -4.4625500e+03
  -4.4284800e+03
  -4.3750100e+03
  -4.3296900e+03
  -4.4734600e+03
  -4.4343500e+03
  -4.3853800e+03
  -4.3264800e+03
  -4.4680100e+03
  -4.4353200e+03
  -4.3976300e+03
  -4.3442200e+03
  -4.4791600e+03
  -4.4336400e+03
  -4.3742100e+03
  -4.3467500e+03
  -4.4833600e+03
  -4.4351800e+03
  -4.3850900e+03
  -4.3323400e+03
  -4.4653000e+03
  -4.4121200e+03
  -4.3754200e+03
  -4.3462800e+03
  -4.4662300e+03
  -4.4182700e+03
  -4.3675600e+03
  -4.3314000e+03
  -4.4789700e+03
  -4.4212700e+03
  -4.3780900e+03
  -4.3366000e+03
  -4.4577000e+03
  -4.4365400e+03
  -4.3864000e+03
  -4.3449600e+03
  -4.4725600e+03
  -4.4238500e+03
  -4.3870200e+03
  -4.3556300e+03
  -4.4835300e+03
  -4.4243500e+03
  -4.3868900e+03
  -4.3408500e+03
  -4.4794000e+03
  -4.4220400e+03
  -4.3775400e+03
  -4.3384600e+03
  -4.4717500e+03
  -4.4258500e+03
  -4.3682100e+03
  -4.3225100e+03
  -4.4550400e+03
  -4.4163400e+03
  -4.3750700e+03
  -4.3440200e+03
  -4.4774100e+03
  -4.4324400e+03
  -4.3958700e+03
  -4.3588400e+03
  -4.4850200e+03
  -4.4417300e+03
  -4.3760000e+03
  -4.3420600e+03
  -4.4789700e+03
  -4.4334700e+03
  -4.3834000e+03
  -4.3334200e+03
  -4.4786100e+03
  -4.4346300e+03
  -4.3851100e+03
  -4.3556900e+03
  -4.4876800e+03
  -4.4232900e+03
  -4.3815200e+03
  -4.3483000e+03
  -4.4823600e+03
  -4.4292400e+03
  -4.3990900e+03
  -4.3583900e+03
  -4.4714600e+03
  -4.4308900e+03
  -4.3711600e+03
  -4.3290800e+03
  -4.4740000e+03
  -4.4292100e+03
  -4.3788100e+03
  -4.3528600e+03
  -4.4678900e+03
  -4.4319800e+03
  -4.3833700e+03
  -4.3362100e+03
  -4.4665900e+03
  -4.4238500e+03
  -4.3790800e+03
  -4.3473800e+03
  -4.4725800e+03
  -4.4244500e+03
  -4.3823400e+03
  -4.3399600e+03
  -4.4759000e+03
  -4.4133000e+03
  -4.3861100e+03
  -4.3347700e+03
  -4.4725400e+03
  -4.4221100e+03
  -4.3776800e+03
  -4.3331200e+03
  -4.4673400e+03
  -4.4374000e+03
  -4.3860700e+03
  -4.3520200e+03
  -4.4793800e+03
  -4.4240400e+03
  -4.3829900e+03
  -4.3435500e+03
  -4.4738100e+03
  -4.4299500e+03
  -4.3840200e+03
  -4.3495500e+03
  -4.4602800e+03
  -4.4117900e+03
  -4.3653300e+03
  -4.3368400e+03
  -4.4787500e+03
  -4.4395100e+03
  -4.3880400e+03
  -4.3448100e+03
  -4.4647200e+03
  -4.4198500e+03
  -4.3808600e+03
  -4.3496500e+03
  -4.4894100e+03
  -4.4282200e+03
  -4.3861400e+03
  -4.3433100e+03
  -4.4816600e+03
  -4.4369900e+03
  -4.3830400e+03
  -4.3525500e+03
  -4.4895100e+03
  -4.4273000e+03
  -4.3742700e+03
  -4.3419900e+03
  -4.4768600e+03
  -4.4215100e+03
  -4.3761100e+03
  -4.3542200e+03
  -4.4791800e+03
  -4.4290000e+03
  -4.3759400e+03
  -4.3432200e+03
  -4.4773500e+03
  -4.4301900e+03
  -4.3739300e+03
  -4.3328200e+03
  -4.4767900e+03
  -4.4302100e+03
  -4.3862500e+03
  -4.3494700e+03
  -4.4804500e+03
  -4.4315600e+03
  -4.3737800e+03
  -4.3377000e+03
  -4.4722800e+03
  -4.4287700e+03
  -4.3807400e+03
  -4.3444600e+03
  -4.4635400e+03
  -4.4105000e+03
  -4.3642300e+03
  -4.3387000e+03
  -4.4800700e+03
  -4.4274300e+03
  -4.3753100e+03
  -4.3495200e+03
  -4.4746300e+03
  -4.4250700e+03
  -4.3891000e+03
  -4.3630700e+03
  -4.4867600e+03
  -4.4233500e+03
  -4.3641100e+03
  -4.3381100e+03
  -4.4827100e+03
  -4.4297800e+03
  -4.3710200e+03
  -4.3480000e+03
  -4.4954400e+03
  -4.4251400e+03
  -4.3693000e+03
  -4.3486200e+03
  -4.5019700e+03
  -4.4404100e+03
  -4.3853600e+03
  -4.3649200e+03
  -4.4847500e+03
  -4.4213500e+03
  -4.3711200e+03
  -4.3505000e+03
  -4.4808300e+03
  -4.4471700e+03
  -4.3912500e+03
  -4.3557100e+03
  -4.4752800e+03
  -4.4239000e+03
  -4.3654400e+03
  -4.3577700e+03
  -4.4872900e+03
  -4.4273000e+03
  -4.3876300e+03
  -4.3569700e+03
  -4.4813900e+03
  -4.4228300e+03
  -4.3712900e+03
  -4.3475800e+03
  -4.4826800e+03
  -4.4209800e+03
  -4.3658200e+03
  -4.3489100e+03
  -4.4891700e+03
  -4.4291200e+03
  -4.3843700e+03
  -4.3526300e+03
  -4.4711200e+03
  -4.4194000e+03
  -4.3609700e+03
  -4.3517900e+03
  -4.4885000e+03
  -4.4376000e+03
  -4.3744900e+03
  -4.3366900e+03
  -4.4794400e+03
  -4.4143600e+03
  -4.3740300e+03
  -4.3334900e+03
  -4.4884800e+03
  -4.4335000e+03
  -4.3816100e+03
  -4.3514200e+03
  -4.4897900e+03
  -4.4220800e+03
  -4.3650900e+03
  -4.3343500e+03
  -4.4592500e+03
  -4.4257400e+03
  -4.3818000e+03
  -4.3526700e+03
  -4.4788600e+03
  -4.4193100e+03
  -4.3751200e+03
  -4.3583000e+03
  -4.4811200e+03
  -4.4244400e+03
  -4.3814200e+03
  -4.3445600e+03
  -4.4807800e+03
  -4.4245300e+03
  -4.3813100e+03
  -4.3515200e+03
  -4.4814400e+03
  -4.4160700e+03
  -4.3645500e+03
  -4.3443900e+03
  -4.4793200e+03
  -4.4168400e+03
  -4.3757700e+03
  -4.3609700e+03
  -4.4758100e+03
  -4.4180000e+03
  -4.3698900e+03
  -4.3539500e+03
  -4.4812900e+03
  -4.4232500e+03
  -4.3576800e+03
  -4.3587300e+03
  -4.4677200e+03
  -4.4103500e+03
  -4.3593600e+03
  -4.3421800e+03
  -4.4750300e+03
  -4.4185800e+03
  -4.3728600e+03
  -4.3485700e+03
  -4.4785000e+03
  -4.4115300e+03
  -4.3801900e+03
  -4.3622700e+03
  -4.4850800e+03
  -4.4174400e+03
  -4.3717000e+03
  -4.3449500e+03
  -4.4713500e+03
  -4.4129000e+03
  -4.3723400e+03
  -4.3504600e+03
  -4.4787800e+03
  -4.4269500e+03
  -4.3679200e+03
  -4.3532500e+03
  -4.4815300e+03
  -4.4142900e+03
  -4.3766800e+03
  -4.3512600e+03
  -4.4779600e+03
  -4.4209700e+03
  -4.3655700e+03
  -4.3434500e+03
  -4.4706900e+03
  -4.4147900e+03
  -4.3600400e+03
  -4.3421800e+03
  -4.4957600e+03
  -4.4279200e+03
  -4.3701100e+03
  -4.3610200e+03
  -4.4940300e+03
  -4.4323400e+03
  -4.3808700e+03
  -4.3675600e+03
  -4.4880600e+03
  -4.4320600e+03
  -4.3671200e+03
  -4.3447900e+03
  -4.4761900e+03
  -4.4105800e+03
  -4.3692900e+03
  -4.3468700e+03
  -4.4889400e+03
  -4.4222600e+03
  -4.3649500e+03
  -4.3548900e+03
  -4.4843000e+03
  -4.4223900e+03
  -4.3724600e+03
  -4.3625000e+03
  -4.4942100e+03
  -4.4340100e+03
  -4.3736200e+03
  -4.3575600e+03
  -4.4724600e+03
  -4.4164600e+03
  -4.3765000e+03
  -4.3613000e+03
  -4.4855800e+03
  -4.4369100e+03
  -4.3719400e+03
  -4.3542500e+03
  -4.4739400e+03
  -4.4036900e+03
  -4.3601900e+03
  -4.3503300e+03
  -4.4806300e+03
  -4.4036300e+03
  -4.3650700e+03
  -4.3451700e+03
  -4.4770000e+03
  -4.4260300e+03
  -4.3721000e+03
  -4.3620700e+03
  -4.4839300e+03
  -4.4221800e+03
  -4.3649000e+03
  -4.3580000e+03
  -4.4904400e+03
  -4.4323900e+03
  -4.3691600e+03
  -4.3637600e+03
  -4.4901400e+03
  -4.4160600e+03
  -4.3676000e+03
  -4.3465900e+03
  -4.4837400e+03
  -4.4244000e+03
  -4.3814300e+03
  -4.3676000e+03
  -4.4852900e+03
  -4.4289400e+03
  -4.3812800e+03
  -4.3692900e+03
  -4.4917100e+03
  -4.4290700e+03
  -4.3701800e+03
  -4.3948200e+03
  -4.4946700e+03
  -4.3852200e+03
  -4.3635700e+03
  -4.3399100e+03
  -4.4502000e+03
  -4.3916700e+03
  -4.3164200e+03
  -4.3148600e+03
  -4.4398600e+03
  -4.3995900e+03
  -4.3507700e+03
  -4.3496600e+03
  -4.4739700e+03
  -4.4147000e+03
  -4.3679800e+03
  -4.3635400e+03
  -4.5048900e+03
  -4.4295300e+03
  -4.3893300e+03
  -4.3744300e+03
  -4.4874800e+03
  -4.4250100e+03
  -4.3757900e+03
  -4.3772700e+03
  -4.5020700e+03
  -4.4071300e+03
  -4.3686800e+03
  -4.3583100e+03
  -4.4959400e+03
  -4.4261300e+03
  -4.3684900e+03
  -4.3642700e+03
  -4.4810600e+03
  -4.4229400e+03
  -4.3708500e+03
  -4.3655200e+03
  -4.4848900e+03
  -4.4275500e+03
  -4.3715700e+03
  -4.3693000e+03
  -4.4880400e+03
  -4.4142200e+03
  -4.3702300e+03
  -4.3610900e+03
  -4.4869500e+03
  -4.4261800e+03
  -4.3805800e+03
  -4.3648300e+03
  -4.4772300e+03
  -4.4152200e+03
  -4.3741200e+03
  -4.3581000e+03
  -4.4751700e+03
  -4.4157700e+03
  -4.3687300e+03
  -4.3648600e+03
  -4.4902000e+03
  -4.4139800e+03
  -4.3625500e+03
  -4.3569800e+03
  -4.4746300e+03
  -4.4159700e+03
  -4.3723400e+03
  -4.3616300e+03
  -4.4869800e+03
  -4.4168300e+03
  -4.3651200e+03
  -4.3600700e+03
  -4.4820000e+03
  -4.4170800e+03
  -4.3408800e+03
  -4.3605600e+03
  -4.4731500e+03
  -4.4146400e+03
  -4.3524100e+03
  -4.3632700e+03
  -4.4843300e+03
  -4.4195900e+03
  -4.3686100e+03
  -4.3645500e+03
  -4.4818000e+03
  -4.4226800e+03
  -4.3748400e+03
  -4.3723300e+03
  -4.5003600e+03
  -4.4269300e+03
  -4.3715100e+03
  -4.3740200e+03
  -4.4793300e+03
  -4.4084800e+03
  -4.3640800e+03
  -4.3751500e+03
  -4.4756500e+03
  -4.4187100e+03
  -4.3662900e+03
  -4.3495400e+03
  -4.4741200e+03
  -4.4192600e+03
  -4.3692400e+03
  -4.3747600e+03
  -4.4899100e+03
  -4.4019700e+03
  -4.3592600e+03
  -4.3610300e+03
  -4.4803100e+03
  -4.4331700e+03
  -4.3660300e+03
  -4.3646200e+03
  -4.4832000e+03
  -4.4118500e+03
  -4.3654900e+03
  -4.3669000e+03
  -4.4992500e+03
  -4.4144200e+03
  -4.3706600e+03
  -4.3673100e+03
  -4.4783500e+03
  -4.4057500e+03
  -4.3478300e+03
  -4.3494000e+03
  -4.4836200e+03
  -4.4133700e+03
  -4.3679000e+03
  -4.3737600e+03
  -4.4821100e+03
  -4.4246800e+03
  -4.3718200e+03
  -4.3692400e+03
  -4.4900300e+03
  -4.4144900e+03
  -4.3653100e+03
  -4.3679000e+03
  -4.4822200e+03
  -4.4104300e+03
  -4.3699900e+03
  -4.3758600e+03
  -4.4880200e+03
  -4.4128800e+03
  -4.3558500e+03
  -4.3667600e+03
  -4.4721800e+03
  -4.4022800e+03
  -4.3578100e+03
  -4.3717400e+03
  -4.4811100e+03
  -4.4245800e+03
  -4.3567900e+03
  -4.3702200e+03
  -4.4773700e+03
  -4.4175300e+03
  -4.3542400e+03
  -4.3809800e+03
  -4.4825400e+03
  -4.4151300e+03
  -4.3570200e+03
  -4.3762600e+03
  -4.4935000e+03
  -4.4324900e+03
  -4.3637200e+03
  -4.3626800e+03
  -4.4787700e+03
  -4.4025300e+03
  -4.3577400e+03
  -4.3652800e+03
  -4.4879400e+03
  -4.4227100e+03
  -4.3554600e+03
  -4.3654300e+03
  -4.4772600e+03
  -4.4053000e+03
  -4.3496600e+03
  -4.3695000e+03
  -4.4764100e+03
  -4.4114900e+03
  -4.3594200e+03
  -4.3717100e+03
  -4.4839800e+03
  -4.4159200e+03
  -4.3604400e+03
  -4.3746500e+03
  -4.4764600e+03
  -4.4030900e+03
  -4.3507700e+03
  -4.3825600e+03
  -4.4786600e+03
  -4.3889500e+03
  -4.3551500e+03
  -4.3684200e+03
  -4.4744200e+03
  -4.3973300e+03
  -4.3519900e+03
  -4.3675000e+03
  -4.4820500e+03
  -4.4101800e+03
  -4.3553100e+03
  -4.3721300e+03
  -4.4850900e+03
  -4.4257500e+03
  -4.3621500e+03
  -4.3648700e+03
  -4.4772700e+03
  -4.4024400e+03
  -4.3451100e+03
  -4.3653500e+03
  -4.4849300e+03
  -4.4093500e+03
  -4.3452800e+03
  -4.3713900e+03
  -4.4792300e+03
  -4.4037600e+03
  -4.3650500e+03
  -4.3602300e+03
  -4.4808100e+03
  -4.4219000e+03
  -4.3573900e+03
  -4.3736800e+03
  -4.4789900e+03
  -4.3995500e+03
  -4.3556600e+03
  -4.3678500e+03
  -4.4836000e+03
  -4.4195900e+03
  -4.3552800e+03
  -4.3779400e+03
  -4.4697800e+03
  -4.4016900e+03
  -4.3422300e+03
  -4.3622800e+03
  -4.4766700e+03
  -4.3961100e+03
  -4.3391800e+03
  -4.3639600e+03
  -4.4606900e+03
  -4.4061300e+03
  -4.3498700e+03
  -4.3739400e+03
  -4.4936500e+03
  -4.4257500e+03
  -4.3502400e+03
  -4.3605000e+03
  -4.4754400e+03
  -4.4044000e+03
  -4.3589200e+03
  -4.3740500e+03
  -4.4882900e+03
  -4.4155800e+03
  -4.3585000e+03
  -4.3783800e+03
  -4.4827900e+03
  -4.4228300e+03
  -4.3493500e+03
  -4.3795900e+03
  -4.4869500e+03
  -4.4087100e+03
  -4.3541200e+03
  -4.3828000e+03
  -4.4953200e+03
  -4.4352000e+03
  -4.3634400e+03
  -4.3893600e+03
  -4.4848800e+03
  -4.4086300e+03
  -4.3534100e+03
  -4.3817300e+03
  -4.4812800e+03
  -4.4057000e+03
  -4.3398900e+03
  -4.3794500e+03
  -4.4819000e+03
  -4.4069200e+03
  -4.3581900e+03
  -4.3777500e+03
  -4.4756900e+03
  -4.4069500e+03
  -4.3470700e+03
  -4.3783300e+03
  -4.4719100e+03
  -4.4129200e+03
  -4.3504000e+03
  -4.3725000e+03
  -4.4901400e+03
  -4.4091700e+03
  -4.3616300e+03
  -4.4045000e+03
  -4.4833700e+03
  -4.4297500e+03
  -4.3631500e+03
  -4.3791500e+03
  -4.4900200e+03
  -4.4107900e+03
  -4.3609800e+03
  -4.3904700e+03
  -4.4865200e+03
  -4.4033700e+03
  -4.3486800e+03
  -4.3667300e+03
  -4.4732900e+03
  -4.4169500e+03
  -4.3520600e+03
  -4.4032400e+03
  -4.5059200e+03
  -4.4267300e+03
  -4.3568800e+03
  -4.3725700e+03
  -4.4698800e+03
  -4.4040200e+03
  -4.3501700e+03
  -4.3830200e+03
  -4.4786800e+03
  -4.4148200e+03
  -4.3550700e+03
  -4.3786000e+03
  -4.4891900e+03
  -4.4148900e+03
  -4.3545800e+03
  -4.3854100e+03
  -4.4631500e+03
  -4.4099400e+03
  -4.3572200e+03
  -4.3785400e+03
  -4.4821400e+03
  -4.4078300e+03
  -4.3459500e+03
  -4.3824500e+03
  -4.4851000e+03
  -4.4054400e+03
  -4.3469900e+03
  -4.3779200e+03
  -4.4743700e+03
  -4.4065000e+03
  -4.3421000e+03
  -4.3873100e+03
  -4.4783100e+03
  -4.4011900e+03
  -4.3404300e+03
  -4.3831000e+03
  -4.4795700e+03
  -4.4160700e+03
  -4.3480500e+03
  -4.3882700e+03
  -4.4815500e+03
  -4.4107000e+03
  -4.3534100e+03
  -4.3892200e+03
  -4.4791600e+03
  -4.4216800e+03
  -4.3624900e+03
  -4.3841300e+03
  -4.4774000e+03
  -4.4089000e+03
  -4.3506000e+03
  -4.3929800e+03
  -4.4881400e+03
  -4.4102600e+03
  -4.3604700e+03
  -4.4069700e+03
  -4.4916600e+03
  -4.4050600e+03
  -4.3446300e+03
  -4.3962200e+03
  -4.4702400e+03
  -4.4096600e+03
  -4.3455600e+03
  -4.3955000e+03
  -4.4739000e+03
  -4.4205800e+03
  -4.3491400e+03
  -4.3945200e+03
  -4.4761100e+03
  -4.4201200e+03
  -4.3458000e+03
  -4.3794600e+03
  -4.4646200e+03
  -4.4070500e+03
  -4.3421000e+03
  -4.3852000e+03
  -4.4724200e+03
  -4.4070500e+03
  -4.3562200e+03
  -4.3891700e+03
  -4.4854400e+03
  -4.4055500e+03
  -4.3435100e+03
  -4.3823900e+03
  -4.4846400e+03
  -4.4098800e+03
  -4.3380700e+03
  -4.3942000e+03
  -4.4782100e+03
  -4.4070000e+03
  -4.3435900e+03
  -4.4044400e+03
  -4.4764300e+03
  -4.4103100e+03
  -4.3668600e+03
  -4.3995300e+03
  -4.4831400e+03
  -4.4131600e+03
  -4.3552800e+03
  -4.3883100e+03
  -4.4766800e+03
  -4.4023800e+03
  -4.3330500e+03
  -4.3790300e+03
  -4.4551900e+03
  -4.4008500e+03
  -4.3480900e+03
  -4.4088100e+03
  -4.4823500e+03
  -4.4039600e+03
  -4.3436700e+03
  -4.3903800e+03
  -4.4667000e+03
  -4.3993700e+03
  -4.3490400e+03
  -4.3943800e+03
  -4.4785100e+03
  -4.4090600e+03
  -4.3485700e+03
  -4.3896900e+03
  -4.4734300e+03
  -4.3974300e+03
  -4.3363300e+03
  -4.3904300e+03
  -4.4696000e+03
  -4.4053200e+03
  -4.3419400e+03
  -4.3964200e+03
  -4.4850000e+03
  -4.4168800e+03
  -4.3671400e+03
  -4.4146000e+03
  -4.4868600e+03
  -4.4124800e+03
  -4.3544600e+03
  -4.3936100e+03
  -4.4683100e+03
  -4.3983500e+03
  -4.3490300e+03
  -4.3991300e+03
  -4.4736200e+03
  -4.4149900e+03
  -4.3893100e+03
  -4.3917500e+03
  -4.4728400e+03
  -4.4200300e+03
  -4.3912900e+03
  -4.4409800e+03
  -4.5138500e+03
  -4.4447100e+03
  -4.4185900e+03
  -4.4589400e+03
  -4.5370100e+03
  -4.4662300e+03
  -4.4036500e+03
  -4.4363600e+03
  -4.5189400e+03
  -4.4430100e+03
  -4.3715600e+03
  -4.4405400e+03
  -4.4962200e+03
  -4.4312500e+03
  -4.3626500e+03
  -4.4282600e+03
  -4.5107400e+03
  -4.4350800e+03
  -4.3635400e+03
  -4.4172900e+03
  -4.4913900e+03
  -4.4246800e+03
  -4.3707700e+03
  -4.4181300e+03
  -4.4893900e+03
  -4.4195400e+03
  -4.3558800e+03
  -4.4136900e+03
  -4.4857600e+03
  -4.4199300e+03
  -4.3546600e+03
  -4.4115500e+03
  -4.4925000e+03
  -4.4063300e+03
  -4.3411400e+03
  -4.4104000e+03
  -4.4753800e+03
  -4.4143700e+03
  -4.3605700e+03
  -4.4191900e+03
  -4.4770100e+03
  -4.4214600e+03
  -4.3526400e+03
  -4.4066100e+03
  -4.4734600e+03
  -4.4124000e+03
  -4.3390100e+03
  -4.4056300e+03
  -4.4703800e+03
  -4.3937900e+03
  -4.3316500e+03
  -4.3849000e+03
  -4.4644500e+03
  -4.4017100e+03
  -4.3485600e+03
  -4.4129400e+03
  -4.4764300e+03
  -4.4079600e+03
  -4.3387700e+03
  -4.3952900e+03
  -4.4648000e+03
  -4.4000700e+03
  -4.3325000e+03
  -4.3948500e+03
  -4.4664300e+03
  -4.4082300e+03
  -4.3457800e+03
  -4.4147800e+03
  -4.4831400e+03
  -4.4093600e+03
  -4.3407500e+03
  -4.4134100e+03
  -4.4890400e+03
  -4.4238700e+03
  -4.3321200e+03
  -4.3919200e+03
  -4.4510500e+03
  -4.3737600e+03
  -4.3075100e+03
  -4.3718500e+03
  -4.4546000e+03
  -4.3897100e+03
  -4.3308500e+03
  -4.3972900e+03
  -4.4726200e+03
  -4.4016300e+03
  -4.3291600e+03
  -4.4052800e+03
  -4.4669600e+03
  -4.4076100e+03
  -4.3358200e+03
  -4.4080800e+03
  -4.4608800e+03
  -4.4032900e+03
  -4.3462400e+03
  -4.4198300e+03
  -4.4675200e+03
  -4.4126600e+03
  -4.3401000e+03
  -4.4061800e+03
  -4.4677900e+03
  -4.4039300e+03
  -4.3422600e+03
  -4.4060700e+03
  -4.4651900e+03
  -4.3894600e+03
  -4.3386800e+03
  -4.4036000e+03
  -4.4460700e+03
  -4.4035300e+03
  -4.3435200e+03
  -4.4026700e+03
  -4.4618900e+03
  -4.3976900e+03
  -4.3337500e+03
  -4.4135500e+03
  -4.4742100e+03
  -4.4085500e+03
  -4.3429700e+03
  -4.4089700e+03
  -4.4600300e+03
  -4.3963900e+03
  -4.3377200e+03
  -4.4129900e+03
  -4.4720600e+03
  -4.4127500e+03
  -4.3418400e+03
  -4.4070900e+03
  -4.4666500e+03
  -4.4044100e+03
  -4.3323700e+03
  -4.4190600e+03
  -4.4739300e+03
  -4.3951800e+03
  -4.3548400e+03
  -4.4256200e+03
  -4.4583700e+03
  -4.4039700e+03
  -4.3585000e+03
  -4.4255600e+03
  -4.4764100e+03
  -4.4147200e+03
  -4.3383000e+03
  -4.4261400e+03
  -4.4805900e+03
  -4.4178000e+03
  -4.3418700e+03
  -4.4185500e+03
  -4.4734400e+03
  -4.4124200e+03
  -4.3399500e+03
  -4.4145600e+03
  -4.4689600e+03
  -4.4126800e+03
  -4.3567700e+03
  -4.4351100e+03
  -4.4843900e+03
  -4.4134600e+03
  -4.3335500e+03
  -4.4057000e+03
  -4.4564500e+03
  -4.3952600e+03
  -4.3389300e+03
  -4.4189100e+03
  -4.4770400e+03
  -4.4180900e+03
  -4.3609600e+03
  -4.4338700e+03
  -4.4694900e+03
  -4.4059800e+03
  -4.3395700e+03
  -4.4244700e+03
  -4.4609400e+03
  -4.4194600e+03
  -4.3382800e+03
  -4.4202300e+03
  -4.4744400e+03
  -4.4109100e+03
  -4.3432200e+03
  -4.4213700e+03
  -4.4600400e+03
  -4.3956500e+03
  -4.3340600e+03
  -4.4208700e+03
  -4.4762000e+03
  -4.4209300e+03
  -4.3433200e+03
  -4.4388100e+03
  -4.4802600e+03
  -4.4152800e+03
  -4.3483500e+03
  -4.4293200e+03
  -4.4738300e+03
  -4.4010200e+03
  -4.3403800e+03
  -4.4338500e+03
  -4.4683200e+03
  -4.4123300e+03
  -4.3391100e+03
  -4.4193000e+03
  -4.4594400e+03
  -4.4007600e+03
  -4.3351100e+03
  -4.4311600e+03
  -4.4837800e+03
  -4.4167700e+03
  -4.3546000e+03
  -4.4260000e+03
  -4.4678300e+03
  -4.3982000e+03
  -4.3343900e+03
  -4.4156700e+03
  -4.4664200e+03
  -4.3958700e+03
  -4.3405400e+03
  -4.4262600e+03
  -4.4688900e+03
  -4.3990000e+03
  -4.3448500e+03
  -4.4335400e+03
  -4.4677400e+03
  -4.4043000e+03
  -4.3359400e+03
  -4.4293900e+03
  -4.4686300e+03
  -4.4087800e+03
  -4.3351900e+03
  -4.4349800e+03
  -4.4634300e+03
  -4.4055500e+03
  -4.3408600e+03
  -4.4313800e+03
  -4.4746000e+03
  -4.4094100e+03
  -4.3347000e+03
  -4.4318300e+03
  -4.4614000e+03
  -4.4091100e+03
  -4.3429000e+03
  -4.4450600e+03
  -4.4643200e+03
  -4.4022700e+03
  -4.3356500e+03
  -4.4251500e+03
  -4.4591100e+03
  -4.4085300e+03
  -4.3377500e+03
  -4.4230300e+03
  -4.4556400e+03
  -4.4010800e+03
  -4.3317800e+03
  -4.4249900e+03
  -4.4537400e+03
  -4.3923200e+03
  -4.3398200e+03
  -4.4359200e+03
  -4.4571800e+03
  -4.4015100e+03
  -4.3321300e+03
  -4.4197100e+03
  -4.4490200e+03
  -4.3896000e+03
  -4.3205600e+03
  -4.4289700e+03
  -4.4694500e+03
  -4.4048400e+03
  -4.3358900e+03
  -4.4401100e+03
  -4.4606800e+03
  -4.4099100e+03
  -4.3411200e+03
  -4.4208500e+03
  -4.4579300e+03
  -4.3952700e+03
  -4.3343700e+03
  -4.4369700e+03
  -4.4644900e+03
  -4.4109200e+03
  -4.3336400e+03
  -4.4332800e+03
  -4.4592600e+03
  -4.4017900e+03
  -4.3339700e+03
  -4.4384000e+03
  -4.4541000e+03
  -4.3963000e+03
  -4.3345000e+03
  -4.4353400e+03
  -4.4590200e+03
  -4.4011000e+03
  -4.3356500e+03
  -4.4410500e+03
  -4.4553100e+03
  -4.4074300e+03
  -4.3312400e+03
  -4.4420800e+03
  -4.4651800e+03
  -4.4007400e+03
  -4.3247800e+03
  -4.4396000e+03
  -4.4628400e+03
  -4.4014000e+03
  -4.3320600e+03
  -4.4337400e+03
  -4.4531800e+03
  -4.4003500e+03
  -4.3377100e+03
  -4.4299600e+03
  -4.4533300e+03
  -4.3958000e+03
  -4.3176000e+03
  -4.4266300e+03
  -4.4548000e+03
  -4.3893100e+03
  -4.3300700e+03
  -4.4338900e+03
  -4.4483900e+03
  -4.4029300e+03
  -4.3413800e+03
  -4.4406800e+03
  -4.4643400e+03
  -4.4063700e+03
  -4.3399100e+03
  -4.4455500e+03
  -4.4705300e+03
  -4.4242200e+03
  -4.3598200e+03
  -4.4624900e+03
  -4.4806100e+03
  -4.4098800e+03
  -4.3341300e+03
  -4.4250700e+03
  -4.4508800e+03
  -4.3958100e+03
  -4.3300000e+03
  -4.4510300e+03
  -4.4541900e+03
  -4.4052500e+03
  -4.3460800e+03
  -4.4484900e+03
  -4.4640200e+03
  -4.4090800e+03
  -4.3273900e+03
  -4.4501200e+03
  -4.4652300e+03
  -4.3950200e+03
  -4.3364300e+03
  -4.4516500e+03
  -4.4679600e+03
  -4.4045200e+03
  -4.3370500e+03
  -4.4402400e+03
  -4.4545900e+03
  -4.4012800e+03
  -4.3383600e+03
  -4.4458000e+03
  -4.4694400e+03
  -4.4198500e+03
  -4.3470400e+03
  -4.4576600e+03
  -4.4647500e+03
  -4.3969900e+03
  -4.3323300e+03
  -4.4420400e+03
  -4.4730100e+03
  -4.4105600e+03
  -4.3452800e+03
  -4.4493900e+03
  -4.4669800e+03
  -4.4168000e+03
  -4.3390700e+03
  -4.4418000e+03
  -4.4558200e+03
  -4.4048100e+03
  -4.3390500e+03
  -4.4573200e+03
  -4.4552000e+03
  -4.4135800e+03
  -4.3373600e+03
  -4.4457200e+03
  -4.4570000e+03
  -4.3922300e+03
  -4.3320800e+03
  -4.4369200e+03
  -4.4653100e+03
  -4.4215100e+03
  -4.3416700e+03
  -4.4339200e+03
  -4.4540900e+03
  -4.3915500e+03
  -4.3182600e+03
  -4.4473200e+03
  -4.4545100e+03
  -4.4099800e+03
  -4.3394100e+03
  -4.4477400e+03
  -4.4596900e+03
  -4.4085900e+03
  -4.3438900e+03
  -4.4483400e+03
  -4.4462800e+03
  -4.3971800e+03
  -4.3186800e+03
  -4.4420800e+03
  -4.4627000e+03
  -4.3999000e+03
  -4.3400500e+03
  -4.4545000e+03
  -4.4492600e+03
  -4.3934100e+03
  -4.3170600e+03
  -4.4464900e+03
  -4.4520600e+03
  -4.4028500e+03
  -4.3283700e+03
  -4.4323800e+03
  -4.4428800e+03
  -4.3923200e+03
  -4.3190900e+03
  -4.4497000e+03
  -4.4405200e+03
  -4.3931100e+03
  -4.3317300e+03
  -4.4431200e+03
  -4.4425900e+03
  -4.3990300e+03
  -4.3228100e+03
  -4.4485000e+03
  -4.4581200e+03
  -4.3991100e+03
  -4.3442900e+03
  -4.4519100e+03
  -4.4649900e+03
  -4.4054700e+03
  -4.3420000e+03
  -4.4457700e+03
  -4.4487400e+03
  -4.4005400e+03
  -4.3326500e+03
  -4.4550700e+03
  -4.4480100e+03
  -4.3951300e+03
  -4.3255000e+03
  -4.4594200e+03
  -4.4465000e+03
  -4.4035800e+03
  -4.3333200e+03
  -4.4538300e+03
  -4.4402900e+03
  -4.4130100e+03
  -4.3372800e+03
  -4.4464900e+03
  -4.4630100e+03
  -4.4349300e+03
  -4.3504600e+03
  -4.4346300e+03
  -4.4342700e+03
  -4.3665700e+03
  -4.3093100e+03
  -4.4173100e+03
  -4.3988200e+03
  -4.3817200e+03
  -4.2945600e+03
  -4.4137100e+03
  -4.4118800e+03
  -4.3679600e+03
  -4.3029300e+03
  -4.4461900e+03
  -4.4353500e+03
  -4.3854900e+03
  -4.3149600e+03
  -4.4496000e+03
  -4.4420300e+03
  -4.3923100e+03
  -4.3289800e+03
  -4.4521600e+03
  -4.4496600e+03
  -4.3946900e+03
  -4.3396200e+03
  -4.4592800e+03
  -4.4453000e+03
  -4.3908300e+03
  -4.3333200e+03
  -4.4484800e+03
  -4.4455400e+03
  -4.4102800e+03
  -4.3316600e+03
  -4.4503100e+03
  -4.4395800e+03
  -4.3940400e+03
  -4.3324200e+03
  -4.4649500e+03
  -4.4626200e+03
  -4.4095700e+03
  -4.3431800e+03
  -4.4501900e+03
  -4.4452300e+03
  -4.3906900e+03
  -4.3342600e+03
  -4.4612300e+03
  -4.4523800e+03
  -4.4002000e+03
  -4.3410000e+03
  -4.4629300e+03
  -4.4521000e+03
  -4.4053800e+03
  -4.3380800e+03
  -4.4563500e+03
  -4.4472000e+03
  -4.3928200e+03
  -4.3310200e+03
  -4.4590300e+03
  -4.4537200e+03
  -4.3998600e+03
  -4.3361900e+03
  -4.4591200e+03
  -4.4380000e+03
  -4.3714500e+03
  -4.3254000e+03
  -4.4584600e+03
  -4.4451100e+03
  -4.4008700e+03
  -4.3311700e+03
  -4.4516500e+03
  -4.4376100e+03
  -4.3897300e+03
  -4.3337700e+03
  -4.4692500e+03
  -4.4432000e+03
  -4.3907200e+03
  -4.3334400e+03
  -4.4624600e+03
  -4.4514700e+03
  -4.3989900e+03
  -4.3466200e+03
  -4.4508100e+03
  -4.4428600e+03
  -4.4003600e+03
  -4.3373500e+03
  -4.4555900e+03
  -4.4355500e+03
  -4.3833700e+03
  -4.3325100e+03
  -4.4525600e+03
  -4.4277900e+03
  -4.3901100e+03
  -4.3298600e+03
  -4.4582000e+03
  -4.4323700e+03
  -4.3845700e+03
  -4.3285800e+03
  -4.4646800e+03
  -4.4452600e+03
  -4.3992300e+03
  -4.3305200e+03
  -4.4707000e+03
  -4.4453600e+03
  -4.3981700e+03
  -4.3487300e+03
  -4.4670400e+03
  -4.4324700e+03
  -4.3880300e+03
  -4.3319400e+03
  -4.4622900e+03
  -4.4361300e+03
  -4.3979400e+03
  -4.3396200e+03
  -4.4514900e+03
  -4.4300400e+03
  -4.3810300e+03
  -4.3308000e+03
  -4.4670200e+03
  -4.4356600e+03
  -4.3870500e+03
  -4.3355000e+03
  -4.4739900e+03
  -4.4397100e+03
  -4.3866200e+03
  -4.3435900e+03
  -4.4672400e+03
  -4.4397000e+03
  -4.3933600e+03
  -4.3387800e+03
  -4.4569600e+03
  -4.4359900e+03
  -4.3976400e+03
  -4.3323700e+03
  -4.4749900e+03
  -4.4508300e+03
  -4.3930500e+03
  -4.3438800e+03
  -4.4585300e+03
  -4.4378700e+03
  -4.3934600e+03
  -4.3402300e+03
  -4.4746700e+03
  -4.4390800e+03
  -4.3955300e+03
  -4.3303500e+03
  -4.4827000e+03
  -4.4488200e+03
  -4.4019800e+03
  -4.3363300e+03
  -4.4770800e+03
  -4.4508400e+03
  -4.4060700e+03
  -4.3458700e+03
  -4.4711100e+03
  -4.4408400e+03
  -4.4001900e+03
  -4.3545200e+03
  -4.4772800e+03
  -4.4377100e+03
  -4.3986000e+03
  -4.3475200e+03
  -4.4734800e+03
  -4.4339100e+03
  -4.3923400e+03
  -4.3243800e+03
  -4.4601000e+03
  -4.4274800e+03
  -4.3767900e+03
  -4.3326900e+03
  -4.4629700e+03
  -4.4392500e+03
  -4.3974100e+03
  -4.3296600e+03
  -4.4562200e+03
  -4.4342000e+03
  -4.3971700e+03
  -4.3493700e+03
  -4.4865000e+03
  -4.4454600e+03
  -4.3952000e+03
  -4.3353300e+03
  -4.4673600e+03
  -4.4408500e+03
  -4.3931000e+03
  -4.3384700e+03
  -4.4687500e+03
  -4.4281100e+03
  -4.3835600e+03
  -4.3351000e+03
  -4.4818300e+03
  -4.4237100e+03
  -4.3808800e+03
  -4.3278100e+03
  -4.4622200e+03
  -4.4106600e+03
  -4.3777700e+03
  -4.3254300e+03
  -4.4575000e+03
  -4.4332100e+03
  -4.3798100e+03
  -4.3276600e+03
  -4.4693300e+03
  -4.4339900e+03
  -4.3837300e+03
  -4.3382100e+03
  -4.4813800e+03
  -4.4249600e+03
  -4.3930500e+03
  -4.3379800e+03
  -4.4742400e+03
  -4.4377800e+03
  -4.3915800e+03
  -4.3408600e+03
  -4.4659800e+03
  -4.4335600e+03
  -4.4025300e+03
  -4.3447500e+03
  -4.4774600e+03
  -4.4239300e+03
  -4.3874800e+03
  -4.3315900e+03
  -4.4814700e+03
  -4.4294400e+03
  -4.4002800e+03
  -4.3427000e+03
  -4.4716600e+03
  -4.4371700e+03
  -4.3991200e+03
  -4.3485800e+03
  -4.4734200e+03
  -4.4453500e+03
  -4.3865400e+03
  -4.3388100e+03
  -4.4742000e+03
  -4.4407600e+03
  -4.3879700e+03
  -4.3448400e+03
  -4.4677800e+03
  -4.4325100e+03
  -4.3962700e+03
  -4.3472600e+03
  -4.4932500e+03
  -4.4472600e+03
  -4.3920400e+03
  -4.3512500e+03
  -4.4939200e+03
  -4.4446000e+03
  -4.3996700e+03
  -4.3395900e+03
  -4.4795800e+03
  -4.4344600e+03
  -4.3874900e+03
  -4.3476700e+03
  -4.4791300e+03
  -4.4399600e+03
  -4.3909300e+03
  -4.3458000e+03
  -4.4726600e+03
  -4.4365800e+03
  -4.3827000e+03
  -4.3365700e+03
  -4.4697100e+03
  -4.4410900e+03
  -4.3924600e+03
  -4.3483800e+03
  -4.4794800e+03
  -4.4427200e+03
  -4.3770200e+03
  -4.3298800e+03
  -4.4718500e+03
  -4.4245400e+03
  -4.4056200e+03
  -4.3541400e+03
  -4.4845100e+03
  -4.4335500e+03
  -4.3866900e+03
  -4.3506800e+03
  -4.4825000e+03
  -4.4452600e+03
  -4.3939300e+03
  -4.3482900e+03
  -4.4857700e+03
  -4.4309300e+03
  -4.3942800e+03
  -4.3408300e+03
  -4.4902000e+03
  -4.4305400e+03
  -4.3806500e+03
  -4.3418800e+03
  -4.4779000e+03
  -4.4195200e+03
  -4.3927600e+03
  -4.3418800e+03
  -4.4685500e+03
  -4.4226100e+03
  -4.3730500e+03
  -4.3314600e+03
  -4.4704800e+03
  -4.4227700e+03
  -4.3834800e+03
  -4.3452300e+03
  -4.4759400e+03
  -4.4275000e+03
  -4.3909600e+03
  -4.3537700e+03
  -4.4822800e+03
  -4.4363800e+03
  -4.3836500e+03
  -4.3376200e+03
  -4.4772000e+03
  -4.4329200e+03
  -4.3837700e+03
  -4.3403300e+03
  -4.4825500e+03
  -4.4309100e+03
  -4.3723700e+03
  -4.3406300e+03
  -4.4809600e+03
  -4.4366200e+03
  -4.3872200e+03
  -4.3422100e+03
  -4.4771200e+03
  -4.4199400e+03
  -4.3740300e+03
  -4.3393600e+03
  -4.4789200e+03
  -4.4239700e+03
  -4.3729300e+03
  -4.3475900e+03
  -4.4803300e+03
  -4.4183900e+03
  -4.3808200e+03
  -4.3376400e+03
  -4.4889300e+03
  -4.4383100e+03
  -4.3969600e+03
  -4.3426600e+03
  -4.4842500e+03
  -4.4294400e+03
  -4.3662700e+03
  -4.3430400e+03
  -4.4862600e+03
  -4.4252300e+03
  -4.3767400e+03
  -4.3421600e+03
  -4.4949000e+03
  -4.4383700e+03
  -4.3795900e+03
  -4.3524500e+03
  -4.4887700e+03
  -4.4352500e+03
  -4.3763400e+03
  -4.3494700e+03
  -4.4817400e+03
  -4.4239000e+03
  -4.3795700e+03
  -4.3498600e+03
  -4.4889300e+03
  -4.4351000e+03
  -4.3781100e+03
  -4.3473200e+03
  -4.4864100e+03
  -4.4310200e+03
  -4.3742000e+03
  -4.3509400e+03
  -4.4838200e+03
  -4.4315700e+03
  -4.3793500e+03
  -4.3509100e+03
  -4.4794700e+03
  -4.4234800e+03
  -4.3806100e+03
  -4.3408300e+03
  -4.4878700e+03
  -4.4244900e+03
  -4.3768300e+03
  -4.3576800e+03
  -4.4775900e+03
  -4.4205800e+03
  -4.3718500e+03
  -4.3365000e+03
  -4.4745700e+03
  -4.4218700e+03
  -4.3747100e+03
  -4.3407600e+03
  -4.4822800e+03
  -4.4211200e+03
  -4.3810000e+03
  -4.3589400e+03
  -4.4780600e+03
  -4.4288800e+03
  -4.3806500e+03
  -4.3551000e+03
  -4.4724100e+03
  -4.4322700e+03
  -4.3803500e+03
  -4.3541600e+03
  -4.4807700e+03
  -4.4249700e+03
  -4.3876600e+03
  -4.3514100e+03
  -4.4743300e+03
  -4.4226000e+03
  -4.3756100e+03
  -4.3597000e+03
  -4.4946400e+03
  -4.4273000e+03
  -4.3810900e+03
  -4.3519400e+03
  -4.4923900e+03
  -4.4288300e+03
  -4.3764600e+03
  -4.3693500e+03
  -4.4964800e+03
  -4.4259500e+03
  -4.3745600e+03
  -4.3560200e+03
  -4.4835500e+03
  -4.4337300e+03
  -4.3924200e+03
  -4.3429200e+03
  -4.4702500e+03
  -4.4344400e+03
  -4.3777300e+03
  -4.3690500e+03
  -4.4804300e+03
  -4.4092400e+03
  -4.3681500e+03
  -4.3568200e+03
  -4.4909700e+03
  -4.4152900e+03
  -4.3646000e+03
  -4.3491500e+03
  -4.4851100e+03
  -4.4135500e+03
  -4.3682800e+03
  -4.3480100e+03
  -4.4840100e+03
  -4.4243700e+03
  -4.3713600e+03
  -4.3543700e+03
  -4.4835100e+03
  -4.4232300e+03
  -4.3803200e+03
  -4.3583100e+03
  -4.4987200e+03
  -4.4240300e+03
  -4.3879500e+03
  -4.3707400e+03
  -4.4920400e+03
  -4.4273500e+03
  -4.3721800e+03
  -4.3580900e+03
  -4.4813800e+03
  -4.4266000e+03
  -4.3785600e+03
  -4.3598000e+03
  -4.4864100e+03
  -4.4273500e+03
  -4.3691900e+03
  -4.3577300e+03
  -4.4879200e+03
  -4.4281400e+03
  -4.3697300e+03
  -4.3561400e+03
  -4.4862900e+03
  -4.4226200e+03
  -4.3806500e+03
  -4.3654100e+03
  -4.4888300e+03
  -4.4252000e+03
  -4.3732400e+03
  -4.3532700e+03
  -4.4807300e+03
  -4.4160600e+03
  -4.3586800e+03
  -4.3564200e+03
  -4.4716500e+03
  -4.3981100e+03
  -4.3556600e+03
  -4.3729700e+03
  -4.4851700e+03
  -4.4192700e+03
  -4.3709700e+03
  -4.3443300e+03
  -4.4714400e+03
  -4.4165600e+03
  -4.3768500e+03
  -4.3673200e+03
  -4.4934500e+03
  -4.4176100e+03
  -4.3675600e+03
  -4.3595400e+03
  -4.4763500e+03
  -4.4230300e+03
  -4.3740900e+03
  -4.3707300e+03
  -4.4976800e+03
  -4.4231400e+03
  -4.3686800e+03
  -4.3626400e+03
  -4.4785600e+03
  -4.4264400e+03
  -4.3685200e+03
  -4.3623500e+03
  -4.4798700e+03
  -4.4138700e+03
  -4.3731700e+03
  -4.3729600e+03
  -4.4904800e+03
  -4.4221700e+03
  -4.3675700e+03
  -4.3699500e+03
  -4.4798200e+03
  -4.4190400e+03
  -4.3661200e+03
  -4.3707600e+03
  -4.4881000e+03
  -4.4090700e+03
  -4.3606000e+03
  -4.3629300e+03
  -4.4753400e+03
  -4.4079900e+03
  -4.3576000e+03
  -4.3646300e+03
  -4.4805800e+03
  -4.4129100e+03
  -4.3681300e+03
  -4.3799700e+03
  -4.4948300e+03
  -4.4308100e+03
  -4.3715400e+03
  -4.3727600e+03
  -4.4840100e+03
  -4.4123700e+03
  -4.3779600e+03
  -4.3869800e+03
  -4.5066800e+03
  -4.4322600e+03
  -4.3746300e+03
  -4.3870200e+03
  -4.4975000e+03
  -4.4217200e+03
  -4.3661800e+03
  -4.3889200e+03
  -4.4817400e+03
  -4.3973500e+03
  -4.3492700e+03
  -4.3583900e+03
  -4.4757500e+03
  -4.4110400e+03
  -4.3423500e+03
  -4.3724000e+03
  -4.4897300e+03
  -4.4201100e+03
  -4.3659100e+03
  -4.3754200e+03
  -4.4925900e+03
  -4.4289000e+03
  -4.3641500e+03
  -4.3863400e+03
  -4.4920700e+03
  -4.4203400e+03
  -4.3615000e+03
  -4.3725400e+03
  -4.4952900e+03
  -4.4219600e+03
  -4.3615400e+03
  -4.3692100e+03
  -4.4850900e+03
  -4.4134600e+03
  -4.3639300e+03
  -4.3740100e+03
  -4.4847900e+03
  -4.4272600e+03
  -4.3684400e+03
  -4.3966500e+03
  -4.5004300e+03
  -4.4270600e+03
  -4.3705400e+03
  -4.3829100e+03
  -4.4916600e+03
  -4.4236900e+03
  -4.3772500e+03
  -4.3814400e+03
  -4.4917200e+03
  -4.4263200e+03
  -4.3800800e+03
  -4.3929800e+03
  -4.4954600e+03
  -4.4266600e+03
  -4.3758300e+03
  -4.3934200e+03
  -4.4882400e+03
  -4.4133600e+03
  -4.3550600e+03
  -4.3808800e+03
  -4.4875300e+03
  -4.4145700e+03
  -4.3565500e+03
  -4.3757300e+03
  -4.4752300e+03
  -4.4194200e+03
  -4.3587800e+03
  -4.3770700e+03
  -4.4845100e+03
  -4.4140600e+03
  -4.3660300e+03
  -4.3845500e+03
  -4.4909300e+03
  -4.4214400e+03
  -4.3631800e+03
  -4.3921300e+03
  -4.4880300e+03
  -4.4145000e+03
  -4.3582500e+03
  -4.3804000e+03
  -4.4811400e+03
  -4.4005400e+03
  -4.3454200e+03
  -4.3729500e+03
  -4.4820800e+03
  -4.4136800e+03
  -4.3585300e+03
  -4.3975200e+03
  -4.4957300e+03
  -4.4264900e+03
  -4.3554900e+03
  -4.3785100e+03
  -4.4782200e+03
  -4.4141000e+03
  -4.3464700e+03
  -4.3746000e+03
  -4.4873400e+03
  -4.4046200e+03
  -4.3473400e+03
  -4.3778100e+03
  -4.4808300e+03
  -4.4100100e+03
  -4.3565500e+03
  -4.3753500e+03
  -4.4764300e+03
  -4.4201600e+03
  -4.3518900e+03
  -4.3833900e+03
  -4.4889900e+03
  -4.4243900e+03
  -4.3541900e+03
  -4.3872500e+03
  -4.4752600e+03
  -4.4082400e+03
  -4.3264900e+03
  -4.3629900e+03
  -4.4656500e+03
  -4.4067700e+03
  -4.3531100e+03
  -4.3846900e+03
  -4.4902600e+03
  -4.4178200e+03
  -4.3744500e+03
  -4.4008700e+03
  -4.4992300e+03
  -4.4270900e+03
  -4.3686200e+03
  -4.4083300e+03
  -4.4971600e+03
  -4.4371600e+03
  -4.3693200e+03
  -4.4035600e+03
  -4.4906900e+03
  -4.4172700e+03
  -4.3540700e+03
  -4.3981700e+03
  -4.4856400e+03
  -4.4207200e+03
  -4.3363100e+03
  -4.3674300e+03
  -4.4611500e+03
  -4.4064800e+03
  -4.3479300e+03
  -4.3879300e+03
  -4.4751800e+03
  -4.4143000e+03
  -4.3498100e+03
  -4.3879000e+03
  -4.4775900e+03
  -4.4104300e+03
  -4.3534700e+03
  -4.3889400e+03
  -4.4769600e+03
  -4.4096500e+03
  -4.3515100e+03
  -4.3873400e+03
  -4.4666500e+03
  -4.4160500e+03
  -4.3390800e+03
  -4.3988400e+03
  -4.4904500e+03
  -4.4241200e+03
  -4.3601700e+03
  -4.4017000e+03
  -4.4819900e+03
  -4.4233100e+03
  -4.3588500e+03
  -4.4025700e+03
  -4.4829800e+03
  -4.4054400e+03
  -4.3455700e+03
  -4.3864000e+03
  -4.4756800e+03
  -4.4022900e+03
  -4.3444200e+03
  -4.3940800e+03
  -4.4858900e+03
  -4.4232200e+03
  -4.3507100e+03
  -4.4131000e+03
  -4.4789800e+03
  -4.4111900e+03
  -4.3388600e+03
  -4.3970300e+03
  -4.4710200e+03
  -4.4029500e+03
  -4.3465900e+03
  -4.3952600e+03
  -4.4799800e+03
  -4.4161600e+03
  -4.3497400e+03
  -4.4052800e+03
  -4.4822000e+03
  -4.4057300e+03
  -4.3480400e+03
  -4.3905500e+03
  -4.4723900e+03
  -4.4073400e+03
  -4.3457800e+03
  -4.4030200e+03
  -4.4754300e+03
  -4.4050600e+03
  -4.3364200e+03
  -4.3959700e+03
  -4.4766000e+03
  -4.4059400e+03
  -4.3499400e+03
  -4.4118100e+03
  -4.4937800e+03
  -4.4198600e+03
  -4.3572200e+03
  -4.4119800e+03
  -4.4836900e+03
  -4.4215000e+03
  -4.3512000e+03
  -4.4060500e+03
  -4.4692700e+03
  -4.3992200e+03
  -4.3313200e+03
  -4.3943100e+03
  -4.4656600e+03
  -4.4030200e+03
  -4.3412400e+03
  -4.4128200e+03
  -4.4874100e+03
  -4.4159900e+03
  -4.3471600e+03
  -4.4253700e+03
  -4.5168800e+03
  -4.4398800e+03
  -4.3333300e+03
  -4.4217700e+03
  -4.4768800e+03
  -4.3983100e+03
  -4.3300800e+03
  -4.3997200e+03
  -4.4671300e+03
  -4.4266400e+03
  -4.3527400e+03
  -4.4200200e+03
  -4.4976300e+03
  -4.4272600e+03
  -4.3518400e+03
  -4.4322000e+03
  -4.4984100e+03
  -4.4300100e+03
  -4.3681300e+03
  -4.4411100e+03
  -4.4928000e+03
  -4.4254100e+03
  -4.3487800e+03
  -4.4099900e+03
  -4.4726300e+03
  -4.4149700e+03
  -4.3508400e+03
  -4.4210000e+03
  -4.4871400e+03
  -4.4234600e+03
  -4.3575800e+03
  -4.4366000e+03
  -4.4870100e+03
  -4.4154700e+03
  -4.3512300e+03
  -4.4213600e+03
  -4.4793100e+03
  -4.4093500e+03
  -4.3476200e+03
  -4.4151500e+03
  -4.4829500e+03
  -4.4183000e+03
  -4.3497800e+03
  -4.4219900e+03
  -4.4622600e+03
  -4.4129700e+03
  -4.3462000e+03
  -4.4164600e+03
  -4.4716500e+03
  -4.4168700e+03
  -4.3514800e+03
  -4.4239000e+03
  -4.4724200e+03
  -4.4066600e+03
  -4.3289000e+03
  -4.4208500e+03
  -4.4725600e+03
  -4.4078100e+03
  -4.3508100e+03
  -4.4319500e+03
  -4.4737500e+03
  -4.3965800e+03
  -4.3366900e+03
  -4.4052900e+03
  -4.4630600e+03
  -4.4080400e+03
  -4.3426500e+03
  -4.4234100e+03
  -4.4722000e+03
  -4.4028100e+03
  -4.3436400e+03
  -4.4246700e+03
  -4.4642000e+03
  -4.4058600e+03
  -4.3419100e+03
  -4.4293800e+03
  -4.4815300e+03
  -4.4136400e+03
  -4.3413900e+03
  -4.4237800e+03
  -4.4692200e+03
  -4.4036900e+03
  -4.3371900e+03
  -4.4223500e+03
  -4.4564900e+03
  -4.3973600e+03
  -4.3392700e+03
  -4.4308800e+03
  -4.4742900e+03
  -4.4059000e+03
  -4.3391200e+03
  -4.4186500e+03
  -4.4662600e+03
  -4.3948000e+03
  -4.3288700e+03
  -4.4110000e+03
  -4.4716900e+03
  -4.4050400e+03
  -4.3430400e+03
  -4.4276300e+03
  -4.4671700e+03
  -4.4097200e+03
  -4.3410900e+03
  -4.4326700e+03
  -4.4730300e+03
  -4.4180700e+03
  -4.3565400e+03
  -4.4462700e+03
  -4.4827900e+03
  -4.4115200e+03
  -4.3414600e+03
  -4.4175000e+03
  -4.4599900e+03
  -4.3952800e+03
  -4.3266300e+03
  -4.4214700e+03
  -4.4567300e+03
  -4.4050100e+03
  -4.3310200e+03
  -4.4284800e+03
  -4.4658100e+03
  -4.3981200e+03
  -4.3267000e+03
  -4.4354600e+03
  -4.4696500e+03
  -4.4112500e+03
  -4.3360600e+03
  -4.4325400e+03
  -4.4614700e+03
  -4.4136500e+03
  -4.3505300e+03
  -4.4290300e+03
  -4.4680300e+03
  -4.4067300e+03
  -4.3366200e+03
  -4.4296000e+03
  -4.4718200e+03
  -4.4192600e+03
  -4.3427500e+03
  -4.4464000e+03
  -4.4766200e+03
  -4.4162600e+03
  -4.3372400e+03
  -4.4264400e+03
  -4.4631300e+03
  -4.4050100e+03
  -4.3242700e+03
  -4.4176200e+03
  -4.4554500e+03
  -4.4077300e+03
  -4.3398600e+03
  -4.4405100e+03
  -4.4636900e+03
  -4.3937600e+03
  -4.3435300e+03
  -4.4342600e+03
  -4.4646600e+03
  -4.3989900e+03
  -4.3313200e+03
  -4.4349400e+03
  -4.4690700e+03
  -4.3963500e+03
  -4.3357900e+03
  -4.4386800e+03
  -4.4674500e+03
  -4.4184900e+03
  -4.3376300e+03
  -4.4533400e+03
  -4.4668200e+03
  -4.4054500e+03
  -4.3402400e+03
  -4.4433400e+03
  -4.4565300e+03
  -4.3997000e+03
  -4.3366400e+03
  -4.4382000e+03
  -4.4591000e+03
  -4.3960900e+03
  -4.3441400e+03
  -4.4450300e+03
  -4.4618900e+03
  -4.4157700e+03
  -4.3414900e+03
  -4.4420300e+03
  -4.4449400e+03
  -4.3944100e+03
  -4.3300500e+03
  -4.4373300e+03
  -4.4592100e+03
  -4.4046000e+03
  -4.3429900e+03
  -4.4660000e+03
  -4.4628100e+03
  -4.3866300e+03
  -4.3369000e+03
  -4.4527700e+03
  -4.4655100e+03
  -4.4058900e+03
  -4.3346200e+03
  -4.4373100e+03
  -4.4582000e+03
  -4.4049200e+03
  -4.3406000e+03
  -4.4432600e+03
  -4.4546300e+03
  -4.3958100e+03
  -4.3416600e+03
  -4.4404100e+03
  -4.4428000e+03
  -4.3920700e+03
  -4.3320200e+03
  -4.4350600e+03
  -4.4493500e+03
  -4.4025000e+03
  -4.3429100e+03
  -4.4535600e+03
  -4.4654100e+03
  -4.4067800e+03
  -4.3469300e+03
  -4.4653700e+03
  -4.4562900e+03
  -4.3991700e+03
  -4.3246200e+03
  -4.4503800e+03
  -4.4449800e+03
  -4.4072900e+03
  -4.3324500e+03
  -4.4568300e+03
  -4.4717600e+03
  -4.4143100e+03
  -4.3411900e+03
  -4.4484100e+03
  -4.4488700e+03
  -4.3931000e+03
  -4.3320400e+03
  -4.4433500e+03
  -4.4470200e+03
  -4.4059600e+03
  -4.3468900e+03
  -4.4632300e+03
  -4.4585200e+03
  -4.4015400e+03
  -4.3251200e+03
  -4.4474300e+03
  -4.4514300e+03
  -4.4055300e+03
  -4.3279500e+03
  -4.4492300e+03
  -4.4472200e+03
  -4.3942200e+03
  -4.3395400e+03
  -4.4619500e+03
  -4.4533900e+03
  -4.3910100e+03
  -4.3267000e+03
  -4.4593100e+03
  -4.4556000e+03
  -4.3964500e+03
  -4.3348900e+03
  -4.4658000e+03
  -4.4638400e+03
  -4.3981400e+03
  -4.3321200e+03
  -4.4626700e+03
  -4.4541300e+03
  -4.4083500e+03
  -4.3440200e+03
  -4.4677300e+03
  -4.4566500e+03
  -4.3910400e+03
  -4.3383100e+03
  -4.4534200e+03
  -4.4562100e+03
  -4.4091700e+03
  -4.3417100e+03
  -4.4450800e+03
  -4.4371900e+03
  -4.3859100e+03
  -4.3235300e+03
  -4.4524800e+03
  -4.4347500e+03
  -4.3829000e+03
  -4.3359900e+03
  -4.4596400e+03
  -4.4368700e+03
  -4.3987200e+03
  -4.3405700e+03
  -4.4624400e+03
  -4.4475400e+03
  -4.4030000e+03
  -4.3458300e+03
  -4.4687300e+03
  -4.4457800e+03
  -4.4027800e+03
  -4.3294900e+03
  -4.4676500e+03
  -4.4383900e+03
  -4.4039900e+03
  -4.3348800e+03
  -4.4718900e+03
  -4.4516100e+03
  -4.4084400e+03
  -4.3388100e+03
  -4.4631100e+03
  -4.4575700e+03
  -4.4061600e+03
  -4.3534800e+03
  -4.4972800e+03
  -4.4474600e+03
  -4.3901100e+03
  -4.3314900e+03
  -4.4568500e+03
  -4.4366600e+03
  -4.3900000e+03
  -4.3348600e+03
  -4.4677500e+03
  -4.4419900e+03
  -4.3979100e+03
  -4.3394800e+03
  -4.4690800e+03
  -4.4485000e+03
  -4.4024300e+03
  -4.3318400e+03
  -4.4657000e+03
  -4.4380500e+03
  -4.3850500e+03
  -4.3268800e+03
  -4.4690500e+03
  -4.4469500e+03
  -4.3934000e+03
  -4.3225600e+03
  -4.4622100e+03
  -4.4359600e+03
  -4.3849700e+03
  -4.3355500e+03
  -4.4639900e+03
  -4.4417300e+03
  -4.3801500e+03
  -4.3250600e+03
  -4.4671600e+03
  -4.4332800e+03
  -4.3929200e+03
  -4.3288800e+03
  -4.4526400e+03
  -4.4360800e+03
  -4.3906600e+03
  -4.3404200e+03
  -4.4837400e+03
  -4.4454600e+03
  -4.3959400e+03
  -4.3455200e+03
  -4.4615800e+03
  -4.4317500e+03
  -4.3891200e+03
  -4.3433300e+03
  -4.4657200e+03
  -4.4445200e+03
  -4.3986300e+03
  -4.3530300e+03
  -4.4864200e+03
  -4.4382600e+03
  -4.4001600e+03
  -4.3463600e+03
  -4.4623000e+03
  -4.4440500e+03
  -4.3810600e+03
  -4.3201200e+03
  -4.4653100e+03
  -4.4491100e+03
  -4.3914100e+03
  -4.3329900e+03
  -4.4766200e+03
  -4.4286400e+03
  -4.3929100e+03
  -4.3505700e+03
  -4.4674000e+03
  -4.4380300e+03
  -4.3914400e+03
  -4.3361600e+03
  -4.4806900e+03
  -4.4445900e+03
  -4.4019800e+03
  -4.3502300e+03
  -4.4785800e+03
  -4.4462900e+03
  -4.3940700e+03
  -4.3338700e+03
  -4.4633400e+03
  -4.4335300e+03
  -4.3948600e+03
  -4.3403600e+03
  -4.4777400e+03
  -4.4340600e+03
  -4.3874100e+03
  -4.3364500e+03
  -4.4701200e+03
  -4.4460500e+03
  -4.3975100e+03
  -4.3411100e+03
  -4.4754700e+03
  -4.4286200e+03
  -4.3943200e+03
  -4.3438600e+03
  -4.4749400e+03
  -4.4327600e+03
  -4.3909700e+03
  -4.3374600e+03
  -4.4702200e+03
  -4.4383300e+03
  -4.3894500e+03
  -4.3508600e+03
  -4.4795600e+03
  -4.4388400e+03
  -4.3848700e+03
  -4.3315600e+03
  -4.4875600e+03
  -4.4288400e+03
  -4.3787800e+03
  -4.3392500e+03
  -4.4655400e+03
  -4.4357700e+03
  -4.4001500e+03
  -4.3534900e+03
  -4.4879400e+03
  -4.4445400e+03
  -4.3848200e+03
  -4.3453800e+03
  -4.4703900e+03
  -4.4264700e+03
  -4.3871900e+03
  -4.3404100e+03
  -4.4848700e+03
  -4.4420300e+03
  -4.3859800e+03
  -4.3459000e+03
  -4.4774800e+03
  -4.4449800e+03
  -4.3938600e+03
  -4.3448800e+03
  -4.4814300e+03
  -4.4390200e+03
  -4.3938100e+03
  -4.3739500e+03
  -4.5288900e+03
  -4.4343300e+03
  -4.3677100e+03
  -4.3231700e+03
  -4.4558900e+03
  -4.4079100e+03
  -4.3477400e+03
  -4.3045700e+03
  -4.4304900e+03
  -4.3768600e+03
  -4.3259800e+03
  -4.3018200e+03
  -4.4416600e+03
  -4.3863700e+03
  -4.3497100e+03
  -4.3198600e+03
  -4.4344400e+03
  -4.4003600e+03
  -4.3589400e+03
  -4.3395100e+03
  -4.4670800e+03
  -4.4264400e+03
  -4.3795600e+03
  -4.3483200e+03
  -4.4767300e+03
  -4.4429200e+03
  -4.3898800e+03
  -4.3547200e+03
  -4.4877300e+03
  -4.4433300e+03
  -4.3937500e+03
  -4.3503200e+03
  -4.4934200e+03
  -4.4471400e+03
  -4.4071400e+03
  -4.3664200e+03
  -4.4965100e+03
  -4.4333500e+03
  -4.4000700e+03
  -4.3617700e+03
  -4.5098500e+03
  -4.4381800e+03
  -4.3896100e+03
  -4.3595800e+03
  -4.4882000e+03
  -4.4344900e+03
  -4.3888100e+03
  -4.3688800e+03
  -4.4926000e+03
  -4.4340800e+03
  -4.3853900e+03
  -4.3546200e+03
  -4.4915700e+03
  -4.4433200e+03
  -4.3818000e+03
  -4.3506500e+03
  -4.4955700e+03
  -4.4394900e+03
  -4.3927300e+03
  -4.3637500e+03
  -4.4876500e+03
  -4.4317200e+03
  -4.3723500e+03
  -4.3523800e+03
  -4.4851200e+03
  -4.4292600e+03
  -4.3759200e+03
  -4.3546800e+03
  -4.4890400e+03
  -4.4330000e+03
  -4.3830400e+03
  -4.3475000e+03
  -4.4751400e+03
  -4.4248200e+03
  -4.3827200e+03
  -4.3507200e+03
  -4.4772500e+03
  -4.4194800e+03
  -4.3770800e+03
  -4.3470500e+03
  -4.4895300e+03
  -4.4287100e+03
  -4.3769800e+03
  -4.3552500e+03
  -4.4962700e+03
  -4.4261100e+03
  -4.3721600e+03
  -4.3554400e+03
  -4.4954700e+03
  -4.4227000e+03
  -4.3692000e+03
  -4.3469800e+03
  -4.4852600e+03
  -4.4232600e+03
  -4.3779500e+03
  -4.3574300e+03
  -4.4957500e+03
  -4.4259000e+03
  -4.3844700e+03
  -4.3536000e+03
  -4.4810100e+03
  -4.4216900e+03
  -4.3655500e+03
  -4.3552500e+03
  -4.4849600e+03
  -4.4289800e+03
  -4.3681500e+03
  -4.3551700e+03
  -4.4806100e+03
  -4.4186600e+03
  -4.3686700e+03
  -4.3442900e+03
  -4.4800200e+03
  -4.4305700e+03
  -4.3840700e+03
  -4.3703300e+03
  -4.4946300e+03
  -4.4331000e+03
  -4.3767300e+03
  -4.3581000e+03
  -4.4903100e+03
  -4.4267200e+03
  -4.3794800e+03
  -4.3658200e+03
  -4.4965600e+03
  -4.4220700e+03
  -4.3580500e+03
  -4.3447900e+03
  -4.4902800e+03
  -4.4206600e+03
  -4.3675500e+03
  -4.3494000e+03
  -4.4864800e+03
  -4.4214500e+03
  -4.3748300e+03
  -4.3625600e+03
  -4.4868500e+03
  -4.4263400e+03
  -4.3714300e+03
  -4.3652000e+03
  -4.4913600e+03
  -4.4208000e+03
  -4.3831200e+03
  -4.3733100e+03
  -4.4957000e+03
  -4.4233800e+03
  -4.3813900e+03
  -4.3775400e+03
  -4.4906800e+03
  -4.4304700e+03
  -4.3670600e+03
  -4.3526100e+03
  -4.4743200e+03
  -4.4191900e+03
  -4.3600700e+03
  -4.3670200e+03
  -4.4958200e+03
  -4.4073300e+03
  -4.3711600e+03
  -4.3711400e+03
  -4.4834700e+03
  -4.4343300e+03
  -4.3641200e+03
  -4.3627000e+03
  -4.4834900e+03
  -4.4168500e+03
  -4.3737700e+03
  -4.3675700e+03
  -4.4855400e+03
  -4.4283500e+03
  -4.3797400e+03
  -4.3681500e+03
  -4.4951100e+03
  -4.4152500e+03
  -4.3670600e+03
  -4.3809100e+03
  -4.4849800e+03
  -4.4186700e+03
  -4.3543700e+03
  -4.3614900e+03
  -4.4784400e+03
  -4.4039500e+03
  -4.3614900e+03
  -4.3667100e+03
  -4.4822500e+03
  -4.4051500e+03
  -4.3742200e+03
  -4.3619800e+03
  -4.4880600e+03
  -4.4229600e+03
  -4.3649400e+03
  -4.3694000e+03
  -4.4840100e+03
  -4.4178700e+03
  -4.3644500e+03
  -4.3759000e+03
  -4.5090700e+03
  -4.4369400e+03
  -4.3770600e+03
  -4.3757100e+03
  -4.4835100e+03
  -4.4162100e+03
  -4.3623100e+03
  -4.3778800e+03
  -4.4958800e+03
  -4.4267000e+03
  -4.3742300e+03
  -4.3869600e+03
  -4.4996800e+03
  -4.4202000e+03
  -4.3727100e+03
  -4.3785700e+03
  -4.4877900e+03
  -4.4234300e+03
  -4.3647300e+03
  -4.3860300e+03
  -4.4988100e+03
  -4.4348000e+03
  -4.3644200e+03
  -4.3697100e+03
  -4.4889700e+03
  -4.4221400e+03
  -4.3626100e+03
  -4.3665000e+03
  -4.4791000e+03
  -4.4036100e+03
  -4.3586100e+03
  -4.3795600e+03
  -4.4902000e+03
  -4.4171100e+03
  -4.3570300e+03
  -4.3805200e+03
  -4.4964500e+03
  -4.4173800e+03
  -4.3651900e+03
  -4.3767900e+03
  -4.4818400e+03
  -4.4199600e+03
  -4.3567200e+03
  -4.3693200e+03
  -4.4878800e+03
  -4.4161900e+03
  -4.3511400e+03
  -4.3748900e+03
  -4.4929300e+03
  -4.4108100e+03
  -4.3575400e+03
  -4.3786800e+03
  -4.4894000e+03
  -4.4197200e+03
  -4.3729800e+03
  -4.3932800e+03
  -4.4854800e+03
  -4.4101500e+03
  -4.3489300e+03
  -4.3895300e+03
  -4.4812300e+03
  -4.4157900e+03
  -4.3529000e+03
  -4.3897500e+03
  -4.4850200e+03
  -4.4214500e+03
  -4.3578700e+03
  -4.3817400e+03
  -4.4865800e+03
  -4.4266400e+03
  -4.3596700e+03
  -4.3813500e+03
  -4.4888000e+03
  -4.4349500e+03
  -4.4095200e+03
  -4.3838100e+03
  -4.4665600e+03
  -4.3986700e+03
  -4.3153600e+03
  -4.3422300e+03
  -4.4393000e+03
  -4.3671500e+03
  -4.3147200e+03
  -4.3476300e+03
  -4.4550800e+03
  -4.3840500e+03
  -4.3473000e+03
  -4.3723200e+03
  -4.4926400e+03
  -4.4204900e+03
  -4.3597200e+03
  -4.3895200e+03
  -4.4910200e+03
  -4.4329400e+03
  -4.3653900e+03
  -4.3971500e+03
  -4.4916300e+03
  -4.4273300e+03
  -4.3608100e+03
  -4.3881400e+03
  -4.5004700e+03
  -4.4398700e+03
  -4.3796400e+03
  -4.4057400e+03
  -4.5116300e+03
  -4.4343100e+03
  -4.3687100e+03
  -4.4053000e+03
  -4.5061400e+03
  -4.4381100e+03
